cells,time,name,model_name,ID,dur
0.0,0.0,IL2,il2_menten_prolif,0,0.05
2.387653912205945e-07,0.01,IL2,il2_menten_prolif,0,0.05
3.7159907857375696e-06,0.02,IL2,il2_menten_prolif,0,0.05
1.8502819081742075e-05,0.03,IL2,il2_menten_prolif,0,0.05
5.7520738213224766e-05,0.04,IL2,il2_menten_prolif,0,0.05
0.00013814061923154896,0.05,IL2,il2_menten_prolif,0,0.05
0.00028179182800288754,0.06,IL2,il2_menten_prolif,0,0.05
0.0005135630389081164,0.07,IL2,il2_menten_prolif,0,0.05
0.0008618505967957689,0.08,IL2,il2_menten_prolif,0,0.05
0.0013580484751683686,0.09,IL2,il2_menten_prolif,0,0.05
0.002036217650761963,0.1,IL2,il2_menten_prolif,0,0.05
0.0029327822963643147,0.11,IL2,il2_menten_prolif,0,0.05
0.004086252709860594,0.12,IL2,il2_menten_prolif,0,0.05
0.005536975393579204,0.13,IL2,il2_menten_prolif,0,0.05
0.007326904637685352,0.14,IL2,il2_menten_prolif,0,0.05
0.009499397097290788,0.15,IL2,il2_menten_prolif,0,0.05
0.012099036574145803,0.16,IL2,il2_menten_prolif,0,0.05
0.015171485935938384,0.17,IL2,il2_menten_prolif,0,0.05
0.018763369981209737,0.18,IL2,il2_menten_prolif,0,0.05
0.022922201085991443,0.19,IL2,il2_menten_prolif,0,0.05
0.027696319744079875,0.2,IL2,il2_menten_prolif,0,0.05
0.03313485777690347,0.21,IL2,il2_menten_prolif,0,0.05
0.039287717709709326,0.22,IL2,il2_menten_prolif,0,0.05
0.04620556146477191,0.23,IL2,il2_menten_prolif,0,0.05
0.05393980014615599,0.24,IL2,il2_menten_prolif,0,0.05
0.06254258442920631,0.25,IL2,il2_menten_prolif,0,0.05
0.07206678225108099,0.26,IL2,il2_menten_prolif,0,0.05
0.08256594701615952,0.27,IL2,il2_menten_prolif,0,0.05
0.0940942743781377,0.28,IL2,il2_menten_prolif,0,0.05
0.10670654712165675,0.29,IL2,il2_menten_prolif,0,0.05
0.12045807051516998,0.3,IL2,il2_menten_prolif,0,0.05
0.13540459900280746,0.31,IL2,il2_menten_prolif,0,0.05
0.15160225589028614,0.32,IL2,il2_menten_prolif,0,0.05
0.16910745334476654,0.33,IL2,il2_menten_prolif,0,0.05
0.18797680491808094,0.34,IL2,il2_menten_prolif,0,0.05
0.208267043878289,0.35000000000000003,IL2,il2_menten_prolif,0,0.05
0.2300349530230928,0.36,IL2,il2_menten_prolif,0,0.05
0.25333728420572516,0.37,IL2,il2_menten_prolif,0,0.05
0.27823069336122536,0.38,IL2,il2_menten_prolif,0,0.05
0.3047716716896153,0.39,IL2,il2_menten_prolif,0,0.05
0.3330165009704243,0.4,IL2,il2_menten_prolif,0,0.05
0.36302119458021664,0.41000000000000003,IL2,il2_menten_prolif,0,0.05
0.39484146222366956,0.42,IL2,il2_menten_prolif,0,0.05
0.4285326697096422,0.43,IL2,il2_menten_prolif,0,0.05
0.4641498092564252,0.44,IL2,il2_menten_prolif,0,0.05
0.5017474787227852,0.45,IL2,il2_menten_prolif,0,0.05
0.5413798529269345,0.46,IL2,il2_menten_prolif,0,0.05
0.583100670460855,0.47000000000000003,IL2,il2_menten_prolif,0,0.05
0.6269632365804407,0.48,IL2,il2_menten_prolif,0,0.05
0.6730204142330425,0.49,IL2,il2_menten_prolif,0,0.05
0.7213245919883202,0.5,IL2,il2_menten_prolif,0,0.05
0.7719277156106514,0.51,IL2,il2_menten_prolif,0,0.05
0.8248812733498587,0.52,IL2,il2_menten_prolif,0,0.05
0.8802363061982043,0.53,IL2,il2_menten_prolif,0,0.05
0.9380434155931522,0.54,IL2,il2_menten_prolif,0,0.05
0.998352769696357,0.55,IL2,il2_menten_prolif,0,0.05
1.0612141177820553,0.56,IL2,il2_menten_prolif,0,0.05
1.1266767959838995,0.5700000000000001,IL2,il2_menten_prolif,0,0.05
1.1947897459163521,0.58,IL2,il2_menten_prolif,0,0.05
1.2656015272380359,0.59,IL2,il2_menten_prolif,0,0.05
1.3391603348239731,0.6,IL2,il2_menten_prolif,0,0.05
1.4155140143528813,0.61,IL2,il2_menten_prolif,0,0.05
1.4947100801634396,0.62,IL2,il2_menten_prolif,0,0.05
1.576795738467764,0.63,IL2,il2_menten_prolif,0,0.05
1.6618179036143554,0.64,IL2,il2_menten_prolif,0,0.05
1.7498232108411487,0.65,IL2,il2_menten_prolif,0,0.05
1.8408580483986505,0.66,IL2,il2_menten_prolif,0,0.05
1.9349685759296014,0.67,IL2,il2_menten_prolif,0,0.05
2.032200741164413,0.68,IL2,il2_menten_prolif,0,0.05
2.132600308086797,0.6900000000000001,IL2,il2_menten_prolif,0,0.05
2.2362128797601075,0.7000000000000001,IL2,il2_menten_prolif,0,0.05
2.3430839174873976,0.71,IL2,il2_menten_prolif,0,0.05
2.4532587672498813,0.72,IL2,il2_menten_prolif,0,0.05
2.566782685219169,0.73,IL2,il2_menten_prolif,0,0.05
2.683700859051216,0.74,IL2,il2_menten_prolif,0,0.05
2.8040584324819138,0.75,IL2,il2_menten_prolif,0,0.05
2.927900532846351,0.76,IL2,il2_menten_prolif,0,0.05
3.055272294987045,0.77,IL2,il2_menten_prolif,0,0.05
3.1862188859262677,0.78,IL2,il2_menten_prolif,0,0.05
3.320785532259456,0.79,IL2,il2_menten_prolif,0,0.05
3.4590175455555934,0.8,IL2,il2_menten_prolif,0,0.05
3.600960346680499,0.81,IL2,il2_menten_prolif,0,0.05
3.7466594941107303,0.8200000000000001,IL2,il2_menten_prolif,0,0.05
3.8961607101371483,0.8300000000000001,IL2,il2_menten_prolif,0,0.05
4.0495099058385176,0.84,IL2,il2_menten_prolif,0,0.05
4.206753209142929,0.85,IL2,il2_menten_prolif,0,0.05
4.367936992035866,0.86,IL2,il2_menten_prolif,0,0.05
4.5331078970002,0.87,IL2,il2_menten_prolif,0,0.05
4.702312863006904,0.88,IL2,il2_menten_prolif,0,0.05
4.875599154534833,0.89,IL2,il2_menten_prolif,0,0.05
5.053014388559273,0.9,IL2,il2_menten_prolif,0,0.05
5.234606560944634,0.91,IL2,il2_menten_prolif,0,0.05
5.420424074283789,0.92,IL2,il2_menten_prolif,0,0.05
5.610515766253387,0.93,IL2,il2_menten_prolif,0,0.05
5.804930936930173,0.9400000000000001,IL2,il2_menten_prolif,0,0.05
6.003719375652276,0.9500000000000001,IL2,il2_menten_prolif,0,0.05
6.206931389796868,0.96,IL2,il2_menten_prolif,0,0.05
6.414617832618225,0.97,IL2,il2_menten_prolif,0,0.05
6.626830131014599,0.98,IL2,il2_menten_prolif,0,0.05
6.843620313450768,0.99,IL2,il2_menten_prolif,0,0.05
7.065041038466307,1.0,IL2,il2_menten_prolif,0,0.05
7.291145622780304,1.01,IL2,il2_menten_prolif,0,0.05
7.521988069078032,1.02,IL2,il2_menten_prolif,0,0.05
7.7576230946370766,1.03,IL2,il2_menten_prolif,0,0.05
7.9981061598284064,1.04,IL2,il2_menten_prolif,0,0.05
8.243493496494956,1.05,IL2,il2_menten_prolif,0,0.05
8.49384213650039,1.06,IL2,il2_menten_prolif,0,0.05
8.749209940330571,1.07,IL2,il2_menten_prolif,0,0.05
9.00965562578029,1.08,IL2,il2_menten_prolif,0,0.05
9.275238796929282,1.09,IL2,il2_menten_prolif,0,0.05
9.546019972975694,1.1,IL2,il2_menten_prolif,0,0.05
9.822060617001737,1.11,IL2,il2_menten_prolif,0,0.05
10.10342316507273,1.12,IL2,il2_menten_prolif,0,0.05
10.390171055547716,1.1300000000000001,IL2,il2_menten_prolif,0,0.05
10.682368758452434,1.1400000000000001,IL2,il2_menten_prolif,0,0.05
10.98008180439182,1.1500000000000001,IL2,il2_menten_prolif,0,0.05
11.283376814085598,1.16,IL2,il2_menten_prolif,0,0.05
11.592321528209013,1.17,IL2,il2_menten_prolif,0,0.05
11.906984837854843,1.18,IL2,il2_menten_prolif,0,0.05
12.227436813114963,1.19,IL2,il2_menten_prolif,0,0.05
12.553748733341862,1.2,IL2,il2_menten_prolif,0,0.05
12.885993117420828,1.21,IL2,il2_menten_prolif,0,0.05
13.224243755183698,1.22,IL2,il2_menten_prolif,0,0.05
13.568575736370425,1.23,IL2,il2_menten_prolif,0,0.05
13.919065481400786,1.24,IL2,il2_menten_prolif,0,0.05
14.275790772214927,1.25,IL2,il2_menten_prolif,0,0.05
14.638830784511779,1.26,IL2,il2_menten_prolif,0,0.05
15.008266117537637,1.27,IL2,il2_menten_prolif,0,0.05
15.384178825280454,1.28,IL2,il2_menten_prolif,0,0.05
15.766652448064193,1.29,IL2,il2_menten_prolif,0,0.05
16.15577204594026,1.3,IL2,il2_menten_prolif,0,0.05
16.551624229500362,1.31,IL2,il2_menten_prolif,0,0.05
16.954297191387113,1.32,IL2,il2_menten_prolif,0,0.05
17.3638807389638,1.33,IL2,il2_menten_prolif,0,0.05
17.7804663283203,1.34,IL2,il2_menten_prolif,0,0.05
18.204147096917985,1.35,IL2,il2_menten_prolif,0,0.05
18.635017895408918,1.36,IL2,il2_menten_prolif,0,0.05
19.0731753215207,1.37,IL2,il2_menten_prolif,0,0.05
19.518717754732272,1.3800000000000001,IL2,il2_menten_prolif,0,0.05
19.971745391086273,1.3900000000000001,IL2,il2_menten_prolif,0,0.05
20.43236027531001,1.4000000000000001,IL2,il2_menten_prolif,0,0.05
20.900666336106646,1.41,IL2,il2_menten_prolif,0,0.05
21.376769421750957,1.42,IL2,il2_menten_prolif,0,0.05
21.860777337194502,1.43,IL2,il2_menten_prolif,0,0.05
22.35279987679596,1.44,IL2,il2_menten_prolif,0,0.05
22.85294886105752,1.45,IL2,il2_menten_prolif,0,0.05
23.36133817235602,1.46,IL2,il2_menten_prolif,0,0.05
23.87808379871702,1.47,IL2,il2_menten_prolif,0,0.05
24.40330385903073,1.48,IL2,il2_menten_prolif,0,0.05
24.93711864944295,1.49,IL2,il2_menten_prolif,0,0.05
25.479650678119476,1.5,IL2,il2_menten_prolif,0,0.05
26.031024708033307,1.51,IL2,il2_menten_prolif,0,0.05
26.591367790705213,1.52,IL2,il2_menten_prolif,0,0.05
27.1608093051401,1.53,IL2,il2_menten_prolif,0,0.05
27.739480997101957,1.54,IL2,il2_menten_prolif,0,0.05
28.327517021142413,1.55,IL2,il2_menten_prolif,0,0.05
28.925054000442145,1.56,IL2,il2_menten_prolif,0,0.05
29.53223103935416,1.57,IL2,il2_menten_prolif,0,0.05
30.1491897678555,1.58,IL2,il2_menten_prolif,0,0.05
30.77607438348634,1.59,IL2,il2_menten_prolif,0,0.05
31.413031702944345,1.6,IL2,il2_menten_prolif,0,0.05
32.060211248976316,1.61,IL2,il2_menten_prolif,0,0.05
32.717765223098766,1.62,IL2,il2_menten_prolif,0,0.05
33.385848565397005,1.6300000000000001,IL2,il2_menten_prolif,0,0.05
34.0646190000192,1.6400000000000001,IL2,il2_menten_prolif,0,0.05
34.75423709906269,1.6500000000000001,IL2,il2_menten_prolif,0,0.05
35.454866378338664,1.6600000000000001,IL2,il2_menten_prolif,0,0.05
36.1666732493337,1.67,IL2,il2_menten_prolif,0,0.05
36.88982709363536,1.68,IL2,il2_menten_prolif,0,0.05
37.62450031019482,1.69,IL2,il2_menten_prolif,0,0.05
38.37086839293073,1.7,IL2,il2_menten_prolif,0,0.05
39.129110021275466,1.71,IL2,il2_menten_prolif,0,0.05
39.89940700881594,1.72,IL2,il2_menten_prolif,0,0.05
40.681944387950765,1.73,IL2,il2_menten_prolif,0,0.05
41.476910458605886,1.74,IL2,il2_menten_prolif,0,0.05
42.28449688344722,1.75,IL2,il2_menten_prolif,0,0.05
43.104898765289974,1.76,IL2,il2_menten_prolif,0,0.05
43.938314599957934,1.77,IL2,il2_menten_prolif,0,0.05
44.784946368848196,1.78,IL2,il2_menten_prolif,0,0.05
45.6449995897851,1.79,IL2,il2_menten_prolif,0,0.05
46.51868343453844,1.8,IL2,il2_menten_prolif,0,0.05
47.40621078299177,1.81,IL2,il2_menten_prolif,0,0.05
48.30779819030322,1.82,IL2,il2_menten_prolif,0,0.05
49.2236659837,1.83,IL2,il2_menten_prolif,0,0.05
50.15403831689967,1.84,IL2,il2_menten_prolif,0,0.05
51.09914331344416,1.85,IL2,il2_menten_prolif,0,0.05
52.05921308918124,1.86,IL2,il2_menten_prolif,0,0.05
53.03448374257963,1.87,IL2,il2_menten_prolif,0,0.05
54.025195452612884,1.8800000000000001,IL2,il2_menten_prolif,0,0.05
55.0315925532041,1.8900000000000001,IL2,il2_menten_prolif,0,0.05
56.05392363486226,1.9000000000000001,IL2,il2_menten_prolif,0,0.05
57.09244165836081,1.9100000000000001,IL2,il2_menten_prolif,0,0.05
58.14740386129677,1.92,IL2,il2_menten_prolif,0,0.05
59.21907189847971,1.93,IL2,il2_menten_prolif,0,0.05
60.30771190911147,1.94,IL2,il2_menten_prolif,0,0.05
61.41359472044325,1.95,IL2,il2_menten_prolif,0,0.05
62.536995781176955,1.96,IL2,il2_menten_prolif,0,0.05
63.67819521278288,1.97,IL2,il2_menten_prolif,0,0.05
64.83747791769332,1.98,IL2,il2_menten_prolif,0,0.05
66.01513365228993,1.99,IL2,il2_menten_prolif,0,0.05
67.21145710131823,2.0,IL2,il2_menten_prolif,0,0.05
68.42674802656762,2.0100000000000002,IL2,il2_menten_prolif,0,0.05
69.66131135933037,2.02,IL2,il2_menten_prolif,0,0.05
70.91545716731473,2.0300000000000002,IL2,il2_menten_prolif,0,0.05
72.18950079866934,2.04,IL2,il2_menten_prolif,0,0.05
73.48376297005242,2.05,IL2,il2_menten_prolif,0,0.05
74.79856985632235,2.06,IL2,il2_menten_prolif,0,0.05
76.13425315308363,2.07,IL2,il2_menten_prolif,0,0.05
77.49115006562351,2.08,IL2,il2_menten_prolif,0,0.05
78.86960356241794,2.09,IL2,il2_menten_prolif,0,0.05
80.26996241770681,2.1,IL2,il2_menten_prolif,0,0.05
81.69258129440115,2.11,IL2,il2_menten_prolif,0,0.05
83.13782083809639,2.12,IL2,il2_menten_prolif,0,0.05
84.60604777181877,2.13,IL2,il2_menten_prolif,0,0.05
86.09763497806526,2.14,IL2,il2_menten_prolif,0,0.05
87.61296161042434,2.15,IL2,il2_menten_prolif,0,0.05
89.15241319457698,2.16,IL2,il2_menten_prolif,0,0.05
90.71638172478227,2.17,IL2,il2_menten_prolif,0,0.05
92.30526576556792,2.18,IL2,il2_menten_prolif,0,0.05
93.9194705547828,2.19,IL2,il2_menten_prolif,0,0.05
95.55940813692504,2.2,IL2,il2_menten_prolif,0,0.05
97.2254974753395,2.21,IL2,il2_menten_prolif,0,0.05
98.91816451448415,2.22,IL2,il2_menten_prolif,0,0.05
100.63784231399349,2.23,IL2,il2_menten_prolif,0,0.05
102.38497116115707,2.24,IL2,il2_menten_prolif,0,0.05
104.15999868483104,2.25,IL2,il2_menten_prolif,0,0.05
105.96337998166979,2.2600000000000002,IL2,il2_menten_prolif,0,0.05
107.79557777241823,2.27,IL2,il2_menten_prolif,0,0.05
109.65706246103379,2.2800000000000002,IL2,il2_menten_prolif,0,0.05
111.54831227505909,2.29,IL2,il2_menten_prolif,0,0.05
113.4698133932286,2.3000000000000003,IL2,il2_menten_prolif,0,0.05
115.42206007108668,2.31,IL2,il2_menten_prolif,0,0.05
117.40555477073079,2.32,IL2,il2_menten_prolif,0,0.05
119.42080834351697,2.33,IL2,il2_menten_prolif,0,0.05
121.46834011252969,2.34,IL2,il2_menten_prolif,0,0.05
123.54867799988355,2.35,IL2,il2_menten_prolif,0,0.05
125.66235867760892,2.36,IL2,il2_menten_prolif,0,0.05
127.80992770639511,2.37,IL2,il2_menten_prolif,0,0.05
129.9919396762155,2.38,IL2,il2_menten_prolif,0,0.05
132.20895839424503,2.39,IL2,il2_menten_prolif,0,0.05
134.46155703320952,2.4,IL2,il2_menten_prolif,0,0.05
136.75031820459049,2.41,IL2,il2_menten_prolif,0,0.05
139.0758341483848,2.42,IL2,il2_menten_prolif,0,0.05
141.43870688575993,2.43,IL2,il2_menten_prolif,0,0.05
143.83954837356316,2.44,IL2,il2_menten_prolif,0,0.05
146.27898066085635,2.45,IL2,il2_menten_prolif,0,0.05
148.75763606969969,2.46,IL2,il2_menten_prolif,0,0.05
151.27615749655058,2.47,IL2,il2_menten_prolif,0,0.05
153.83519837619488,2.48,IL2,il2_menten_prolif,0,0.05
156.43542289484384,2.49,IL2,il2_menten_prolif,0,0.05
159.07750618309703,2.5,IL2,il2_menten_prolif,0,0.05
161.76213448971433,2.5100000000000002,IL2,il2_menten_prolif,0,0.05
164.4900053576947,2.52,IL2,il2_menten_prolif,0,0.05
167.26182780271859,2.5300000000000002,IL2,il2_menten_prolif,0,0.05
170.07832260765866,2.54,IL2,il2_menten_prolif,0,0.05
172.9402224660661,2.5500000000000003,IL2,il2_menten_prolif,0,0.05
175.84827205485146,2.56,IL2,il2_menten_prolif,0,0.05
178.80322829805795,2.57,IL2,il2_menten_prolif,0,0.05
181.80586056188275,2.58,IL2,il2_menten_prolif,0,0.05
184.85695085229952,2.59,IL2,il2_menten_prolif,0,0.05
187.95729401528263,2.6,IL2,il2_menten_prolif,0,0.05
191.1076979769003,2.61,IL2,il2_menten_prolif,0,0.05
194.30898410190923,2.62,IL2,il2_menten_prolif,0,0.05
197.56198715667426,2.63,IL2,il2_menten_prolif,0,0.05
200.8675555976505,2.64,IL2,il2_menten_prolif,0,0.05
204.22655180829162,2.65,IL2,il2_menten_prolif,0,0.05
207.63985232093947,2.66,IL2,il2_menten_prolif,0,0.05
211.10834804164807,2.67,IL2,il2_menten_prolif,0,0.05
214.63294447942928,2.68,IL2,il2_menten_prolif,0,0.05
218.21456214734414,2.69,IL2,il2_menten_prolif,0,0.05
221.8541366854747,2.7,IL2,il2_menten_prolif,0,0.05
225.55261900139107,2.71,IL2,il2_menten_prolif,0,0.05
229.31097559451692,2.72,IL2,il2_menten_prolif,0,0.05
233.13018880525252,2.73,IL2,il2_menten_prolif,0,0.05
237.01125706741846,2.74,IL2,il2_menten_prolif,0,0.05
240.95519516401538,2.75,IL2,il2_menten_prolif,0,0.05
244.96303454964684,2.7600000000000002,IL2,il2_menten_prolif,0,0.05
249.0358237794092,2.77,IL2,il2_menten_prolif,0,0.05
253.1746284657055,2.7800000000000002,IL2,il2_menten_prolif,0,0.05
257.3805316640693,2.79,IL2,il2_menten_prolif,0,0.05
261.65463416744274,2.8000000000000003,IL2,il2_menten_prolif,0,0.05
265.99805478951316,2.81,IL2,il2_menten_prolif,0,0.05
270.4119306517937,2.82,IL2,il2_menten_prolif,0,0.05
274.8974174668771,2.83,IL2,il2_menten_prolif,0,0.05
279.4556901316221,2.84,IL2,il2_menten_prolif,0,0.05
284.08794270739213,2.85,IL2,il2_menten_prolif,0,0.05
288.79538875360936,2.86,IL2,il2_menten_prolif,0,0.05
293.57926169137,2.87,IL2,il2_menten_prolif,0,0.05
298.4408151222111,2.88,IL2,il2_menten_prolif,0,0.05
303.3813231508301,2.89,IL2,il2_menten_prolif,0,0.05
308.4020807118151,2.9,IL2,il2_menten_prolif,0,0.05
313.5044040024027,2.91,IL2,il2_menten_prolif,0,0.05
318.6896309792344,2.92,IL2,il2_menten_prolif,0,0.05
323.9591213342251,2.93,IL2,il2_menten_prolif,0,0.05
329.3142569999565,2.94,IL2,il2_menten_prolif,0,0.05
334.75644252016855,2.95,IL2,il2_menten_prolif,0,0.05
340.2871054154957,2.96,IL2,il2_menten_prolif,0,0.05
345.90769655492335,2.97,IL2,il2_menten_prolif,0,0.05
351.61969053306956,2.98,IL2,il2_menten_prolif,0,0.05
357.42458608003983,2.99,IL2,il2_menten_prolif,0,0.05
363.3239066008723,3.0,IL2,il2_menten_prolif,0,0.05
369.31920035377817,3.0100000000000002,IL2,il2_menten_prolif,0,0.05
375.4120409121985,3.02,IL2,il2_menten_prolif,0,0.05
381.60402760151294,3.0300000000000002,IL2,il2_menten_prolif,0,0.05
387.896785921562,3.04,IL2,il2_menten_prolif,0,0.05
394.2919679765453,3.0500000000000003,IL2,il2_menten_prolif,0,0.05
400.79125291242985,3.06,IL2,il2_menten_prolif,0,0.05
407.39634735637543,3.0700000000000003,IL2,il2_menten_prolif,0,0.05
414.1089857456258,3.08,IL2,il2_menten_prolif,0,0.05
420.9309309131604,3.09,IL2,il2_menten_prolif,0,0.05
427.8639745654633,3.1,IL2,il2_menten_prolif,0,0.05
434.90993771889805,3.11,IL2,il2_menten_prolif,0,0.05
442.07067117924606,3.12,IL2,il2_menten_prolif,0,0.05
449.34805602921006,3.13,IL2,il2_menten_prolif,0,0.05
456.7440041240148,3.14,IL2,il2_menten_prolif,0,0.05
464.26045859518683,3.15,IL2,il2_menten_prolif,0,0.05
471.8993943195565,3.16,IL2,il2_menten_prolif,0,0.05
479.6628184556666,3.17,IL2,il2_menten_prolif,0,0.05
487.5527710133779,3.18,IL2,il2_menten_prolif,0,0.05
495.5713253628114,3.19,IL2,il2_menten_prolif,0,0.05
503.72058877841835,3.2,IL2,il2_menten_prolif,0,0.05
512.0027029917388,3.21,IL2,il2_menten_prolif,0,0.05
520.4198447529739,3.22,IL2,il2_menten_prolif,0,0.05
528.9742264014695,3.23,IL2,il2_menten_prolif,0,0.05
537.6680964655852,3.24,IL2,il2_menten_prolif,0,0.05
546.5037402737285,3.25,IL2,il2_menten_prolif,0,0.05
555.4834804924092,3.2600000000000002,IL2,il2_menten_prolif,0,0.05
564.6096777621684,3.27,IL2,il2_menten_prolif,0,0.05
573.8847313176351,3.2800000000000002,IL2,il2_menten_prolif,0,0.05
583.3110796162182,3.29,IL2,il2_menten_prolif,0,0.05
592.8912009767207,3.3000000000000003,IL2,il2_menten_prolif,0,0.05
602.6276142279831,3.31,IL2,il2_menten_prolif,0,0.05
612.5228793862248,3.3200000000000003,IL2,il2_menten_prolif,0,0.05
622.5795984049075,3.33,IL2,il2_menten_prolif,0,0.05
632.8004157282412,3.34,IL2,il2_menten_prolif,0,0.05
643.1880190215885,3.35,IL2,il2_menten_prolif,0,0.05
653.7451398859828,3.36,IL2,il2_menten_prolif,0,0.05
664.4745545739809,3.37,IL2,il2_menten_prolif,0,0.05
675.3790847167991,3.38,IL2,il2_menten_prolif,0,0.05
686.461598062889,3.39,IL2,il2_menten_prolif,0,0.05
697.7250092355864,3.4,IL2,il2_menten_prolif,0,0.05
709.1722806111396,3.41,IL2,il2_menten_prolif,0,0.05
720.8064229641052,3.42,IL2,il2_menten_prolif,0,0.05
732.630496258346,3.43,IL2,il2_menten_prolif,0,0.05
744.6476104783537,3.44,IL2,il2_menten_prolif,0,0.05
756.8609264449044,3.45,IL2,il2_menten_prolif,0,0.05
769.2736566436251,3.46,IL2,il2_menten_prolif,0,0.05
781.8890660666495,3.47,IL2,il2_menten_prolif,0,0.05
794.7104731509792,3.48,IL2,il2_menten_prolif,0,0.05
807.7412503306014,3.49,IL2,il2_menten_prolif,0,0.05
820.9848255582552,3.5,IL2,il2_menten_prolif,0,0.05
834.444682603177,3.5100000000000002,IL2,il2_menten_prolif,0,0.05
848.1243621807215,3.52,IL2,il2_menten_prolif,0,0.05
862.027462876775,3.5300000000000002,IL2,il2_menten_prolif,0,0.05
876.1576420876165,3.54,IL2,il2_menten_prolif,0,0.05
890.5186169752419,3.5500000000000003,IL2,il2_menten_prolif,0,0.05
905.1141654381335,3.56,IL2,il2_menten_prolif,0,0.05
919.9481271297556,3.5700000000000003,IL2,il2_menten_prolif,0,0.05
935.0244045316333,3.58,IL2,il2_menten_prolif,0,0.05
950.3469639347268,3.59,IL2,il2_menten_prolif,0,0.05
965.9198364747664,3.6,IL2,il2_menten_prolif,0,0.05
981.7471191522127,3.61,IL2,il2_menten_prolif,0,0.05
997.8329759678647,3.62,IL2,il2_menten_prolif,0,0.05
1014.1816389513519,3.63,IL2,il2_menten_prolif,0,0.05
1030.7974092367733,3.64,IL2,il2_menten_prolif,0,0.05
1047.6846581942023,3.65,IL2,il2_menten_prolif,0,0.05
1064.8478286931756,3.66,IL2,il2_menten_prolif,0,0.05
1082.2914362785657,3.67,IL2,il2_menten_prolif,0,0.05
1100.0200702914517,3.68,IL2,il2_menten_prolif,0,0.05
1118.0383950559972,3.69,IL2,il2_menten_prolif,0,0.05
1136.35115112603,3.7,IL2,il2_menten_prolif,0,0.05
1154.963156549169,3.71,IL2,il2_menten_prolif,0,0.05
1173.8793080782193,3.72,IL2,il2_menten_prolif,0,0.05
1193.1045824571497,3.73,IL2,il2_menten_prolif,0,0.05
1212.6440377195734,3.74,IL2,il2_menten_prolif,0,0.05
1232.502814665615,3.75,IL2,il2_menten_prolif,0,0.05
1252.6861380766109,3.7600000000000002,IL2,il2_menten_prolif,0,0.05
1273.1993181467979,3.77,IL2,il2_menten_prolif,0,0.05
1294.047751784824,3.7800000000000002,IL2,il2_menten_prolif,0,0.05
1315.2369241173087,3.79,IL2,il2_menten_prolif,0,0.05
1336.772409902229,3.8000000000000003,IL2,il2_menten_prolif,0,0.05
1358.6598750340058,3.81,IL2,il2_menten_prolif,0,0.05
1380.9050779171637,3.8200000000000003,IL2,il2_menten_prolif,0,0.05
1403.5138708918485,3.83,IL2,il2_menten_prolif,0,0.05
1426.4922021533744,3.84,IL2,il2_menten_prolif,0,0.05
1449.8461171563972,3.85,IL2,il2_menten_prolif,0,0.05
1473.5817598262902,3.86,IL2,il2_menten_prolif,0,0.05
1497.7053745641151,3.87,IL2,il2_menten_prolif,0,0.05
1522.223308130653,3.88,IL2,il2_menten_prolif,0,0.05
1547.1420105829502,3.89,IL2,il2_menten_prolif,0,0.05
1572.4680372924254,3.9,IL2,il2_menten_prolif,0,0.05
1598.2080512226348,3.91,IL2,il2_menten_prolif,0,0.05
1624.368823808109,3.92,IL2,il2_menten_prolif,0,0.05
1650.957236908957,3.93,IL2,il2_menten_prolif,0,0.05
1677.9802853493065,3.94,IL2,il2_menten_prolif,0,0.05
1705.4450779661186,3.95,IL2,il2_menten_prolif,0,0.05
1733.358839418584,3.96,IL2,il2_menten_prolif,0,0.05
1761.7289128232248,3.97,IL2,il2_menten_prolif,0,0.05
1790.562761205474,3.98,IL2,il2_menten_prolif,0,0.05
1819.8679690961524,3.99,IL2,il2_menten_prolif,0,0.05
1849.6522451473893,4.0,IL2,il2_menten_prolif,0,0.05
1879.9234242121124,4.01,IL2,il2_menten_prolif,0,0.05
1910.6894686190335,4.0200000000000005,IL2,il2_menten_prolif,0,0.05
1941.9584707324466,4.03,IL2,il2_menten_prolif,0,0.05
1973.7386556625886,4.04,IL2,il2_menten_prolif,0,0.05
2006.0383823290263,4.05,IL2,il2_menten_prolif,0,0.05
2038.8661459645768,4.0600000000000005,IL2,il2_menten_prolif,0,0.05
2072.2305812070726,4.07,IL2,il2_menten_prolif,0,0.05
2106.1404633037037,4.08,IL2,il2_menten_prolif,0,0.05
2140.6047104427157,4.09,IL2,il2_menten_prolif,0,0.05
2175.6323870323977,4.1,IL2,il2_menten_prolif,0,0.05
2211.2327053548743,4.11,IL2,il2_menten_prolif,0,0.05
2247.4150276790047,4.12,IL2,il2_menten_prolif,0,0.05
2284.1888692905186,4.13,IL2,il2_menten_prolif,0,0.05
2321.563901365494,4.14,IL2,il2_menten_prolif,0,0.05
2359.549952202945,4.15,IL2,il2_menten_prolif,0,0.05
2398.1570111031706,4.16,IL2,il2_menten_prolif,0,0.05
2437.39523162634,4.17,IL2,il2_menten_prolif,0,0.05
2477.2749316051586,4.18,IL2,il2_menten_prolif,0,0.05
2517.806596746391,4.19,IL2,il2_menten_prolif,0,0.05
2559.000883241023,4.2,IL2,il2_menten_prolif,0,0.05
2600.8686203898715,4.21,IL2,il2_menten_prolif,0,0.05
2643.4208143322885,4.22,IL2,il2_menten_prolif,0,0.05
2686.6686550919985,4.23,IL2,il2_menten_prolif,0,0.05
2730.6235130795853,4.24,IL2,il2_menten_prolif,0,0.05
2775.296943938429,4.25,IL2,il2_menten_prolif,0,0.05
2820.7006920899003,4.26,IL2,il2_menten_prolif,0,0.05
2866.846693907466,4.2700000000000005,IL2,il2_menten_prolif,0,0.05
2913.747080781788,4.28,IL2,il2_menten_prolif,0,0.05
2961.4141797880397,4.29,IL2,il2_menten_prolif,0,0.05
3009.86051965343,4.3,IL2,il2_menten_prolif,0,0.05
3059.0988341222874,4.3100000000000005,IL2,il2_menten_prolif,0,0.05
3109.142064725522,4.32,IL2,il2_menten_prolif,0,0.05
3160.0033641822693,4.33,IL2,il2_menten_prolif,0,0.05
3211.6960998511295,4.34,IL2,il2_menten_prolif,0,0.05
3264.2338563151825,4.3500000000000005,IL2,il2_menten_prolif,0,0.05
3317.630439299708,4.36,IL2,il2_menten_prolif,0,0.05
3371.8998799575834,4.37,IL2,il2_menten_prolif,0,0.05
3427.0564380240353,4.38,IL2,il2_menten_prolif,0,0.05
3483.1146054727355,4.39,IL2,il2_menten_prolif,0,0.05
3540.0891102207283,4.4,IL2,il2_menten_prolif,0,0.05
3597.9949205039406,4.41,IL2,il2_menten_prolif,0,0.05
3656.847249357532,4.42,IL2,il2_menten_prolif,0,0.05
3716.661556838654,4.43,IL2,il2_menten_prolif,0,0.05
3777.453554705159,4.44,IL2,il2_menten_prolif,0,0.05
3839.239210465586,4.45,IL2,il2_menten_prolif,0,0.05
3902.0347514578534,4.46,IL2,il2_menten_prolif,0,0.05
3965.8566692494383,4.47,IL2,il2_menten_prolif,0,0.05
4030.7217250428866,4.48,IL2,il2_menten_prolif,0,0.05
4096.646952210596,4.49,IL2,il2_menten_prolif,0,0.05
4163.649661116129,4.5,IL2,il2_menten_prolif,0,0.05
4231.747443665665,4.51,IL2,il2_menten_prolif,0,0.05
4300.958177786801,4.5200000000000005,IL2,il2_menten_prolif,0,0.05
4371.300032004451,4.53,IL2,il2_menten_prolif,0,0.05
4442.791471753087,4.54,IL2,il2_menten_prolif,0,0.05
4515.451262206907,4.55,IL2,il2_menten_prolif,0,0.05
4589.298473310766,4.5600000000000005,IL2,il2_menten_prolif,0,0.05
4664.352484854895,4.57,IL2,il2_menten_prolif,0,0.05
4740.632991397465,4.58,IL2,il2_menten_prolif,0,0.05
4818.160007251695,4.59,IL2,il2_menten_prolif,0,0.05
4896.953873013692,4.6000000000000005,IL2,il2_menten_prolif,0,0.05
4977.035260038316,4.61,IL2,il2_menten_prolif,0,0.05
5058.425174389994,4.62,IL2,il2_menten_prolif,0,0.05
5141.144963008764,4.63,IL2,il2_menten_prolif,0,0.05
5225.21631911009,4.64,IL2,il2_menten_prolif,0,0.05
5310.661287660846,4.65,IL2,il2_menten_prolif,0,0.05
5397.502270932677,4.66,IL2,il2_menten_prolif,0,0.05
5485.762034134143,4.67,IL2,il2_menten_prolif,0,0.05
5575.463712743777,4.68,IL2,il2_menten_prolif,0,0.05
5666.630818240175,4.69,IL2,il2_menten_prolif,0,0.05
5759.287241744523,4.7,IL2,il2_menten_prolif,0,0.05
5853.457261362339,4.71,IL2,il2_menten_prolif,0,0.05
5949.165548350684,4.72,IL2,il2_menten_prolif,0,0.05
6046.437173381711,4.73,IL2,il2_menten_prolif,0,0.05
6145.297612906023,4.74,IL2,il2_menten_prolif,0,0.05
6245.772755617818,4.75,IL2,il2_menten_prolif,0,0.05
6347.888907828312,4.76,IL2,il2_menten_prolif,0,0.05
6451.672799582853,4.7700000000000005,IL2,il2_menten_prolif,0,0.05
6557.151593917319,4.78,IL2,il2_menten_prolif,0,0.05
6664.352892413208,4.79,IL2,il2_menten_prolif,0,0.05
6773.304742071225,4.8,IL2,il2_menten_prolif,0,0.05
6884.035642305465,4.8100000000000005,IL2,il2_menten_prolif,0,0.05
6996.5745520407545,4.82,IL2,il2_menten_prolif,0,0.05
7110.950896914523,4.83,IL2,il2_menten_prolif,0,0.05
7227.194575462581,4.84,IL2,il2_menten_prolif,0,0.05
7345.335965286799,4.8500000000000005,IL2,il2_menten_prolif,0,0.05
7465.405933855465,4.86,IL2,il2_menten_prolif,0,0.05
7587.435844565316,4.87,IL2,il2_menten_prolif,0,0.05
7711.457564297885,4.88,IL2,il2_menten_prolif,0,0.05
7837.503471138849,4.89,IL2,il2_menten_prolif,0,0.05
7965.606462198343,4.9,IL2,il2_menten_prolif,0,0.05
8095.799961532986,4.91,IL2,il2_menten_prolif,0,0.05
8228.117927373982,4.92,IL2,il2_menten_prolif,0,0.05
8362.594858691511,4.93,IL2,il2_menten_prolif,0,0.05
8499.265806601967,4.94,IL2,il2_menten_prolif,0,0.05
8638.16638135397,4.95,IL2,il2_menten_prolif,0,0.05
8779.332760547259,4.96,IL2,il2_menten_prolif,0,0.05
8922.801697558643,4.97,IL2,il2_menten_prolif,0,0.05
9068.610530063832,4.98,IL2,il2_menten_prolif,0,0.05
9216.797188655224,4.99,IL2,il2_menten_prolif,0,0.05
9367.400204254916,5.0,IL2,il2_menten_prolif,0,0.05
9520.45871285685,5.01,IL2,il2_menten_prolif,0,0.05
9676.012471408223,5.0200000000000005,IL2,il2_menten_prolif,0,0.05
9834.101864235487,5.03,IL2,il2_menten_prolif,0,0.05
9994.767911514755,5.04,IL2,il2_menten_prolif,0,0.05
10158.052278210207,5.05,IL2,il2_menten_prolif,0,0.05
10323.997283086108,5.0600000000000005,IL2,il2_menten_prolif,0,0.05
10492.645907791648,5.07,IL2,il2_menten_prolif,0,0.05
10664.041804030036,5.08,IL2,il2_menten_prolif,0,0.05
10838.229293252905,5.09,IL2,il2_menten_prolif,0,0.05
11015.253390264528,5.1000000000000005,IL2,il2_menten_prolif,0,0.05
11195.159808208715,5.11,IL2,il2_menten_prolif,0,0.05
11377.994966300259,5.12,IL2,il2_menten_prolif,0,0.05
11563.805998789354,5.13,IL2,il2_menten_prolif,0,0.05
11752.640763942574,5.14,IL2,il2_menten_prolif,0,0.05
11944.54785303758,5.15,IL2,il2_menten_prolif,0,0.05
12139.576596370975,5.16,IL2,il2_menten_prolif,0,0.05
12337.777050246998,5.17,IL2,il2_menten_prolif,0,0.05
12539.200035310481,5.18,IL2,il2_menten_prolif,0,0.05
12743.897138901908,5.19,IL2,il2_menten_prolif,0,0.05
12951.920719395172,5.2,IL2,il2_menten_prolif,0,0.05
13163.323914050114,5.21,IL2,il2_menten_prolif,0,0.05
13378.160646747965,5.22,IL2,il2_menten_prolif,0,0.05
13596.485635602456,5.23,IL2,il2_menten_prolif,0,0.05
13818.35439735025,5.24,IL2,il2_menten_prolif,0,0.05
14043.823216601508,5.25,IL2,il2_menten_prolif,0,0.05
14272.949190804813,5.26,IL2,il2_menten_prolif,0,0.05
14505.790232868796,5.2700000000000005,IL2,il2_menten_prolif,0,0.05
14742.405067536452,5.28,IL2,il2_menten_prolif,0,0.05
14982.853234417826,5.29,IL2,il2_menten_prolif,0,0.05
15227.195090423738,5.3,IL2,il2_menten_prolif,0,0.05
15475.49180162678,5.3100000000000005,IL2,il2_menten_prolif,0,0.05
15727.805335501609,5.32,IL2,il2_menten_prolif,0,0.05
15984.19848332824,5.33,IL2,il2_menten_prolif,0,0.05
16244.734848174143,5.34,IL2,il2_menten_prolif,0,0.05
16509.478841793687,5.3500000000000005,IL2,il2_menten_prolif,0,0.05
16778.49568077603,5.36,IL2,il2_menten_prolif,0,0.05
17051.85137703523,5.37,IL2,il2_menten_prolif,0,0.05
17329.612658197068,5.38,IL2,il2_menten_prolif,0,0.05
17611.847014080406,5.39,IL2,il2_menten_prolif,0,0.05
17898.622683994443,5.4,IL2,il2_menten_prolif,0,0.05
18190.008622291778,5.41,IL2,il2_menten_prolif,0,0.05
18486.07447471636,5.42,IL2,il2_menten_prolif,0,0.05
18786.890539905165,5.43,IL2,il2_menten_prolif,0,0.05
19092.527738321496,5.44,IL2,il2_menten_prolif,0,0.05
19403.057589115368,5.45,IL2,il2_menten_prolif,0,0.05
19718.55216485721,5.46,IL2,il2_menten_prolif,0,0.05
20039.084048359815,5.47,IL2,il2_menten_prolif,0,0.05
20364.726240038948,5.48,IL2,il2_menten_prolif,0,0.05
20695.551989258223,5.49,IL2,il2_menten_prolif,0,0.05
21031.634889360852,5.5,IL2,il2_menten_prolif,0,0.05
21373.04874156075,5.51,IL2,il2_menten_prolif,0,0.05
21719.86746016015,5.5200000000000005,IL2,il2_menten_prolif,0,0.05
22072.164961386632,5.53,IL2,il2_menten_prolif,0,0.05
22430.01489040381,5.54,IL2,il2_menten_prolif,0,0.05
22793.490599583296,5.55,IL2,il2_menten_prolif,0,0.05
23162.664989002747,5.5600000000000005,IL2,il2_menten_prolif,0,0.05
23537.61030409379,5.57,IL2,il2_menten_prolif,0,0.05
23918.397879719505,5.58,IL2,il2_menten_prolif,0,0.05
24305.09791602956,5.59,IL2,il2_menten_prolif,0,0.05
24697.779265481924,5.6000000000000005,IL2,il2_menten_prolif,0,0.05
25096.509133601176,5.61,IL2,il2_menten_prolif,0,0.05
25501.352680114338,5.62,IL2,il2_menten_prolif,0,0.05
25912.372434714132,5.63,IL2,il2_menten_prolif,0,0.05
26329.628086258304,5.64,IL2,il2_menten_prolif,0,0.05
26753.17590744111,5.65,IL2,il2_menten_prolif,0,0.05
27183.06817479501,5.66,IL2,il2_menten_prolif,0,0.05
27619.352549810894,5.67,IL2,il2_menten_prolif,0,0.05
28062.071397365748,5.68,IL2,il2_menten_prolif,0,0.05
28511.260936790604,5.69,IL2,il2_menten_prolif,0,0.05
28966.949988661596,5.7,IL2,il2_menten_prolif,0,0.05
29429.15928857644,5.71,IL2,il2_menten_prolif,0,0.05
29897.900263512744,5.72,IL2,il2_menten_prolif,0,0.05
30373.17345890309,5.73,IL2,il2_menten_prolif,0,0.05
30854.966998588097,5.74,IL2,il2_menten_prolif,0,0.05
31343.255134954507,5.75,IL2,il2_menten_prolif,0,0.05
31837.99624201691,5.76,IL2,il2_menten_prolif,0,0.05
32339.130168241543,5.7700000000000005,IL2,il2_menten_prolif,0,0.05
32846.5760466048,5.78,IL2,il2_menten_prolif,0,0.05
33360.22949401726,5.79,IL2,il2_menten_prolif,0,0.05
33879.95941139763,5.8,IL2,il2_menten_prolif,0,0.05
34405.60454899166,5.8100000000000005,IL2,il2_menten_prolif,0,0.05
34936.96959995046,5.82,IL2,il2_menten_prolif,0,0.05
35473.820421900506,5.83,IL2,il2_menten_prolif,0,0.05
36015.87948336516,5.84,IL2,il2_menten_prolif,0,0.05
36562.82046547686,5.8500000000000005,IL2,il2_menten_prolif,0,0.05
37114.26237631237,5.86,IL2,il2_menten_prolif,0,0.05
37669.76305728321,5.87,IL2,il2_menten_prolif,0,0.05
38228.812283608146,5.88,IL2,il2_menten_prolif,0,0.05
38790.82494642546,5.89,IL2,il2_menten_prolif,0,0.05
39355.13257475648,5.9,IL2,il2_menten_prolif,0,0.05
39920.97531673322,5.91,IL2,il2_menten_prolif,0,0.05
40487.49575147328,5.92,IL2,il2_menten_prolif,0,0.05
41053.72975277851,5.93,IL2,il2_menten_prolif,0,0.05
41618.60004015776,5.94,IL2,il2_menten_prolif,0,0.05
42180.91039045934,5.95,IL2,il2_menten_prolif,0,0.05
42739.34158202312,5.96,IL2,il2_menten_prolif,0,0.05
43292.449770201514,5.97,IL2,il2_menten_prolif,0,0.05
43838.66808018077,5.98,IL2,il2_menten_prolif,0,0.05
44376.31228561616,5.99,IL2,il2_menten_prolif,0,0.05
44903.59146435997,6.0,IL2,il2_menten_prolif,0,0.05
45418.624506353095,6.01,IL2,il2_menten_prolif,0,0.05
45919.46297189467,6.0200000000000005,IL2,il2_menten_prolif,0,0.05
46404.12048751163,6.03,IL2,il2_menten_prolif,0,0.05
46870.61024811262,6.04,IL2,il2_menten_prolif,0,0.05
47316.98660945776,6.05,IL2,il2_menten_prolif,0,0.05
47741.393987973934,6.0600000000000005,IL2,il2_menten_prolif,0,0.05
48142.11539960712,6.07,IL2,il2_menten_prolif,0,0.05
48517.62523072144,6.08,IL2,il2_menten_prolif,0,0.05
48866.63500475095,6.09,IL2,il2_menten_prolif,0,0.05
49188.13678944638,6.1000000000000005,IL2,il2_menten_prolif,0,0.05
49481.43434407869,6.11,IL2,il2_menten_prolif,0,0.05
49746.164536783355,6.12,IL2,il2_menten_prolif,0,0.05
49982.303394003226,6.13,IL2,il2_menten_prolif,0,0.05
50190.16056029762,6.140000000000001,IL2,il2_menten_prolif,0,0.05
50370.356513847386,6.15,IL2,il2_menten_prolif,0,0.05
50523.794675181314,6.16,IL2,il2_menten_prolif,0,0.05
50651.61744862932,6.17,IL2,il2_menten_prolif,0,0.05
50755.16015385342,6.18,IL2,il2_menten_prolif,0,0.05
50835.90386563986,6.19,IL2,il2_menten_prolif,0,0.05
50895.42550789472,6.2,IL2,il2_menten_prolif,0,0.05
50935.35304837416,6.21,IL2,il2_menten_prolif,0,0.05
50957.32528724021,6.22,IL2,il2_menten_prolif,0,0.05
50962.957233797395,6.23,IL2,il2_menten_prolif,0,0.05
50953.81240739333,6.24,IL2,il2_menten_prolif,0,0.05
50931.381705619584,6.25,IL2,il2_menten_prolif,0,0.05
50897.06819128488,6.26,IL2,il2_menten_prolif,0,0.05
50852.17739329674,6.2700000000000005,IL2,il2_menten_prolif,0,0.05
50797.91252424577,6.28,IL2,il2_menten_prolif,0,0.05
50735.37254018313,6.29,IL2,il2_menten_prolif,0,0.05
50665.5544377147,6.3,IL2,il2_menten_prolif,0,0.05
50589.35647182471,6.3100000000000005,IL2,il2_menten_prolif,0,0.05
50507.58386551787,6.32,IL2,il2_menten_prolif,0,0.05
50420.95467590299,6.33,IL2,il2_menten_prolif,0,0.05
50330.1067640067,6.34,IL2,il2_menten_prolif,0,0.05
50235.60462007421,6.3500000000000005,IL2,il2_menten_prolif,0,0.05
50137.94626618027,6.36,IL2,il2_menten_prolif,0,0.05
50037.56991847694,6.37,IL2,il2_menten_prolif,0,0.05
49934.86026443058,6.38,IL2,il2_menten_prolif,0,0.05
49830.154350957106,6.390000000000001,IL2,il2_menten_prolif,0,0.05
49723.74695776435,6.4,IL2,il2_menten_prolif,0,0.05
49615.89551589692,6.41,IL2,il2_menten_prolif,0,0.05
49506.82462680797,6.42,IL2,il2_menten_prolif,0,0.05
49396.72993325196,6.43,IL2,il2_menten_prolif,0,0.05
49285.781813858615,6.44,IL2,il2_menten_prolif,0,0.05
49174.12841243365,6.45,IL2,il2_menten_prolif,0,0.05
49061.89854494828,6.46,IL2,il2_menten_prolif,0,0.05
48949.2041011714,6.47,IL2,il2_menten_prolif,0,0.05
48836.1422487086,6.48,IL2,il2_menten_prolif,0,0.05
48722.79733249435,6.49,IL2,il2_menten_prolif,0,0.05
48609.242536173886,6.5,IL2,il2_menten_prolif,0,0.05
48495.54134001552,6.51,IL2,il2_menten_prolif,0,0.05
48381.748790158366,6.5200000000000005,IL2,il2_menten_prolif,0,0.05
48267.912607302205,6.53,IL2,il2_menten_prolif,0,0.05
48154.07414765761,6.54,IL2,il2_menten_prolif,0,0.05
48040.26924553735,6.55,IL2,il2_menten_prolif,0,0.05
47926.52892988644,6.5600000000000005,IL2,il2_menten_prolif,0,0.05
47812.880089273116,6.57,IL2,il2_menten_prolif,0,0.05
47699.34599022777,6.58,IL2,il2_menten_prolif,0,0.05
47585.946754706994,6.59,IL2,il2_menten_prolif,0,0.05
47472.69980452288,6.6000000000000005,IL2,il2_menten_prolif,0,0.05
47359.620175173666,6.61,IL2,il2_menten_prolif,0,0.05
47246.72087936598,6.62,IL2,il2_menten_prolif,0,0.05
47134.013129833416,6.63,IL2,il2_menten_prolif,0,0.05
47021.50660734749,6.640000000000001,IL2,il2_menten_prolif,0,0.05
46909.20964833202,6.65,IL2,il2_menten_prolif,0,0.05
46797.12942150634,6.66,IL2,il2_menten_prolif,0,0.05
46685.27209339288,6.67,IL2,il2_menten_prolif,0,0.05
46573.64294011989,6.68,IL2,il2_menten_prolif,0,0.05
46462.246485968644,6.69,IL2,il2_menten_prolif,0,0.05
46351.0865831503,6.7,IL2,il2_menten_prolif,0,0.05
46240.166512757234,6.71,IL2,il2_menten_prolif,0,0.05
46129.48905275394,6.72,IL2,il2_menten_prolif,0,0.05
46019.05654424433,6.73,IL2,il2_menten_prolif,0,0.05
45908.870950682845,6.74,IL2,il2_menten_prolif,0,0.05
45798.933900226126,6.75,IL2,il2_menten_prolif,0,0.05
45689.24674631134,6.76,IL2,il2_menten_prolif,0,0.05
45579.81059033779,6.7700000000000005,IL2,il2_menten_prolif,0,0.05
45470.62630319115,6.78,IL2,il2_menten_prolif,0,0.05
45361.69457943165,6.79,IL2,il2_menten_prolif,0,0.05
45253.01594545394,6.8,IL2,il2_menten_prolif,0,0.05
45144.59077910594,6.8100000000000005,IL2,il2_menten_prolif,0,0.05
45036.419341498135,6.82,IL2,il2_menten_prolif,0,0.05
44928.5017809174,6.83,IL2,il2_menten_prolif,0,0.05
44820.83814825749,6.84,IL2,il2_menten_prolif,0,0.05
44713.42841699882,6.8500000000000005,IL2,il2_menten_prolif,0,0.05
44606.272485520465,6.86,IL2,il2_menten_prolif,0,0.05
44499.37018897904,6.87,IL2,il2_menten_prolif,0,0.05
44392.721311016794,6.88,IL2,il2_menten_prolif,0,0.05
44286.32558512769,6.890000000000001,IL2,il2_menten_prolif,0,0.05
44180.182703605955,6.9,IL2,il2_menten_prolif,0,0.05
44074.292324559625,6.91,IL2,il2_menten_prolif,0,0.05
43968.65407280004,6.92,IL2,il2_menten_prolif,0,0.05
43863.267546361654,6.93,IL2,il2_menten_prolif,0,0.05
43758.132320638775,6.94,IL2,il2_menten_prolif,0,0.05
43653.24794904336,6.95,IL2,il2_menten_prolif,0,0.05
43548.61396766053,6.96,IL2,il2_menten_prolif,0,0.05
43444.22989764347,6.97,IL2,il2_menten_prolif,0,0.05
43340.09524566142,6.98,IL2,il2_menten_prolif,0,0.05
43236.20950742121,6.99,IL2,il2_menten_prolif,0,0.05
43132.57216925319,7.0,IL2,il2_menten_prolif,0,0.05
43029.18270854787,7.01,IL2,il2_menten_prolif,0,0.05
42926.040594901715,7.0200000000000005,IL2,il2_menten_prolif,0,0.05
42823.145291302746,7.03,IL2,il2_menten_prolif,0,0.05
42720.49625496207,7.04,IL2,il2_menten_prolif,0,0.05
42618.09294048681,7.05,IL2,il2_menten_prolif,0,0.05
42515.93479750684,7.0600000000000005,IL2,il2_menten_prolif,0,0.05
42414.02127148268,7.07,IL2,il2_menten_prolif,0,0.05
42312.351806537205,7.08,IL2,il2_menten_prolif,0,0.05
42210.92584480303,7.09,IL2,il2_menten_prolif,0,0.05
42109.742825716996,7.1000000000000005,IL2,il2_menten_prolif,0,0.05
42008.80218718364,7.11,IL2,il2_menten_prolif,0,0.05
41908.10336719295,7.12,IL2,il2_menten_prolif,0,0.05
41807.64580236735,7.13,IL2,il2_menten_prolif,0,0.05
41707.42892868968,7.140000000000001,IL2,il2_menten_prolif,0,0.05
41607.45218202727,7.15,IL2,il2_menten_prolif,0,0.05
41507.71499813182,7.16,IL2,il2_menten_prolif,0,0.05
41408.21681274082,7.17,IL2,il2_menten_prolif,0,0.05
41308.95706181631,7.18,IL2,il2_menten_prolif,0,0.05
41209.93518175259,7.19,IL2,il2_menten_prolif,0,0.05
41111.15060934797,7.2,IL2,il2_menten_prolif,0,0.05
41012.602781942245,7.21,IL2,il2_menten_prolif,0,0.05
40914.291137586246,7.22,IL2,il2_menten_prolif,0,0.05
40816.21511504927,7.23,IL2,il2_menten_prolif,0,0.05
40718.374153877856,7.24,IL2,il2_menten_prolif,0,0.05
40620.767694490714,7.25,IL2,il2_menten_prolif,0,0.05
40523.39517824426,7.26,IL2,il2_menten_prolif,0,0.05
40426.256047434275,7.2700000000000005,IL2,il2_menten_prolif,0,0.05
40329.34974535061,7.28,IL2,il2_menten_prolif,0,0.05
40232.675716345824,7.29,IL2,il2_menten_prolif,0,0.05
40136.23340582801,7.3,IL2,il2_menten_prolif,0,0.05
40040.0222602864,7.3100000000000005,IL2,il2_menten_prolif,0,0.05
39944.04172733097,7.32,IL2,il2_menten_prolif,0,0.05
39848.291255734934,7.33,IL2,il2_menten_prolif,0,0.05
39752.7702954125,7.34,IL2,il2_menten_prolif,0,0.05
39657.478297445145,7.3500000000000005,IL2,il2_menten_prolif,0,0.05
39562.41471410774,7.36,IL2,il2_menten_prolif,0,0.05
39467.57899887337,7.37,IL2,il2_menten_prolif,0,0.05
39372.97060641547,7.38,IL2,il2_menten_prolif,0,0.05
39278.5889926189,7.390000000000001,IL2,il2_menten_prolif,0,0.05
39184.43361460195,7.4,IL2,il2_menten_prolif,0,0.05
39090.50393070703,7.41,IL2,il2_menten_prolif,0,0.05
38996.79940050685,7.42,IL2,il2_menten_prolif,0,0.05
38903.31948481156,7.43,IL2,il2_menten_prolif,0,0.05
38810.06364567546,7.44,IL2,il2_menten_prolif,0,0.05
38717.03134639295,7.45,IL2,il2_menten_prolif,0,0.05
38624.22205150165,7.46,IL2,il2_menten_prolif,0,0.05
38531.6352267879,7.47,IL2,il2_menten_prolif,0,0.05
38439.270339285875,7.48,IL2,il2_menten_prolif,0,0.05
38347.12685727591,7.49,IL2,il2_menten_prolif,0,0.05
38255.20425028546,7.5,IL2,il2_menten_prolif,0,0.05
38163.501989091594,7.51,IL2,il2_menten_prolif,0,0.05
38072.01954571775,7.5200000000000005,IL2,il2_menten_prolif,0,0.05
37980.75639343293,7.53,IL2,il2_menten_prolif,0,0.05
37889.71200675144,7.54,IL2,il2_menten_prolif,0,0.05
37798.88586143279,7.55,IL2,il2_menten_prolif,0,0.05
37708.27743447829,7.5600000000000005,IL2,il2_menten_prolif,0,0.05
37617.88620412994,7.57,IL2,il2_menten_prolif,0,0.05
37527.71164986968,7.58,IL2,il2_menten_prolif,0,0.05
37437.75325241696,7.59,IL2,il2_menten_prolif,0,0.05
37348.01049372648,7.6000000000000005,IL2,il2_menten_prolif,0,0.05
37258.48285698621,7.61,IL2,il2_menten_prolif,0,0.05
37169.169826615995,7.62,IL2,il2_menten_prolif,0,0.05
37080.07088826456,7.63,IL2,il2_menten_prolif,0,0.05
36991.18552880711,7.640000000000001,IL2,il2_menten_prolif,0,0.05
36902.51323634311,7.65,IL2,il2_menten_prolif,0,0.05
36814.05350019478,7.66,IL2,il2_menten_prolif,0,0.05
36725.80581090356,7.67,IL2,il2_menten_prolif,0,0.05
36637.76966022787,7.68,IL2,il2_menten_prolif,0,0.05
36549.94454114053,7.69,IL2,il2_menten_prolif,0,0.05
36462.32994782666,7.7,IL2,il2_menten_prolif,0,0.05
36374.9253756805,7.71,IL2,il2_menten_prolif,0,0.05
36287.73032130297,7.72,IL2,il2_menten_prolif,0,0.05
36200.744282499014,7.73,IL2,il2_menten_prolif,0,0.05
36113.96675827527,7.74,IL2,il2_menten_prolif,0,0.05
36027.39724883697,7.75,IL2,il2_menten_prolif,0,0.05
35941.035255585346,7.76,IL2,il2_menten_prolif,0,0.05
35854.88028111501,7.7700000000000005,IL2,il2_menten_prolif,0,0.05
35768.93182921127,7.78,IL2,il2_menten_prolif,0,0.05
35683.189404847326,7.79,IL2,il2_menten_prolif,0,0.05
35597.65251418153,7.8,IL2,il2_menten_prolif,0,0.05
35512.320664554674,7.8100000000000005,IL2,il2_menten_prolif,0,0.05
35427.19336448739,7.82,IL2,il2_menten_prolif,0,0.05
35342.27012367724,7.83,IL2,il2_menten_prolif,0,0.05
35257.55045299602,7.84,IL2,il2_menten_prolif,0,0.05
35173.03386448703,7.8500000000000005,IL2,il2_menten_prolif,0,0.05
35088.71987136242,7.86,IL2,il2_menten_prolif,0,0.05
35004.60798800032,7.87,IL2,il2_menten_prolif,0,0.05
34920.69772994214,7.88,IL2,il2_menten_prolif,0,0.05
34836.98861388986,7.890000000000001,IL2,il2_menten_prolif,0,0.05
34753.48015770331,7.9,IL2,il2_menten_prolif,0,0.05
34670.17188039739,7.91,IL2,il2_menten_prolif,0,0.05
34587.063302139344,7.92,IL2,il2_menten_prolif,0,0.05
34504.15394424606,7.930000000000001,IL2,il2_menten_prolif,0,0.05
34421.44332918138,7.94,IL2,il2_menten_prolif,0,0.05
34338.930980553254,7.95,IL2,il2_menten_prolif,0,0.05
34256.616423111176,7.96,IL2,il2_menten_prolif,0,0.05
34174.499182743384,7.97,IL2,il2_menten_prolif,0,0.05
34092.57878647417,7.98,IL2,il2_menten_prolif,0,0.05
34010.8547624612,7.99,IL2,il2_menten_prolif,0,0.05
33929.32663999275,8.0,IL2,il2_menten_prolif,0,0.05
33847.993949485135,8.01,IL2,il2_menten_prolif,0,0.05
33766.85622247991,8.02,IL2,il2_menten_prolif,0,0.05
33685.91299164122,8.03,IL2,il2_menten_prolif,0,0.05
33605.16379075317,8.040000000000001,IL2,il2_menten_prolif,0,0.05
33524.608154717076,8.05,IL2,il2_menten_prolif,0,0.05
33444.24561954888,8.06,IL2,il2_menten_prolif,0,0.05
33364.07572237644,8.07,IL2,il2_menten_prolif,0,0.05
33284.098001436854,8.08,IL2,il2_menten_prolif,0,0.05
33204.31199607387,8.09,IL2,il2_menten_prolif,0,0.05
33124.71724673519,8.1,IL2,il2_menten_prolif,0,0.05
33045.313294969914,8.11,IL2,il2_menten_prolif,0,0.05
32966.09968342579,8.120000000000001,IL2,il2_menten_prolif,0,0.05
32887.07595584668,8.13,IL2,il2_menten_prolif,0,0.05
32808.241657069906,8.14,IL2,il2_menten_prolif,0,0.05
32729.596333023655,8.15,IL2,il2_menten_prolif,0,0.05
32651.139530724315,8.16,IL2,il2_menten_prolif,0,0.05
32572.870798273958,8.17,IL2,il2_menten_prolif,0,0.05
32494.789684857664,8.18,IL2,il2_menten_prolif,0,0.05
32416.89574074099,8.19,IL2,il2_menten_prolif,0,0.05
32339.188517267343,8.2,IL2,il2_menten_prolif,0,0.05
32261.667566855416,8.21,IL2,il2_menten_prolif,0,0.05
32184.332442996652,8.22,IL2,il2_menten_prolif,0,0.05
32107.18270025261,8.23,IL2,il2_menten_prolif,0,0.05
32030.217894252433,8.24,IL2,il2_menten_prolif,0,0.05
31953.437581690312,8.25,IL2,il2_menten_prolif,0,0.05
31876.84132032293,8.26,IL2,il2_menten_prolif,0,0.05
31800.428668966888,8.27,IL2,il2_menten_prolif,0,0.05
31724.19918749619,8.28,IL2,il2_menten_prolif,0,0.05
31648.15243683973,8.290000000000001,IL2,il2_menten_prolif,0,0.05
31572.287978978777,8.3,IL2,il2_menten_prolif,0,0.05
31496.605376944368,8.31,IL2,il2_menten_prolif,0,0.05
31421.104194814878,8.32,IL2,il2_menten_prolif,0,0.05
31345.7839977135,8.33,IL2,il2_menten_prolif,0,0.05
31270.64435180572,8.34,IL2,il2_menten_prolif,0,0.05
31195.684824296844,8.35,IL2,il2_menten_prolif,0,0.05
31120.9049834295,8.36,IL2,il2_menten_prolif,0,0.05
31046.304398481112,8.370000000000001,IL2,il2_menten_prolif,0,0.05
30971.882639761523,8.38,IL2,il2_menten_prolif,0,0.05
30897.63927861044,8.39,IL2,il2_menten_prolif,0,0.05
30823.573887394974,8.4,IL2,il2_menten_prolif,0,0.05
30749.6860395072,8.41,IL2,il2_menten_prolif,0,0.05
30675.975309361696,8.42,IL2,il2_menten_prolif,0,0.05
30602.441272393124,8.43,IL2,il2_menten_prolif,0,0.05
30529.083505053713,8.44,IL2,il2_menten_prolif,0,0.05
30455.901584810905,8.45,IL2,il2_menten_prolif,0,0.05
30382.895090144848,8.46,IL2,il2_menten_prolif,0,0.05
30310.063600546084,8.47,IL2,il2_menten_prolif,0,0.05
30237.406696512953,8.48,IL2,il2_menten_prolif,0,0.05
30164.923959549364,8.49,IL2,il2_menten_prolif,0,0.05
30092.614972162242,8.5,IL2,il2_menten_prolif,0,0.05
30020.47931785923,8.51,IL2,il2_menten_prolif,0,0.05
29948.516581146214,8.52,IL2,il2_menten_prolif,0,0.05
29876.726347524982,8.53,IL2,il2_menten_prolif,0,0.05
29805.108203490807,8.540000000000001,IL2,il2_menten_prolif,0,0.05
29733.661736530128,8.55,IL2,il2_menten_prolif,0,0.05
29662.386535118087,8.56,IL2,il2_menten_prolif,0,0.05
29591.282188716206,8.57,IL2,il2_menten_prolif,0,0.05
29520.348287770015,8.58,IL2,il2_menten_prolif,0,0.05
29449.58442370675,8.59,IL2,il2_menten_prolif,0,0.05
29378.990188932898,8.6,IL2,il2_menten_prolif,0,0.05
29308.565176831922,8.61,IL2,il2_menten_prolif,0,0.05
29238.308981761904,8.620000000000001,IL2,il2_menten_prolif,0,0.05
29168.221199053238,8.63,IL2,il2_menten_prolif,0,0.05
29098.301425006248,8.64,IL2,il2_menten_prolif,0,0.05
29028.549256888877,8.65,IL2,il2_menten_prolif,0,0.05
28958.9642929344,8.66,IL2,il2_menten_prolif,0,0.05
28889.5461323391,8.67,IL2,il2_menten_prolif,0,0.05
28820.294375259935,8.68,IL2,il2_menten_prolif,0,0.05
28751.20862281227,8.69,IL2,il2_menten_prolif,0,0.05
28682.288477067545,8.700000000000001,IL2,il2_menten_prolif,0,0.05
28613.53354105105,8.71,IL2,il2_menten_prolif,0,0.05
28544.943418739545,8.72,IL2,il2_menten_prolif,0,0.05
28476.517715059053,8.73,IL2,il2_menten_prolif,0,0.05
28408.256035882572,8.74,IL2,il2_menten_prolif,0,0.05
28340.15798802778,8.75,IL2,il2_menten_prolif,0,0.05
28272.223179254794,8.76,IL2,il2_menten_prolif,0,0.05
28204.451218263923,8.77,IL2,il2_menten_prolif,0,0.05
28136.841714693383,8.78,IL2,il2_menten_prolif,0,0.05
28069.39427911705,8.790000000000001,IL2,il2_menten_prolif,0,0.05
28002.108523042287,8.8,IL2,il2_menten_prolif,0,0.05
27934.984058907605,8.81,IL2,il2_menten_prolif,0,0.05
27868.02050008052,8.82,IL2,il2_menten_prolif,0,0.05
27801.21746085525,8.83,IL2,il2_menten_prolif,0,0.05
27734.574556450567,8.84,IL2,il2_menten_prolif,0,0.05
27668.09140300752,8.85,IL2,il2_menten_prolif,0,0.05
27601.767617587277,8.86,IL2,il2_menten_prolif,0,0.05
27535.60281816888,8.870000000000001,IL2,il2_menten_prolif,0,0.05
27469.5966236471,8.88,IL2,il2_menten_prolif,0,0.05
27403.748653830156,8.89,IL2,il2_menten_prolif,0,0.05
27338.0585294376,8.9,IL2,il2_menten_prolif,0,0.05
27272.525872098107,8.91,IL2,il2_menten_prolif,0,0.05
27207.1503043473,8.92,IL2,il2_menten_prolif,0,0.05
27141.93144962557,8.93,IL2,il2_menten_prolif,0,0.05
27076.86893227592,8.94,IL2,il2_menten_prolif,0,0.05
27011.962377541782,8.950000000000001,IL2,il2_menten_prolif,0,0.05
26947.2114115649,8.96,IL2,il2_menten_prolif,0,0.05
26882.615661383134,8.97,IL2,il2_menten_prolif,0,0.05
26818.174754928325,8.98,IL2,il2_menten_prolif,0,0.05
26753.888321024166,8.99,IL2,il2_menten_prolif,0,0.05
26689.75598938405,9.0,IL2,il2_menten_prolif,0,0.05
26625.777390608935,9.01,IL2,il2_menten_prolif,0,0.05
26561.952156185267,9.02,IL2,il2_menten_prolif,0,0.05
26498.279918482767,9.03,IL2,il2_menten_prolif,0,0.05
26434.760310752383,9.040000000000001,IL2,il2_menten_prolif,0,0.05
26371.39296712418,9.05,IL2,il2_menten_prolif,0,0.05
26308.177522605183,9.06,IL2,il2_menten_prolif,0,0.05
26245.11361307734,9.07,IL2,il2_menten_prolif,0,0.05
26182.200875295355,9.08,IL2,il2_menten_prolif,0,0.05
26119.43894688465,9.09,IL2,il2_menten_prolif,0,0.05
26056.827466339266,9.1,IL2,il2_menten_prolif,0,0.05
25994.366073019773,9.11,IL2,il2_menten_prolif,0,0.05
25932.05440715119,9.120000000000001,IL2,il2_menten_prolif,0,0.05
25869.892109820943,9.13,IL2,il2_menten_prolif,0,0.05
25807.878822976752,9.14,IL2,il2_menten_prolif,0,0.05
25746.014189424604,9.15,IL2,il2_menten_prolif,0,0.05
25684.297852826683,9.16,IL2,il2_menten_prolif,0,0.05
25622.72945769931,9.17,IL2,il2_menten_prolif,0,0.05
25561.308649410952,9.18,IL2,il2_menten_prolif,0,0.05
25500.03507418008,9.19,IL2,il2_menten_prolif,0,0.05
25438.908379073197,9.200000000000001,IL2,il2_menten_prolif,0,0.05
25377.92821200284,9.21,IL2,il2_menten_prolif,0,0.05
25317.094221725467,9.22,IL2,il2_menten_prolif,0,0.05
25256.406057839482,9.23,IL2,il2_menten_prolif,0,0.05
25195.863370783212,9.24,IL2,il2_menten_prolif,0,0.05
25135.465811832906,9.25,IL2,il2_menten_prolif,0,0.05
25075.213033100692,9.26,IL2,il2_menten_prolif,0,0.05
25015.10468753262,9.27,IL2,il2_menten_prolif,0,0.05
24955.140428906634,9.28,IL2,il2_menten_prolif,0,0.05
24895.31991183055,9.290000000000001,IL2,il2_menten_prolif,0,0.05
24835.64279174016,9.3,IL2,il2_menten_prolif,0,0.05
24776.108724897145,9.31,IL2,il2_menten_prolif,0,0.05
24716.71736838716,9.32,IL2,il2_menten_prolif,0,0.05
24657.468380117825,9.33,IL2,il2_menten_prolif,0,0.05
24598.36141881677,9.34,IL2,il2_menten_prolif,0,0.05
24539.396144029688,9.35,IL2,il2_menten_prolif,0,0.05
24480.57221611833,9.36,IL2,il2_menten_prolif,0,0.05
24421.88929625858,9.370000000000001,IL2,il2_menten_prolif,0,0.05
24363.34704643853,9.38,IL2,il2_menten_prolif,0,0.05
24304.945129456457,9.39,IL2,il2_menten_prolif,0,0.05
24246.68320891895,9.4,IL2,il2_menten_prolif,0,0.05
24188.56094923894,9.41,IL2,il2_menten_prolif,0,0.05
24130.57801563378,9.42,IL2,il2_menten_prolif,0,0.05
24072.734074123306,9.43,IL2,il2_menten_prolif,0,0.05
24015.028791527955,9.44,IL2,il2_menten_prolif,0,0.05
23957.461835466744,9.450000000000001,IL2,il2_menten_prolif,0,0.05
23900.032874355507,9.46,IL2,il2_menten_prolif,0,0.05
23842.741577404842,9.47,IL2,il2_menten_prolif,0,0.05
23785.587614618285,9.48,IL2,il2_menten_prolif,0,0.05
23728.570656790413,9.49,IL2,il2_menten_prolif,0,0.05
23671.690375504884,9.5,IL2,il2_menten_prolif,0,0.05
23614.946443132634,9.51,IL2,il2_menten_prolif,0,0.05
23558.338532829897,9.52,IL2,il2_menten_prolif,0,0.05
23501.86631853642,9.53,IL2,il2_menten_prolif,0,0.05
23445.52947497349,9.540000000000001,IL2,il2_menten_prolif,0,0.05
23389.327677642155,9.55,IL2,il2_menten_prolif,0,0.05
23333.260602821265,9.56,IL2,il2_menten_prolif,0,0.05
23277.327927565668,9.57,IL2,il2_menten_prolif,0,0.05
23221.529329704335,9.58,IL2,il2_menten_prolif,0,0.05
23165.864487838484,9.59,IL2,il2_menten_prolif,0,0.05
23110.333081339762,9.6,IL2,il2_menten_prolif,0,0.05
23054.934790348394,9.61,IL2,il2_menten_prolif,0,0.05
22999.669295771284,9.620000000000001,IL2,il2_menten_prolif,0,0.05
22944.536279280288,9.63,IL2,il2_menten_prolif,0,0.05
22889.535423310263,9.64,IL2,il2_menten_prolif,0,0.05
22834.666411057315,9.65,IL2,il2_menten_prolif,0,0.05
22779.928926476954,9.66,IL2,il2_menten_prolif,0,0.05
22725.322654282252,9.67,IL2,il2_menten_prolif,0,0.05
22670.847279942063,9.68,IL2,il2_menten_prolif,0,0.05
22616.502489679195,9.69,IL2,il2_menten_prolif,0,0.05
22562.28797046857,9.700000000000001,IL2,il2_menten_prolif,0,0.05
22508.203410035512,9.71,IL2,il2_menten_prolif,0,0.05
22454.248496853845,9.72,IL2,il2_menten_prolif,0,0.05
22400.422920144156,9.73,IL2,il2_menten_prolif,0,0.05
22346.726369872005,9.74,IL2,il2_menten_prolif,0,0.05
22293.1585367461,9.75,IL2,il2_menten_prolif,0,0.05
22239.719112216582,9.76,IL2,il2_menten_prolif,0,0.05
22186.40778847318,9.77,IL2,il2_menten_prolif,0,0.05
22133.224258443464,9.78,IL2,il2_menten_prolif,0,0.05
22080.16821579111,9.790000000000001,IL2,il2_menten_prolif,0,0.05
22027.23935491409,9.8,IL2,il2_menten_prolif,0,0.05
21974.437370942927,9.81,IL2,il2_menten_prolif,0,0.05
21921.761959738928,9.82,IL2,il2_menten_prolif,0,0.05
21869.212817892483,9.83,IL2,il2_menten_prolif,0,0.05
21816.789642721225,9.84,IL2,il2_menten_prolif,0,0.05
21764.492132268395,9.85,IL2,il2_menten_prolif,0,0.05
21712.31998530102,9.86,IL2,il2_menten_prolif,0,0.05
21660.272901308188,9.870000000000001,IL2,il2_menten_prolif,0,0.05
21608.3505804994,9.88,IL2,il2_menten_prolif,0,0.05
21556.552723802713,9.89,IL2,il2_menten_prolif,0,0.05
21504.879032863122,9.9,IL2,il2_menten_prolif,0,0.05
21453.3292100408,9.91,IL2,il2_menten_prolif,0,0.05
21401.902958409366,9.92,IL2,il2_menten_prolif,0,0.05
21350.59998175422,9.93,IL2,il2_menten_prolif,0,0.05
21299.41998457082,9.94,IL2,il2_menten_prolif,0,0.05
21248.36267206294,9.950000000000001,IL2,il2_menten_prolif,0,0.05
21197.42775014104,9.96,IL2,il2_menten_prolif,0,0.05
21146.61492542053,9.97,IL2,il2_menten_prolif,0,0.05
21095.92390522008,9.98,IL2,il2_menten_prolif,0,0.05
21045.354397559946,9.99,IL2,il2_menten_prolif,0,0.05
20994.906111160286,10.0,IL2,il2_menten_prolif,0,0.05
20944.57875543948,10.01,IL2,il2_menten_prolif,0,0.05
20894.372040512477,10.02,IL2,il2_menten_prolif,0,0.05
20844.28567718907,10.03,IL2,il2_menten_prolif,0,0.05
20794.319376972286,10.040000000000001,IL2,il2_menten_prolif,0,0.05
20744.472852056737,10.05,IL2,il2_menten_prolif,0,0.05
20694.74581532688,10.06,IL2,il2_menten_prolif,0,0.05
20645.13798035545,10.07,IL2,il2_menten_prolif,0,0.05
20595.64906140174,10.08,IL2,il2_menten_prolif,0,0.05
20546.278773410024,10.09,IL2,il2_menten_prolif,0,0.05
20497.026832007865,10.1,IL2,il2_menten_prolif,0,0.05
20447.892953504495,10.11,IL2,il2_menten_prolif,0,0.05
20398.876854889182,10.120000000000001,IL2,il2_menten_prolif,0,0.05
20349.9782538296,10.13,IL2,il2_menten_prolif,0,0.05
20301.196868670195,10.14,IL2,il2_menten_prolif,0,0.05
20252.53241843057,10.15,IL2,il2_menten_prolif,0,0.05
20203.984622803855,10.16,IL2,il2_menten_prolif,0,0.05
20155.553202155133,10.17,IL2,il2_menten_prolif,0,0.05
20107.237877519758,10.18,IL2,il2_menten_prolif,0,0.05
20059.038370601826,10.19,IL2,il2_menten_prolif,0,0.05
20010.9544037725,10.200000000000001,IL2,il2_menten_prolif,0,0.05
19962.98570006848,10.21,IL2,il2_menten_prolif,0,0.05
19915.131983190353,10.22,IL2,il2_menten_prolif,0,0.05
19867.392977501033,10.23,IL2,il2_menten_prolif,0,0.05
19819.76840802416,10.24,IL2,il2_menten_prolif,0,0.05
19772.258000442518,10.25,IL2,il2_menten_prolif,0,0.05
19724.861481096457,10.26,IL2,il2_menten_prolif,0,0.05
19677.578576982316,10.27,IL2,il2_menten_prolif,0,0.05
19630.40901575085,10.28,IL2,il2_menten_prolif,0,0.05
19583.352525705657,10.290000000000001,IL2,il2_menten_prolif,0,0.05
19536.408835801645,10.3,IL2,il2_menten_prolif,0,0.05
19489.57767564342,10.31,IL2,il2_menten_prolif,0,0.05
19442.85877548375,10.32,IL2,il2_menten_prolif,0,0.05
19396.251866222035,10.33,IL2,il2_menten_prolif,0,0.05
19349.756679402715,10.34,IL2,il2_menten_prolif,0,0.05
19303.372947213757,10.35,IL2,il2_menten_prolif,0,0.05
19257.10040248509,10.36,IL2,il2_menten_prolif,0,0.05
19210.9387786871,10.370000000000001,IL2,il2_menten_prolif,0,0.05
19164.887809929056,10.38,IL2,il2_menten_prolif,0,0.05
19118.94723095759,10.39,IL2,il2_menten_prolif,0,0.05
19073.116777155185,10.4,IL2,il2_menten_prolif,0,0.05
19027.39618453863,10.41,IL2,il2_menten_prolif,0,0.05
18981.785189757516,10.42,IL2,il2_menten_prolif,0,0.05
18936.283530092704,10.43,IL2,il2_menten_prolif,0,0.05
18890.89094345484,10.44,IL2,il2_menten_prolif,0,0.05
18845.607168382794,10.450000000000001,IL2,il2_menten_prolif,0,0.05
18800.43194404222,10.46,IL2,il2_menten_prolif,0,0.05
18755.365010223995,10.47,IL2,il2_menten_prolif,0,0.05
18710.40610734275,10.48,IL2,il2_menten_prolif,0,0.05
18665.554976435385,10.49,IL2,il2_menten_prolif,0,0.05
18620.811359159532,10.5,IL2,il2_menten_prolif,0,0.05
18576.17499779212,10.51,IL2,il2_menten_prolif,0,0.05
18531.645635227876,10.52,IL2,il2_menten_prolif,0,0.05
18487.223014977793,10.53,IL2,il2_menten_prolif,0,0.05
18442.906881167746,10.540000000000001,IL2,il2_menten_prolif,0,0.05
18398.69697853694,10.55,IL2,il2_menten_prolif,0,0.05
18354.593052436478,10.56,IL2,il2_menten_prolif,0,0.05
18310.59484882787,10.57,IL2,il2_menten_prolif,0,0.05
18266.7021142816,10.58,IL2,il2_menten_prolif,0,0.05
18222.914595975642,10.59,IL2,il2_menten_prolif,0,0.05
18179.23204169401,10.6,IL2,il2_menten_prolif,0,0.05
18135.6541998253,10.61,IL2,il2_menten_prolif,0,0.05
18092.180819361263,10.620000000000001,IL2,il2_menten_prolif,0,0.05
18048.81164989535,10.63,IL2,il2_menten_prolif,0,0.05
18005.546441621245,10.64,IL2,il2_menten_prolif,0,0.05
17962.38494533144,10.65,IL2,il2_menten_prolif,0,0.05
17919.326912415832,10.66,IL2,il2_menten_prolif,0,0.05
17876.372094860242,10.67,IL2,il2_menten_prolif,0,0.05
17833.52024524501,10.68,IL2,il2_menten_prolif,0,0.05
17790.77111674358,10.69,IL2,il2_menten_prolif,0,0.05
17748.12446312105,10.700000000000001,IL2,il2_menten_prolif,0,0.05
17705.580038732787,10.71,IL2,il2_menten_prolif,0,0.05
17663.13759852298,10.72,IL2,il2_menten_prolif,0,0.05
17620.79689802326,10.73,IL2,il2_menten_prolif,0,0.05
17578.557693351264,10.74,IL2,il2_menten_prolif,0,0.05
17536.419741209236,10.75,IL2,il2_menten_prolif,0,0.05
17494.38279888265,10.76,IL2,il2_menten_prolif,0,0.05
17452.44662423878,10.77,IL2,il2_menten_prolif,0,0.05
17410.61097572532,10.78,IL2,il2_menten_prolif,0,0.05
17368.875612368993,10.790000000000001,IL2,il2_menten_prolif,0,0.05
17327.24029377418,10.8,IL2,il2_menten_prolif,0,0.05
17285.704780121487,10.81,IL2,il2_menten_prolif,0,0.05
17244.268832166414,10.82,IL2,il2_menten_prolif,0,0.05
17202.932211237945,10.83,IL2,il2_menten_prolif,0,0.05
17161.694679237196,10.84,IL2,il2_menten_prolif,0,0.05
17120.555998636024,10.85,IL2,il2_menten_prolif,0,0.05
17079.515932475675,10.86,IL2,il2_menten_prolif,0,0.05
17038.574244365398,10.870000000000001,IL2,il2_menten_prolif,0,0.05
16997.730698481126,10.88,IL2,il2_menten_prolif,0,0.05
16956.98505956406,10.89,IL2,il2_menten_prolif,0,0.05
16916.33709291935,10.9,IL2,il2_menten_prolif,0,0.05
16875.786564414746,10.91,IL2,il2_menten_prolif,0,0.05
16835.333240479235,10.92,IL2,il2_menten_prolif,0,0.05
16794.976888101683,10.93,IL2,il2_menten_prolif,0,0.05
16754.71727482954,10.94,IL2,il2_menten_prolif,0,0.05
16714.55416876745,10.950000000000001,IL2,il2_menten_prolif,0,0.05
16674.487338575942,10.96,IL2,il2_menten_prolif,0,0.05
16634.5165534701,10.97,IL2,il2_menten_prolif,0,0.05
16594.641583218217,10.98,IL2,il2_menten_prolif,0,0.05
16554.862198140476,10.99,IL2,il2_menten_prolif,0,0.05
16515.178169107632,11.0,IL2,il2_menten_prolif,0,0.05
16475.589267539694,11.01,IL2,il2_menten_prolif,0,0.05
16436.095265404598,11.02,IL2,il2_menten_prolif,0,0.05
16396.695935216896,11.03,IL2,il2_menten_prolif,0,0.05
16357.391050036444,11.040000000000001,IL2,il2_menten_prolif,0,0.05
16318.180383467121,11.05,IL2,il2_menten_prolif,0,0.05
16279.063709655493,11.06,IL2,il2_menten_prolif,0,0.05
16240.040803289521,11.07,IL2,il2_menten_prolif,0,0.05
16201.111439597247,11.08,IL2,il2_menten_prolif,0,0.05
16162.275394345552,11.09,IL2,il2_menten_prolif,0,0.05
16123.532443838809,11.1,IL2,il2_menten_prolif,0,0.05
16084.882364917607,11.11,IL2,il2_menten_prolif,0,0.05
16046.324934957485,11.120000000000001,IL2,il2_menten_prolif,0,0.05
16007.85993186766,11.13,IL2,il2_menten_prolif,0,0.05
15969.487134089683,11.14,IL2,il2_menten_prolif,0,0.05
15931.206320596237,11.15,IL2,il2_menten_prolif,0,0.05
15893.017270889832,11.16,IL2,il2_menten_prolif,0,0.05
15854.919765001516,11.17,IL2,il2_menten_prolif,0,0.05
15816.913583489646,11.18,IL2,il2_menten_prolif,0,0.05
15778.998507438599,11.19,IL2,il2_menten_prolif,0,0.05
15741.174318457513,11.200000000000001,IL2,il2_menten_prolif,0,0.05
15703.440798679057,11.21,IL2,il2_menten_prolif,0,0.05
15665.797730758128,11.22,IL2,il2_menten_prolif,0,0.05
15628.244897870634,11.23,IL2,il2_menten_prolif,0,0.05
15590.782083712242,11.24,IL2,il2_menten_prolif,0,0.05
15553.40907249711,11.25,IL2,il2_menten_prolif,0,0.05
15516.12564895668,11.26,IL2,il2_menten_prolif,0,0.05
15478.931598338397,11.27,IL2,il2_menten_prolif,0,0.05
15441.82670640451,11.28,IL2,il2_menten_prolif,0,0.05
15404.810759430798,11.290000000000001,IL2,il2_menten_prolif,0,0.05
15367.883544205406,11.3,IL2,il2_menten_prolif,0,0.05
15331.04484802753,11.31,IL2,il2_menten_prolif,0,0.05
15294.294458706247,11.32,IL2,il2_menten_prolif,0,0.05
15257.632164559283,11.33,IL2,il2_menten_prolif,0,0.05
15221.057754411802,11.34,IL2,il2_menten_prolif,0,0.05
15184.571017595157,11.35,IL2,il2_menten_prolif,0,0.05
15148.171743945717,11.36,IL2,il2_menten_prolif,0,0.05
15111.85972380362,11.370000000000001,IL2,il2_menten_prolif,0,0.05
15075.634748011613,11.38,IL2,il2_menten_prolif,0,0.05
15039.496607913781,11.39,IL2,il2_menten_prolif,0,0.05
15003.445095354407,11.4,IL2,il2_menten_prolif,0,0.05
14967.48000267674,11.41,IL2,il2_menten_prolif,0,0.05
14931.601122721811,11.42,IL2,il2_menten_prolif,0,0.05
14895.808248827223,11.43,IL2,il2_menten_prolif,0,0.05
14860.101174825988,11.44,IL2,il2_menten_prolif,0,0.05
14824.47969504531,11.450000000000001,IL2,il2_menten_prolif,0,0.05
14788.943604305434,11.46,IL2,il2_menten_prolif,0,0.05
14753.492697918433,11.47,IL2,il2_menten_prolif,0,0.05
14718.126771687033,11.48,IL2,il2_menten_prolif,0,0.05
14682.845621903467,11.49,IL2,il2_menten_prolif,0,0.05
14647.649045348258,11.5,IL2,il2_menten_prolif,0,0.05
14612.536839289083,11.51,IL2,il2_menten_prolif,0,0.05
14577.50880147959,11.52,IL2,il2_menten_prolif,0,0.05
14542.564730158228,11.53,IL2,il2_menten_prolif,0,0.05
14507.704424047104,11.540000000000001,IL2,il2_menten_prolif,0,0.05
14472.927682350812,11.55,IL2,il2_menten_prolif,0,0.05
14438.234304755262,11.56,IL2,il2_menten_prolif,0,0.05
14403.624091426555,11.57,IL2,il2_menten_prolif,0,0.05
14369.09684300981,11.58,IL2,il2_menten_prolif,0,0.05
14334.65236062802,11.59,IL2,il2_menten_prolif,0,0.05
14300.290445880933,11.6,IL2,il2_menten_prolif,0,0.05
14266.01090084385,11.61,IL2,il2_menten_prolif,0,0.05
14231.813528066545,11.620000000000001,IL2,il2_menten_prolif,0,0.05
14197.698130572106,11.63,IL2,il2_menten_prolif,0,0.05
14163.664511855783,11.64,IL2,il2_menten_prolif,0,0.05
14129.712475883882,11.65,IL2,il2_menten_prolif,0,0.05
14095.84182709262,11.66,IL2,il2_menten_prolif,0,0.05
14062.052370387002,11.67,IL2,il2_menten_prolif,0,0.05
14028.34391113971,11.68,IL2,il2_menten_prolif,0,0.05
13994.716255189958,11.69,IL2,il2_menten_prolif,0,0.05
13961.169208842386,11.700000000000001,IL2,il2_menten_prolif,0,0.05
13927.702578865967,11.71,IL2,il2_menten_prolif,0,0.05
13894.316172492847,11.72,IL2,il2_menten_prolif,0,0.05
13861.009797417268,11.73,IL2,il2_menten_prolif,0,0.05
13827.783261794455,11.74,IL2,il2_menten_prolif,0,0.05
13794.636374239504,11.75,IL2,il2_menten_prolif,0,0.05
13761.568943826283,11.76,IL2,il2_menten_prolif,0,0.05
13728.580780086337,11.77,IL2,il2_menten_prolif,0,0.05
13695.671693007782,11.78,IL2,il2_menten_prolif,0,0.05
13662.841493034211,11.790000000000001,IL2,il2_menten_prolif,0,0.05
13630.089991063625,11.8,IL2,il2_menten_prolif,0,0.05
13597.416998447308,11.81,IL2,il2_menten_prolif,0,0.05
13564.822326988766,11.82,IL2,il2_menten_prolif,0,0.05
13532.305788942627,11.83,IL2,il2_menten_prolif,0,0.05
13499.867197013573,11.84,IL2,il2_menten_prolif,0,0.05
13467.50636435525,11.85,IL2,il2_menten_prolif,0,0.05
13435.223104569206,11.86,IL2,il2_menten_prolif,0,0.05
13403.01723170379,11.870000000000001,IL2,il2_menten_prolif,0,0.05
13370.888560253135,11.88,IL2,il2_menten_prolif,0,0.05
13338.836905156015,11.89,IL2,il2_menten_prolif,0,0.05
13306.862081794836,11.9,IL2,il2_menten_prolif,0,0.05
13274.963905994558,11.91,IL2,il2_menten_prolif,0,0.05
13243.142194021626,11.92,IL2,il2_menten_prolif,0,0.05
13211.396762582914,11.93,IL2,il2_menten_prolif,0,0.05
13179.727428824675,11.94,IL2,il2_menten_prolif,0,0.05
13148.134010331478,11.950000000000001,IL2,il2_menten_prolif,0,0.05
13116.616325125173,11.96,IL2,il2_menten_prolif,0,0.05
13085.174191663833,11.97,IL2,il2_menten_prolif,0,0.05
13053.807428840704,11.98,IL2,il2_menten_prolif,0,0.05
13022.51585598316,11.99,IL2,il2_menten_prolif,0,0.05
12991.299292851683,12.0,IL2,il2_menten_prolif,0,0.05
12960.157559638807,12.01,IL2,il2_menten_prolif,0,0.05
12929.090476968084,12.02,IL2,il2_menten_prolif,0,0.05
12898.097865893042,12.030000000000001,IL2,il2_menten_prolif,0,0.05
12867.179547896194,12.040000000000001,IL2,il2_menten_prolif,0,0.05
12836.335344887953,12.05,IL2,il2_menten_prolif,0,0.05
12805.565079205648,12.06,IL2,il2_menten_prolif,0,0.05
12774.868573612483,12.07,IL2,il2_menten_prolif,0,0.05
12744.245651296511,12.08,IL2,il2_menten_prolif,0,0.05
12713.69613586965,12.09,IL2,il2_menten_prolif,0,0.05
12683.21985136661,12.1,IL2,il2_menten_prolif,0,0.05
12652.816622243936,12.11,IL2,il2_menten_prolif,0,0.05
12622.486273378954,12.120000000000001,IL2,il2_menten_prolif,0,0.05
12592.228630068801,12.13,IL2,il2_menten_prolif,0,0.05
12562.043518029375,12.14,IL2,il2_menten_prolif,0,0.05
12531.930763394372,12.15,IL2,il2_menten_prolif,0,0.05
12501.890192714252,12.16,IL2,il2_menten_prolif,0,0.05
12471.921632955266,12.17,IL2,il2_menten_prolif,0,0.05
12442.024911498438,12.18,IL2,il2_menten_prolif,0,0.05
12412.199856138592,12.19,IL2,il2_menten_prolif,0,0.05
12382.44629508333,12.200000000000001,IL2,il2_menten_prolif,0,0.05
12352.764056952092,12.21,IL2,il2_menten_prolif,0,0.05
12323.15297077511,12.22,IL2,il2_menten_prolif,0,0.05
12293.612865992458,12.23,IL2,il2_menten_prolif,0,0.05
12264.143572453075,12.24,IL2,il2_menten_prolif,0,0.05
12234.744920413752,12.25,IL2,il2_menten_prolif,0,0.05
12205.416740538192,12.26,IL2,il2_menten_prolif,0,0.05
12176.158863896013,12.27,IL2,il2_menten_prolif,0,0.05
12146.971121961767,12.280000000000001,IL2,il2_menten_prolif,0,0.05
12117.85334661401,12.290000000000001,IL2,il2_menten_prolif,0,0.05
12088.80537013428,12.3,IL2,il2_menten_prolif,0,0.05
12059.827025206165,12.31,IL2,il2_menten_prolif,0,0.05
12030.918144914336,12.32,IL2,il2_menten_prolif,0,0.05
12002.078562743569,12.33,IL2,il2_menten_prolif,0,0.05
11973.308112577804,12.34,IL2,il2_menten_prolif,0,0.05
11944.606628699188,12.35,IL2,il2_menten_prolif,0,0.05
11915.973945787096,12.36,IL2,il2_menten_prolif,0,0.05
11887.409898917209,12.370000000000001,IL2,il2_menten_prolif,0,0.05
11858.914323560555,12.38,IL2,il2_menten_prolif,0,0.05
11830.487055582553,12.39,IL2,il2_menten_prolif,0,0.05
11802.127931242063,12.4,IL2,il2_menten_prolif,0,0.05
11773.836787190472,12.41,IL2,il2_menten_prolif,0,0.05
11745.61346047072,12.42,IL2,il2_menten_prolif,0,0.05
11717.457788516378,12.43,IL2,il2_menten_prolif,0,0.05
11689.369609150708,12.44,IL2,il2_menten_prolif,0,0.05
11661.348760585723,12.450000000000001,IL2,il2_menten_prolif,0,0.05
11633.39508142128,12.46,IL2,il2_menten_prolif,0,0.05
11605.50841064411,12.47,IL2,il2_menten_prolif,0,0.05
11577.688587626923,12.48,IL2,il2_menten_prolif,0,0.05
11549.935452127473,12.49,IL2,il2_menten_prolif,0,0.05
11522.24884428763,12.5,IL2,il2_menten_prolif,0,0.05
11494.62860463246,12.51,IL2,il2_menten_prolif,0,0.05
11467.074574069315,12.52,IL2,il2_menten_prolif,0,0.05
11439.58659388691,12.530000000000001,IL2,il2_menten_prolif,0,0.05
11412.164505754427,12.540000000000001,IL2,il2_menten_prolif,0,0.05
11384.808151720563,12.55,IL2,il2_menten_prolif,0,0.05
11357.517374212652,12.56,IL2,il2_menten_prolif,0,0.05
11330.292016035746,12.57,IL2,il2_menten_prolif,0,0.05
11303.131920371718,12.58,IL2,il2_menten_prolif,0,0.05
11276.03693077835,12.59,IL2,il2_menten_prolif,0,0.05
11249.006891188434,12.6,IL2,il2_menten_prolif,0,0.05
11222.041645908874,12.61,IL2,il2_menten_prolif,0,0.05
11195.141039619786,12.620000000000001,IL2,il2_menten_prolif,0,0.05
11168.304917373622,12.63,IL2,il2_menten_prolif,0,0.05
11141.533124594247,12.64,IL2,il2_menten_prolif,0,0.05
11114.825507076068,12.65,IL2,il2_menten_prolif,0,0.05
11088.18191098314,12.66,IL2,il2_menten_prolif,0,0.05
11061.602182848277,12.67,IL2,il2_menten_prolif,0,0.05
11035.086169572194,12.68,IL2,il2_menten_prolif,0,0.05
11008.633718422569,12.69,IL2,il2_menten_prolif,0,0.05
10982.244677033219,12.700000000000001,IL2,il2_menten_prolif,0,0.05
10955.918893403214,12.71,IL2,il2_menten_prolif,0,0.05
10929.65621589596,12.72,IL2,il2_menten_prolif,0,0.05
10903.456493238375,12.73,IL2,il2_menten_prolif,0,0.05
10877.319574519988,12.74,IL2,il2_menten_prolif,0,0.05
10851.24530919208,12.75,IL2,il2_menten_prolif,0,0.05
10825.233547066819,12.76,IL2,il2_menten_prolif,0,0.05
10799.28413831639,12.77,IL2,il2_menten_prolif,0,0.05
10773.39693347213,12.780000000000001,IL2,il2_menten_prolif,0,0.05
10747.571783423678,12.790000000000001,IL2,il2_menten_prolif,0,0.05
10721.808539418107,12.8,IL2,il2_menten_prolif,0,0.05
10696.107053059057,12.81,IL2,il2_menten_prolif,0,0.05
10670.467176305901,12.82,IL2,il2_menten_prolif,0,0.05
10644.888761472883,12.83,IL2,il2_menten_prolif,0,0.05
10619.371661228273,12.84,IL2,il2_menten_prolif,0,0.05
10593.915728593503,12.85,IL2,il2_menten_prolif,0,0.05
10568.520816942333,12.86,IL2,il2_menten_prolif,0,0.05
10543.186780000011,12.870000000000001,IL2,il2_menten_prolif,0,0.05
10517.913471842425,12.88,IL2,il2_menten_prolif,0,0.05
10492.700746895243,12.89,IL2,il2_menten_prolif,0,0.05
10467.548459933116,12.9,IL2,il2_menten_prolif,0,0.05
10442.456466078802,12.91,IL2,il2_menten_prolif,0,0.05
10417.42462080235,12.92,IL2,il2_menten_prolif,0,0.05
10392.452779920268,12.93,IL2,il2_menten_prolif,0,0.05
10367.540799594688,12.94,IL2,il2_menten_prolif,0,0.05
10342.688536332535,12.950000000000001,IL2,il2_menten_prolif,0,0.05
10317.89584698471,12.96,IL2,il2_menten_prolif,0,0.05
10293.162588745261,12.97,IL2,il2_menten_prolif,0,0.05
10268.488619150554,12.98,IL2,il2_menten_prolif,0,0.05
10243.87379607846,12.99,IL2,il2_menten_prolif,0,0.05
10219.31797774753,13.0,IL2,il2_menten_prolif,0,0.05
10194.821022716194,13.01,IL2,il2_menten_prolif,0,0.05
10170.382789881918,13.02,IL2,il2_menten_prolif,0,0.05
10146.003138480422,13.030000000000001,IL2,il2_menten_prolif,0,0.05
10121.68192808485,13.040000000000001,IL2,il2_menten_prolif,0,0.05
10097.41901860497,13.05,IL2,il2_menten_prolif,0,0.05
10073.214270286357,13.06,IL2,il2_menten_prolif,0,0.05
10049.067543709592,13.07,IL2,il2_menten_prolif,0,0.05
10024.978699789473,13.08,IL2,il2_menten_prolif,0,0.05
10000.947599774196,13.09,IL2,il2_menten_prolif,0,0.05
9976.974105244557,13.1,IL2,il2_menten_prolif,0,0.05
9953.058078113168,13.11,IL2,il2_menten_prolif,0,0.05
9929.199380623646,13.120000000000001,IL2,il2_menten_prolif,0,0.05
9905.397875349834,13.13,IL2,il2_menten_prolif,0,0.05
9881.653425195002,13.14,IL2,il2_menten_prolif,0,0.05
9857.965893391049,13.15,IL2,il2_menten_prolif,0,0.05
9834.33514349773,13.16,IL2,il2_menten_prolif,0,0.05
9810.761039401867,13.17,IL2,il2_menten_prolif,0,0.05
9787.243445316552,13.18,IL2,il2_menten_prolif,0,0.05
9763.782225780385,13.19,IL2,il2_menten_prolif,0,0.05
9740.377245656673,13.200000000000001,IL2,il2_menten_prolif,0,0.05
9717.02837013268,13.21,IL2,il2_menten_prolif,0,0.05
9693.735464718819,13.22,IL2,il2_menten_prolif,0,0.05
9670.498395247883,13.23,IL2,il2_menten_prolif,0,0.05
9647.3170278743,13.24,IL2,il2_menten_prolif,0,0.05
9624.191229073327,13.25,IL2,il2_menten_prolif,0,0.05
9601.120865640301,13.26,IL2,il2_menten_prolif,0,0.05
9578.105804689874,13.27,IL2,il2_menten_prolif,0,0.05
9555.145913655222,13.280000000000001,IL2,il2_menten_prolif,0,0.05
9532.241060287324,13.290000000000001,IL2,il2_menten_prolif,0,0.05
9509.391112654157,13.3,IL2,il2_menten_prolif,0,0.05
9486.595939139961,13.31,IL2,il2_menten_prolif,0,0.05
9463.855408444482,13.32,IL2,il2_menten_prolif,0,0.05
9441.169389582195,13.33,IL2,il2_menten_prolif,0,0.05
9418.537751881577,13.34,IL2,il2_menten_prolif,0,0.05
9395.960364984328,13.35,IL2,il2_menten_prolif,0,0.05
9373.437098844646,13.36,IL2,il2_menten_prolif,0,0.05
9350.96782372845,13.370000000000001,IL2,il2_menten_prolif,0,0.05
9328.55241021266,13.38,IL2,il2_menten_prolif,0,0.05
9306.190729184435,13.39,IL2,il2_menten_prolif,0,0.05
9283.882651840431,13.4,IL2,il2_menten_prolif,0,0.05
9261.628049686062,13.41,IL2,il2_menten_prolif,0,0.05
9239.426794534764,13.42,IL2,il2_menten_prolif,0,0.05
9217.27875850724,13.43,IL2,il2_menten_prolif,0,0.05
9195.18381403075,13.44,IL2,il2_menten_prolif,0,0.05
9173.14183383835,13.450000000000001,IL2,il2_menten_prolif,0,0.05
9151.15269096818,13.46,IL2,il2_menten_prolif,0,0.05
9129.216258762714,13.47,IL2,il2_menten_prolif,0,0.05
9107.332410868043,13.48,IL2,il2_menten_prolif,0,0.05
9085.501021233149,13.49,IL2,il2_menten_prolif,0,0.05
9063.721964109163,13.5,IL2,il2_menten_prolif,0,0.05
9041.995114048661,13.51,IL2,il2_menten_prolif,0,0.05
9020.320345904925,13.52,IL2,il2_menten_prolif,0,0.05
8998.697534831233,13.530000000000001,IL2,il2_menten_prolif,0,0.05
8977.126556280142,13.540000000000001,IL2,il2_menten_prolif,0,0.05
8955.607286002749,13.55,IL2,il2_menten_prolif,0,0.05
8934.139600048002,13.56,IL2,il2_menten_prolif,0,0.05
8912.723374761972,13.57,IL2,il2_menten_prolif,0,0.05
8891.358486787143,13.58,IL2,il2_menten_prolif,0,0.05
8870.044813061702,13.59,IL2,il2_menten_prolif,0,0.05
8848.782230818837,13.6,IL2,il2_menten_prolif,0,0.05
8827.570617586007,13.61,IL2,il2_menten_prolif,0,0.05
8806.409851184264,13.620000000000001,IL2,il2_menten_prolif,0,0.05
8785.299809727543,13.63,IL2,il2_menten_prolif,0,0.05
8764.240371621947,13.64,IL2,il2_menten_prolif,0,0.05
8743.23141556505,13.65,IL2,il2_menten_prolif,0,0.05
8722.272820545213,13.66,IL2,il2_menten_prolif,0,0.05
8701.36446584087,13.67,IL2,il2_menten_prolif,0,0.05
8680.506231019841,13.68,IL2,il2_menten_prolif,0,0.05
8659.697995938639,13.69,IL2,il2_menten_prolif,0,0.05
8638.939640741766,13.700000000000001,IL2,il2_menten_prolif,0,0.05
8618.23104586105,13.71,IL2,il2_menten_prolif,0,0.05
8597.572092014923,13.72,IL2,il2_menten_prolif,0,0.05
8576.962660207757,13.73,IL2,il2_menten_prolif,0,0.05
8556.402631729168,13.74,IL2,il2_menten_prolif,0,0.05
8535.891888153337,13.75,IL2,il2_menten_prolif,0,0.05
8515.430311338325,13.76,IL2,il2_menten_prolif,0,0.05
8495.017783425392,13.77,IL2,il2_menten_prolif,0,0.05
8474.654186838317,13.780000000000001,IL2,il2_menten_prolif,0,0.05
8454.339404282742,13.790000000000001,IL2,il2_menten_prolif,0,0.05
8434.07331874545,13.8,IL2,il2_menten_prolif,0,0.05
8413.855813493747,13.81,IL2,il2_menten_prolif,0,0.05
8393.686772074736,13.82,IL2,il2_menten_prolif,0,0.05
8373.566078314692,13.83,IL2,il2_menten_prolif,0,0.05
8353.49361631836,13.84,IL2,il2_menten_prolif,0,0.05
8333.469270468304,13.85,IL2,il2_menten_prolif,0,0.05
8313.492925424238,13.86,IL2,il2_menten_prolif,0,0.05
8293.564466122354,13.870000000000001,IL2,il2_menten_prolif,0,0.05
8273.683777774686,13.88,IL2,il2_menten_prolif,0,0.05
8253.850745868405,13.89,IL2,il2_menten_prolif,0,0.05
8234.065256165197,13.9,IL2,il2_menten_prolif,0,0.05
8214.327194700585,13.91,IL2,il2_menten_prolif,0,0.05
8194.63644778328,13.92,IL2,il2_menten_prolif,0,0.05
8174.992901994531,13.93,IL2,il2_menten_prolif,0,0.05
8155.39644418746,13.94,IL2,il2_menten_prolif,0,0.05
8135.846961486408,13.950000000000001,IL2,il2_menten_prolif,0,0.05
8116.344341286311,13.96,IL2,il2_menten_prolif,0,0.05
8096.888471252021,13.97,IL2,il2_menten_prolif,0,0.05
8077.479239317674,13.98,IL2,il2_menten_prolif,0,0.05
8058.116533686036,13.99,IL2,il2_menten_prolif,0,0.05
8038.80024282788,14.0,IL2,il2_menten_prolif,0,0.05
8019.530255481306,14.01,IL2,il2_menten_prolif,0,0.05
8000.306460651142,14.02,IL2,il2_menten_prolif,0,0.05
7981.1287476082725,14.030000000000001,IL2,il2_menten_prolif,0,0.05
7961.997005889023,14.040000000000001,IL2,il2_menten_prolif,0,0.05
7942.911125294501,14.05,IL2,il2_menten_prolif,0,0.05
7923.870995889995,14.06,IL2,il2_menten_prolif,0,0.05
7904.876508004298,14.07,IL2,il2_menten_prolif,0,0.05
7885.927552229108,14.08,IL2,il2_menten_prolif,0,0.05
7867.0240194183925,14.09,IL2,il2_menten_prolif,0,0.05
7848.165800687748,14.1,IL2,il2_menten_prolif,0,0.05
7829.352787413782,14.11,IL2,il2_menten_prolif,0,0.05
7810.584871233485,14.120000000000001,IL2,il2_menten_prolif,0,0.05
7791.861944043615,14.13,IL2,il2_menten_prolif,0,0.05
7773.183898000056,14.14,IL2,il2_menten_prolif,0,0.05
7754.55062551721,14.15,IL2,il2_menten_prolif,0,0.05
7735.96201926738,14.16,IL2,il2_menten_prolif,0,0.05
7717.417972180143,14.17,IL2,il2_menten_prolif,0,0.05
7698.918377441735,14.18,IL2,il2_menten_prolif,0,0.05
7680.463128494438,14.19,IL2,il2_menten_prolif,0,0.05
7662.0521190359705,14.200000000000001,IL2,il2_menten_prolif,0,0.05
7643.685243018868,14.21,IL2,il2_menten_prolif,0,0.05
7625.3623946498765,14.22,IL2,il2_menten_prolif,0,0.05
7607.083468389332,14.23,IL2,il2_menten_prolif,0,0.05
7588.848358950574,14.24,IL2,il2_menten_prolif,0,0.05
7570.656961299319,14.25,IL2,il2_menten_prolif,0,0.05
7552.509170653071,14.26,IL2,il2_menten_prolif,0,0.05
7534.404882480503,14.27,IL2,il2_menten_prolif,0,0.05
7516.343992500863,14.280000000000001,IL2,il2_menten_prolif,0,0.05
7498.326396683382,14.290000000000001,IL2,il2_menten_prolif,0,0.05
7480.351991246659,14.3,IL2,il2_menten_prolif,0,0.05
7462.420672658061,14.31,IL2,il2_menten_prolif,0,0.05
7444.532337633152,14.32,IL2,il2_menten_prolif,0,0.05
7426.6868831350685,14.33,IL2,il2_menten_prolif,0,0.05
7408.884206373943,14.34,IL2,il2_menten_prolif,0,0.05
7391.12420480631,14.35,IL2,il2_menten_prolif,0,0.05
7373.406776134511,14.36,IL2,il2_menten_prolif,0,0.05
7355.731818306106,14.370000000000001,IL2,il2_menten_prolif,0,0.05
7338.099229513299,14.38,IL2,il2_menten_prolif,0,0.05
7320.508908192322,14.39,IL2,il2_menten_prolif,0,0.05
7302.960753022877,14.4,IL2,il2_menten_prolif,0,0.05
7285.454662927543,14.41,IL2,il2_menten_prolif,0,0.05
7267.990537071194,14.42,IL2,il2_menten_prolif,0,0.05
7250.568274860416,14.43,IL2,il2_menten_prolif,0,0.05
7233.187775942928,14.44,IL2,il2_menten_prolif,0,0.05
7215.848940207008,14.450000000000001,IL2,il2_menten_prolif,0,0.05
7198.551667780918,14.46,IL2,il2_menten_prolif,0,0.05
7181.295859032323,14.47,IL2,il2_menten_prolif,0,0.05
7164.081414567716,14.48,IL2,il2_menten_prolif,0,0.05
7146.908235231847,14.49,IL2,il2_menten_prolif,0,0.05
7129.776222107161,14.5,IL2,il2_menten_prolif,0,0.05
7112.685276513208,14.51,IL2,il2_menten_prolif,0,0.05
7095.635300006099,14.52,IL2,il2_menten_prolif,0,0.05
7078.626194377919,14.530000000000001,IL2,il2_menten_prolif,0,0.05
7061.657861656177,14.540000000000001,IL2,il2_menten_prolif,0,0.05
7044.730204103229,14.55,IL2,il2_menten_prolif,0,0.05
7027.843124215718,14.56,IL2,il2_menten_prolif,0,0.05
7010.99652472402,14.57,IL2,il2_menten_prolif,0,0.05
6994.1903085916765,14.58,IL2,il2_menten_prolif,0,0.05
6977.424379014834,14.59,IL2,il2_menten_prolif,0,0.05
6960.698639421695,14.6,IL2,il2_menten_prolif,0,0.05
6944.012993471948,14.61,IL2,il2_menten_prolif,0,0.05
6927.367345056231,14.620000000000001,IL2,il2_menten_prolif,0,0.05
6910.761598295564,14.63,IL2,il2_menten_prolif,0,0.05
6894.195657540795,14.64,IL2,il2_menten_prolif,0,0.05
6877.669427372066,14.65,IL2,il2_menten_prolif,0,0.05
6861.182812598237,14.66,IL2,il2_menten_prolif,0,0.05
6844.735718256372,14.67,IL2,il2_menten_prolif,0,0.05
6828.3280496111565,14.68,IL2,il2_menten_prolif,0,0.05
6811.959712154374,14.69,IL2,il2_menten_prolif,0,0.05
6795.630611604353,14.700000000000001,IL2,il2_menten_prolif,0,0.05
6779.340653905438,14.71,IL2,il2_menten_prolif,0,0.05
6763.089745227422,14.72,IL2,il2_menten_prolif,0,0.05
6746.877791965027,14.73,IL2,il2_menten_prolif,0,0.05
6730.704700737357,14.74,IL2,il2_menten_prolif,0,0.05
6714.570378387361,14.75,IL2,il2_menten_prolif,0,0.05
6698.4747319813005,14.76,IL2,il2_menten_prolif,0,0.05
6682.417668808206,14.77,IL2,il2_menten_prolif,0,0.05
6666.399096379348,14.780000000000001,IL2,il2_menten_prolif,0,0.05
6650.418922427709,14.790000000000001,IL2,il2_menten_prolif,0,0.05
6634.477054907442,14.8,IL2,il2_menten_prolif,0,0.05
6618.573401993346,14.81,IL2,il2_menten_prolif,0,0.05
6602.707872080336,14.82,IL2,il2_menten_prolif,0,0.05
6586.880373782917,14.83,IL2,il2_menten_prolif,0,0.05
6571.090815934653,14.84,IL2,il2_menten_prolif,0,0.05
6555.339107587646,14.85,IL2,il2_menten_prolif,0,0.05
6539.625158012016,14.86,IL2,il2_menten_prolif,0,0.05
6523.948876695368,14.870000000000001,IL2,il2_menten_prolif,0,0.05
6508.310173342281,14.88,IL2,il2_menten_prolif,0,0.05
6492.708957873783,14.89,IL2,il2_menten_prolif,0,0.05
6477.145140426827,14.9,IL2,il2_menten_prolif,0,0.05
6461.618631353782,14.91,IL2,il2_menten_prolif,0,0.05
6446.129341221915,14.92,IL2,il2_menten_prolif,0,0.05
6430.67718081287,14.93,IL2,il2_menten_prolif,0,0.05
6415.262061122159,14.94,IL2,il2_menten_prolif,0,0.05
6399.8838933586485,14.950000000000001,IL2,il2_menten_prolif,0,0.05
6384.542588944055,14.96,IL2,il2_menten_prolif,0,0.05
6369.23805951242,14.97,IL2,il2_menten_prolif,0,0.05
6353.970216909606,14.98,IL2,il2_menten_prolif,0,0.05
6338.7389731928,14.99,IL2,il2_menten_prolif,0,0.05
6323.544240629995,15.0,IL2,il2_menten_prolif,0,0.05
6308.385931699488,15.01,IL2,il2_menten_prolif,0,0.05
6293.263959089385,15.02,IL2,il2_menten_prolif,0,0.05
6278.17823569708,15.030000000000001,IL2,il2_menten_prolif,0,0.05
6263.12867462877,15.040000000000001,IL2,il2_menten_prolif,0,0.05
6248.115189198936,15.05,IL2,il2_menten_prolif,0,0.05
6233.137692929866,15.06,IL2,il2_menten_prolif,0,0.05
6218.196099551135,15.07,IL2,il2_menten_prolif,0,0.05
6203.290322999125,15.08,IL2,il2_menten_prolif,0,0.05
6188.420277416526,15.09,IL2,il2_menten_prolif,0,0.05
6173.585877151825,15.1,IL2,il2_menten_prolif,0,0.05
6158.787036758844,15.11,IL2,il2_menten_prolif,0,0.05
6144.02367099621,15.120000000000001,IL2,il2_menten_prolif,0,0.05
6129.295694826904,15.13,IL2,il2_menten_prolif,0,0.05
6114.603023417736,15.14,IL2,il2_menten_prolif,0,0.05
6099.945572138879,15.15,IL2,il2_menten_prolif,0,0.05
6085.323256563379,15.16,IL2,il2_menten_prolif,0,0.05
6070.735992466656,15.17,IL2,il2_menten_prolif,0,0.05
6056.183695826036,15.18,IL2,il2_menten_prolif,0,0.05
6041.666282820244,15.19,IL2,il2_menten_prolif,0,0.05
6027.183669828939,15.200000000000001,IL2,il2_menten_prolif,0,0.05
6012.735773432236,15.21,IL2,il2_menten_prolif,0,0.05
5998.322510410213,15.22,IL2,il2_menten_prolif,0,0.05
5983.943797742428,15.23,IL2,il2_menten_prolif,0,0.05
5969.599552607461,15.24,IL2,il2_menten_prolif,0,0.05
5955.289692382417,15.25,IL2,il2_menten_prolif,0,0.05
5941.014134642461,15.26,IL2,il2_menten_prolif,0,0.05
5926.772797160338,15.27,IL2,il2_menten_prolif,0,0.05
5912.565597905904,15.280000000000001,IL2,il2_menten_prolif,0,0.05
5898.392455045654,15.290000000000001,IL2,il2_menten_prolif,0,0.05
5884.253286942248,15.3,IL2,il2_menten_prolif,0,0.05
5870.148012154041,15.31,IL2,il2_menten_prolif,0,0.05
5856.076549434614,15.32,IL2,il2_menten_prolif,0,0.05
5842.0388177323,15.33,IL2,il2_menten_prolif,0,0.05
5828.0347361897275,15.34,IL2,il2_menten_prolif,0,0.05
5814.064224143347,15.35,IL2,il2_menten_prolif,0,0.05
5800.12720112297,15.36,IL2,il2_menten_prolif,0,0.05
5786.223586851305,15.370000000000001,IL2,il2_menten_prolif,0,0.05
5772.353301243498,15.38,IL2,il2_menten_prolif,0,0.05
5758.516264406662,15.39,IL2,il2_menten_prolif,0,0.05
5744.7123966394265,15.4,IL2,il2_menten_prolif,0,0.05
5730.941618431473,15.41,IL2,il2_menten_prolif,0,0.05
5717.20385046308,15.42,IL2,il2_menten_prolif,0,0.05
5703.499013604662,15.43,IL2,il2_menten_prolif,0,0.05
5689.827028916329,15.44,IL2,il2_menten_prolif,0,0.05
5676.187817647409,15.450000000000001,IL2,il2_menten_prolif,0,0.05
5662.581301236014,15.46,IL2,il2_menten_prolif,0,0.05
5649.0074013085705,15.47,IL2,il2_menten_prolif,0,0.05
5635.466039679375,15.48,IL2,il2_menten_prolif,0,0.05
5621.957138350149,15.49,IL2,il2_menten_prolif,0,0.05
5608.480619509582,15.5,IL2,il2_menten_prolif,0,0.05
5595.036405532888,15.51,IL2,il2_menten_prolif,0,0.05
5581.62441898136,15.52,IL2,il2_menten_prolif,0,0.05
5568.24458260191,15.530000000000001,IL2,il2_menten_prolif,0,0.05
5554.896819326654,15.540000000000001,IL2,il2_menten_prolif,0,0.05
5541.581052272428,15.55,IL2,il2_menten_prolif,0,0.05
5528.29720474038,15.56,IL2,il2_menten_prolif,0,0.05
5515.045200215507,15.57,IL2,il2_menten_prolif,0,0.05
5501.824962897852,15.58,IL2,il2_menten_prolif,0,0.05
5488.636415574317,15.59,IL2,il2_menten_prolif,0,0.05
5475.4794828116055,15.6,IL2,il2_menten_prolif,0,0.05
5462.3540888259295,15.61,IL2,il2_menten_prolif,0,0.05
5449.260158014883,15.62,IL2,il2_menten_prolif,0,0.05
5436.1976149574275,15.629999999999999,IL2,il2_menten_prolif,0,0.05
5423.166384413295,15.639999999999999,IL2,il2_menten_prolif,0,0.05
5410.1663913224975,15.649999999999999,IL2,il2_menten_prolif,0,0.05
5397.197560805074,15.659999999999998,IL2,il2_menten_prolif,0,0.05
5384.259818160524,15.669999999999998,IL2,il2_menten_prolif,0,0.05
5371.353088867409,15.679999999999998,IL2,il2_menten_prolif,0,0.05
5358.477298582935,15.689999999999998,IL2,il2_menten_prolif,0,0.05
5345.632373142516,15.699999999999998,IL2,il2_menten_prolif,0,0.05
5332.818238559341,15.709999999999997,IL2,il2_menten_prolif,0,0.05
5320.034821023966,15.719999999999997,IL2,il2_menten_prolif,0,0.05
5307.282046903865,15.729999999999997,IL2,il2_menten_prolif,0,0.05
5294.559842743028,15.739999999999997,IL2,il2_menten_prolif,0,0.05
5281.86813526152,15.749999999999996,IL2,il2_menten_prolif,0,0.05
5269.206851355075,15.759999999999996,IL2,il2_menten_prolif,0,0.05
5256.575918094659,15.769999999999996,IL2,il2_menten_prolif,0,0.05
5243.975262726064,15.779999999999996,IL2,il2_menten_prolif,0,0.05
5231.404812669478,15.789999999999996,IL2,il2_menten_prolif,0,0.05
5218.864495519076,15.799999999999995,IL2,il2_menten_prolif,0,0.05
5206.3542390425955,15.809999999999995,IL2,il2_menten_prolif,0,0.05
5193.873971180926,15.819999999999995,IL2,il2_menten_prolif,0,0.05
5181.423620047687,15.829999999999995,IL2,il2_menten_prolif,0,0.05
5169.003113928826,15.839999999999995,IL2,il2_menten_prolif,0,0.05
5156.61238128219,15.849999999999994,IL2,il2_menten_prolif,0,0.05
5144.251350737126,15.859999999999994,IL2,il2_menten_prolif,0,0.05
5131.919951094063,15.869999999999994,IL2,il2_menten_prolif,0,0.05
5119.618111324107,15.879999999999994,IL2,il2_menten_prolif,0,0.05
5107.345760568626,15.889999999999993,IL2,il2_menten_prolif,0,0.05
5095.1028281388435,15.899999999999993,IL2,il2_menten_prolif,0,0.05
5082.889243515439,15.909999999999993,IL2,il2_menten_prolif,0,0.05
5070.704936348128,15.919999999999993,IL2,il2_menten_prolif,0,0.05
5058.5498364552695,15.929999999999993,IL2,il2_menten_prolif,0,0.05
5046.423873823452,15.939999999999992,IL2,il2_menten_prolif,0,0.05
5034.3269786071,15.949999999999992,IL2,il2_menten_prolif,0,0.05
5022.2590811280625,15.959999999999992,IL2,il2_menten_prolif,0,0.05
5010.220111875216,15.969999999999992,IL2,il2_menten_prolif,0,0.05
4998.210001504063,15.979999999999992,IL2,il2_menten_prolif,0,0.05
4986.228680836341,15.989999999999991,IL2,il2_menten_prolif,0,0.05
4974.276080859603,15.999999999999991,IL2,il2_menten_prolif,0,0.05
4962.352132726841,16.00999999999999,IL2,il2_menten_prolif,0,0.05
4950.456767756087,16.01999999999999,IL2,il2_menten_prolif,0,0.05
4938.5899174299975,16.02999999999999,IL2,il2_menten_prolif,0,0.05
4926.751513395485,16.039999999999992,IL2,il2_menten_prolif,0,0.05
4914.941487463315,16.04999999999999,IL2,il2_menten_prolif,0,0.05
4903.1597716077,16.059999999999988,IL2,il2_menten_prolif,0,0.05
4891.40629796592,16.06999999999999,IL2,il2_menten_prolif,0,0.05
4879.68099883794,16.07999999999999,IL2,il2_menten_prolif,0,0.05
4867.983806686008,16.08999999999999,IL2,il2_menten_prolif,0,0.05
4856.31465413426,16.099999999999987,IL2,il2_menten_prolif,0,0.05
4844.673473968343,16.10999999999999,IL2,il2_menten_prolif,0,0.05
4833.060199135029,16.11999999999999,IL2,il2_menten_prolif,0,0.05
4821.474762741826,16.12999999999999,IL2,il2_menten_prolif,0,0.05
4809.917098056589,16.139999999999986,IL2,il2_menten_prolif,0,0.05
4798.387138507129,16.149999999999988,IL2,il2_menten_prolif,0,0.05
4786.8848176808515,16.15999999999999,IL2,il2_menten_prolif,0,0.05
4775.410069324364,16.169999999999987,IL2,il2_menten_prolif,0,0.05
4763.962827343077,16.179999999999986,IL2,il2_menten_prolif,0,0.05
4752.543025800842,16.189999999999987,IL2,il2_menten_prolif,0,0.05
4741.150598919576,16.19999999999999,IL2,il2_menten_prolif,0,0.05
4729.78548107887,16.209999999999987,IL2,il2_menten_prolif,0,0.05
4718.447606815611,16.219999999999985,IL2,il2_menten_prolif,0,0.05
4707.136910823609,16.229999999999986,IL2,il2_menten_prolif,0,0.05
4695.853327953228,16.239999999999988,IL2,il2_menten_prolif,0,0.05
4684.596793211001,16.249999999999986,IL2,il2_menten_prolif,0,0.05
4673.367241759253,16.259999999999984,IL2,il2_menten_prolif,0,0.05
4662.164608915737,16.269999999999985,IL2,il2_menten_prolif,0,0.05
4650.988830153257,16.279999999999987,IL2,il2_menten_prolif,0,0.05
4639.8398410992995,16.289999999999985,IL2,il2_menten_prolif,0,0.05
4628.7175775356545,16.299999999999983,IL2,il2_menten_prolif,0,0.05
4617.621975398051,16.309999999999985,IL2,il2_menten_prolif,0,0.05
4606.5529707757905,16.319999999999986,IL2,il2_menten_prolif,0,0.05
4595.510499911382,16.329999999999984,IL2,il2_menten_prolif,0,0.05
4584.494499200158,16.339999999999982,IL2,il2_menten_prolif,0,0.05
4573.5049051899205,16.349999999999984,IL2,il2_menten_prolif,0,0.05
4562.541654580578,16.359999999999985,IL2,il2_menten_prolif,0,0.05
4551.6046842237865,16.369999999999983,IL2,il2_menten_prolif,0,0.05
4540.693931122561,16.37999999999998,IL2,il2_menten_prolif,0,0.05
4529.809332430927,16.389999999999983,IL2,il2_menten_prolif,0,0.05
4518.950825453571,16.399999999999984,IL2,il2_menten_prolif,0,0.05
4508.118347645468,16.409999999999982,IL2,il2_menten_prolif,0,0.05
4497.31183661151,16.41999999999998,IL2,il2_menten_prolif,0,0.05
4486.53123010616,16.429999999999982,IL2,il2_menten_prolif,0,0.05
4475.776466033103,16.439999999999984,IL2,il2_menten_prolif,0,0.05
4465.047482444864,16.44999999999998,IL2,il2_menten_prolif,0,0.05
4454.34421754247,16.45999999999998,IL2,il2_menten_prolif,0,0.05
4443.6666096750805,16.46999999999998,IL2,il2_menten_prolif,0,0.05
4433.014597339649,16.479999999999983,IL2,il2_menten_prolif,0,0.05
4422.388119180556,16.48999999999998,IL2,il2_menten_prolif,0,0.05
4411.787113989258,16.49999999999998,IL2,il2_menten_prolif,0,0.05
4401.211520703929,16.50999999999998,IL2,il2_menten_prolif,0,0.05
4390.661278409127,16.519999999999982,IL2,il2_menten_prolif,0,0.05
4380.136326335431,16.52999999999998,IL2,il2_menten_prolif,0,0.05
4369.636603859086,16.539999999999978,IL2,il2_menten_prolif,0,0.05
4359.1620505016535,16.54999999999998,IL2,il2_menten_prolif,0,0.05
4348.712605929686,16.55999999999998,IL2,il2_menten_prolif,0,0.05
4338.288209954356,16.56999999999998,IL2,il2_menten_prolif,0,0.05
4327.888802531108,16.579999999999977,IL2,il2_menten_prolif,0,0.05
4317.514323759324,16.58999999999998,IL2,il2_menten_prolif,0,0.05
4307.164713881982,16.59999999999998,IL2,il2_menten_prolif,0,0.05
4296.839913285305,16.609999999999978,IL2,il2_menten_prolif,0,0.05
4286.539862498406,16.619999999999976,IL2,il2_menten_prolif,0,0.05
4276.264502192964,16.629999999999978,IL2,il2_menten_prolif,0,0.05
4266.013773182876,16.63999999999998,IL2,il2_menten_prolif,0,0.05
4255.787616423921,16.649999999999977,IL2,il2_menten_prolif,0,0.05
4245.5859730134025,16.659999999999975,IL2,il2_menten_prolif,0,0.05
4235.408784189821,16.669999999999977,IL2,il2_menten_prolif,0,0.05
4225.255991332548,16.67999999999998,IL2,il2_menten_prolif,0,0.05
4215.127535961468,16.689999999999976,IL2,il2_menten_prolif,0,0.05
4205.023359736651,16.699999999999974,IL2,il2_menten_prolif,0,0.05
4194.943404458009,16.709999999999976,IL2,il2_menten_prolif,0,0.05
4184.887612064973,16.719999999999978,IL2,il2_menten_prolif,0,0.05
4174.855924636157,16.729999999999976,IL2,il2_menten_prolif,0,0.05
4164.848284389009,16.739999999999974,IL2,il2_menten_prolif,0,0.05
4154.86463367949,16.749999999999975,IL2,il2_menten_prolif,0,0.05
4144.904915001748,16.759999999999977,IL2,il2_menten_prolif,0,0.05
4134.9690709877805,16.769999999999975,IL2,il2_menten_prolif,0,0.05
4125.057044407093,16.779999999999973,IL2,il2_menten_prolif,0,0.05
4115.168778166383,16.789999999999974,IL2,il2_menten_prolif,0,0.05
4105.304215309212,16.799999999999976,IL2,il2_menten_prolif,0,0.05
4095.463299015675,16.809999999999974,IL2,il2_menten_prolif,0,0.05
4085.645972602063,16.819999999999972,IL2,il2_menten_prolif,0,0.05
4075.8521795205447,16.829999999999973,IL2,il2_menten_prolif,0,0.05
4066.0818633588497,16.839999999999975,IL2,il2_menten_prolif,0,0.05
4056.3349678399354,16.849999999999973,IL2,il2_menten_prolif,0,0.05
4046.6114368216477,16.85999999999997,IL2,il2_menten_prolif,0,0.05
4036.9112142964213,16.869999999999973,IL2,il2_menten_prolif,0,0.05
4027.2342443909492,16.879999999999974,IL2,il2_menten_prolif,0,0.05
4017.5804713658645,16.889999999999972,IL2,il2_menten_prolif,0,0.05
4007.9498396154004,16.89999999999997,IL2,il2_menten_prolif,0,0.05
3998.342293667092,16.90999999999997,IL2,il2_menten_prolif,0,0.05
3988.757778181448,16.919999999999973,IL2,il2_menten_prolif,0,0.05
3979.1962379516385,16.92999999999997,IL2,il2_menten_prolif,0,0.05
3969.6576179031613,16.93999999999997,IL2,il2_menten_prolif,0,0.05
3960.141863093534,16.94999999999997,IL2,il2_menten_prolif,0,0.05
3950.648918711987,16.959999999999972,IL2,il2_menten_prolif,0,0.05
3941.1787300791375,16.96999999999997,IL2,il2_menten_prolif,0,0.05
3931.7312426466715,16.97999999999997,IL2,il2_menten_prolif,0,0.05
3922.3064019970293,16.98999999999997,IL2,il2_menten_prolif,0,0.05
3912.9041538431056,16.99999999999997,IL2,il2_menten_prolif,0,0.05
3903.5244440279307,17.00999999999997,IL2,il2_menten_prolif,0,0.05
3894.167218524346,17.019999999999968,IL2,il2_menten_prolif,0,0.05
3884.832423434703,17.02999999999997,IL2,il2_menten_prolif,0,0.05
3875.520004990558,17.03999999999997,IL2,il2_menten_prolif,0,0.05
3866.2299095523613,17.04999999999997,IL2,il2_menten_prolif,0,0.05
3856.9620836091317,17.059999999999967,IL2,il2_menten_prolif,0,0.05
3847.7164737781663,17.06999999999997,IL2,il2_menten_prolif,0,0.05
3838.4930268047265,17.07999999999997,IL2,il2_menten_prolif,0,0.05
3829.291689561737,17.089999999999968,IL2,il2_menten_prolif,0,0.05
3820.1124090494677,17.099999999999966,IL2,il2_menten_prolif,0,0.05
3810.955132395233,17.109999999999967,IL2,il2_menten_prolif,0,0.05
3801.8198068530987,17.11999999999997,IL2,il2_menten_prolif,0,0.05
3792.706379803568,17.129999999999967,IL2,il2_menten_prolif,0,0.05
3783.6147987532718,17.139999999999965,IL2,il2_menten_prolif,0,0.05
3774.5450113346733,17.149999999999967,IL2,il2_menten_prolif,0,0.05
3765.4969653057874,17.159999999999968,IL2,il2_menten_prolif,0,0.05
3756.4706085498547,17.169999999999966,IL2,il2_menten_prolif,0,0.05
3747.465889075027,17.179999999999964,IL2,il2_menten_prolif,0,0.05
3738.4827550140753,17.189999999999966,IL2,il2_menten_prolif,0,0.05
3729.521154624099,17.199999999999967,IL2,il2_menten_prolif,0,0.05
3720.5810362862912,17.209999999999965,IL2,il2_menten_prolif,0,0.05
3711.6623485055675,17.219999999999963,IL2,il2_menten_prolif,0,0.05
3702.7650399102495,17.229999999999965,IL2,il2_menten_prolif,0,0.05
3693.8890592517973,17.239999999999966,IL2,il2_menten_prolif,0,0.05
3685.034355404501,17.249999999999964,IL2,il2_menten_prolif,0,0.05
3676.2008773652715,17.259999999999962,IL2,il2_menten_prolif,0,0.05
3667.3885742532843,17.269999999999964,IL2,il2_menten_prolif,0,0.05
3658.5973953096473,17.279999999999966,IL2,il2_menten_prolif,0,0.05
3649.8272898971245,17.289999999999964,IL2,il2_menten_prolif,0,0.05
3641.078207499847,17.29999999999996,IL2,il2_menten_prolif,0,0.05
3632.3500977230906,17.309999999999963,IL2,il2_menten_prolif,0,0.05
3623.642910292967,17.319999999999965,IL2,il2_menten_prolif,0,0.05
3614.956595056052,17.329999999999963,IL2,il2_menten_prolif,0,0.05
3606.291101979122,17.33999999999996,IL2,il2_menten_prolif,0,0.05
3597.646381148874,17.349999999999962,IL2,il2_menten_prolif,0,0.05
3589.0223827717045,17.359999999999964,IL2,il2_menten_prolif,0,0.05
3580.419057173412,17.369999999999962,IL2,il2_menten_prolif,0,0.05
3571.8363547988115,17.37999999999996,IL2,il2_menten_prolif,0,0.05
3563.274226211494,17.38999999999996,IL2,il2_menten_prolif,0,0.05
3554.732622093542,17.399999999999963,IL2,il2_menten_prolif,0,0.05
3546.2114932453005,17.40999999999996,IL2,il2_menten_prolif,0,0.05
3537.710790585118,17.41999999999996,IL2,il2_menten_prolif,0,0.05
3529.2304651489158,17.42999999999996,IL2,il2_menten_prolif,0,0.05
3520.7704680899806,17.439999999999962,IL2,il2_menten_prolif,0,0.05
3512.3307506786687,17.44999999999996,IL2,il2_menten_prolif,0,0.05
3503.9112643021117,17.459999999999958,IL2,il2_menten_prolif,0,0.05
3495.5119604640818,17.46999999999996,IL2,il2_menten_prolif,0,0.05
3487.1327907846535,17.47999999999996,IL2,il2_menten_prolif,0,0.05
3478.773706999785,17.48999999999996,IL2,il2_menten_prolif,0,0.05
3470.4346609611102,17.499999999999957,IL2,il2_menten_prolif,0,0.05
3462.115604635658,17.50999999999996,IL2,il2_menten_prolif,0,0.05
3453.8164901055834,17.51999999999996,IL2,il2_menten_prolif,0,0.05
3445.5372695680344,17.52999999999996,IL2,il2_menten_prolif,0,0.05
3437.2778953347306,17.539999999999957,IL2,il2_menten_prolif,0,0.05
3429.0383198316463,17.549999999999958,IL2,il2_menten_prolif,0,0.05
3420.8184955987813,17.55999999999996,IL2,il2_menten_prolif,0,0.05
3412.618375289887,17.569999999999958,IL2,il2_menten_prolif,0,0.05
3404.4379116721866,17.579999999999956,IL2,il2_menten_prolif,0,0.05
3396.277057626277,17.589999999999957,IL2,il2_menten_prolif,0,0.05
3388.1357661456527,17.59999999999996,IL2,il2_menten_prolif,0,0.05
3380.01399033645,17.609999999999957,IL2,il2_menten_prolif,0,0.05
3371.9116834171887,17.619999999999955,IL2,il2_menten_prolif,0,0.05
3363.8287987185104,17.629999999999956,IL2,il2_menten_prolif,0,0.05
3355.7652896829313,17.639999999999958,IL2,il2_menten_prolif,0,0.05
3347.7211098647285,17.649999999999956,IL2,il2_menten_prolif,0,0.05
3339.696212929418,17.659999999999954,IL2,il2_menten_prolif,0,0.05
3331.6905526535575,17.669999999999956,IL2,il2_menten_prolif,0,0.05
3323.704082924499,17.679999999999957,IL2,il2_menten_prolif,0,0.05
3315.7367577401055,17.689999999999955,IL2,il2_menten_prolif,0,0.05
3307.7885312007065,17.699999999999953,IL2,il2_menten_prolif,0,0.05
3299.859357545441,17.709999999999955,IL2,il2_menten_prolif,0,0.05
3291.9491910860365,17.719999999999956,IL2,il2_menten_prolif,0,0.05
3284.057986261685,17.729999999999954,IL2,il2_menten_prolif,0,0.05
3276.1856976199438,17.739999999999952,IL2,il2_menten_prolif,0,0.05
3268.3322798167337,17.749999999999954,IL2,il2_menten_prolif,0,0.05
3260.4976876158994,17.759999999999955,IL2,il2_menten_prolif,0,0.05
3252.6818758891213,17.769999999999953,IL2,il2_menten_prolif,0,0.05
3244.8847996169015,17.77999999999995,IL2,il2_menten_prolif,0,0.05
3237.106413888053,17.789999999999953,IL2,il2_menten_prolif,0,0.05
3229.346673899704,17.799999999999955,IL2,il2_menten_prolif,0,0.05
3221.6055349572853,17.809999999999953,IL2,il2_menten_prolif,0,0.05
3213.8829524745306,17.81999999999995,IL2,il2_menten_prolif,0,0.05
3206.1788819688913,17.829999999999952,IL2,il2_menten_prolif,0,0.05
3198.493279055394,17.839999999999954,IL2,il2_menten_prolif,0,0.05
3190.8260994646116,17.84999999999995,IL2,il2_menten_prolif,0,0.05
3183.1772990350346,17.85999999999995,IL2,il2_menten_prolif,0,0.05
3175.5468337125567,17.86999999999995,IL2,il2_menten_prolif,0,0.05
3167.9346595504803,17.879999999999953,IL2,il2_menten_prolif,0,0.05
3160.340732709513,17.88999999999995,IL2,il2_menten_prolif,0,0.05
3152.7650094521796,17.89999999999995,IL2,il2_menten_prolif,0,0.05
3145.2074461243697,17.90999999999995,IL2,il2_menten_prolif,0,0.05
3137.667999192209,17.919999999999952,IL2,il2_menten_prolif,0,0.05
3130.146625229865,17.92999999999995,IL2,il2_menten_prolif,0,0.05
3122.6432809171547,17.939999999999948,IL2,il2_menten_prolif,0,0.05
3115.157923039547,17.94999999999995,IL2,il2_menten_prolif,0,0.05
3107.690508488171,17.95999999999995,IL2,il2_menten_prolif,0,0.05
3100.2409942566574,17.96999999999995,IL2,il2_menten_prolif,0,0.05
3092.8093374184427,17.979999999999947,IL2,il2_menten_prolif,0,0.05
3085.395495162666,17.98999999999995,IL2,il2_menten_prolif,0,0.05
3077.9994247867508,17.99999999999995,IL2,il2_menten_prolif,0,0.05
3070.621083691978,18.00999999999995,IL2,il2_menten_prolif,0,0.05
3063.2604293834793,18.019999999999946,IL2,il2_menten_prolif,0,0.05
3055.9174194702464,18.029999999999948,IL2,il2_menten_prolif,0,0.05
3048.592011663788,18.03999999999995,IL2,il2_menten_prolif,0,0.05
3041.284163754942,18.049999999999947,IL2,il2_menten_prolif,0,0.05
3033.993833643467,18.059999999999945,IL2,il2_menten_prolif,0,0.05
3026.720979337996,18.069999999999947,IL2,il2_menten_prolif,0,0.05
3019.4655589492586,18.07999999999995,IL2,il2_menten_prolif,0,0.05
3012.2275306900756,18.089999999999947,IL2,il2_menten_prolif,0,0.05
3005.0068528753536,18.099999999999945,IL2,il2_menten_prolif,0,0.05
2997.8034839217544,18.109999999999946,IL2,il2_menten_prolif,0,0.05
2990.617382325673,18.119999999999948,IL2,il2_menten_prolif,0,0.05
2983.4485066846555,18.129999999999946,IL2,il2_menten_prolif,0,0.05
2976.2968157067753,18.139999999999944,IL2,il2_menten_prolif,0,0.05
2969.162268200536,18.149999999999945,IL2,il2_menten_prolif,0,0.05
2962.044823074873,18.159999999999947,IL2,il2_menten_prolif,0,0.05
2954.944439339157,18.169999999999945,IL2,il2_menten_prolif,0,0.05
2947.8610761031778,18.179999999999943,IL2,il2_menten_prolif,0,0.05
2940.7946925693705,18.189999999999944,IL2,il2_menten_prolif,0,0.05
2933.745248014542,18.199999999999946,IL2,il2_menten_prolif,0,0.05
2926.7127018319215,18.209999999999944,IL2,il2_menten_prolif,0,0.05
2919.697013515382,18.219999999999942,IL2,il2_menten_prolif,0,0.05
2912.698142657394,18.229999999999944,IL2,il2_menten_prolif,0,0.05
2905.7160489490384,18.239999999999945,IL2,il2_menten_prolif,0,0.05
2898.750692179995,18.249999999999943,IL2,il2_menten_prolif,0,0.05
2891.802032238181,18.25999999999994,IL2,il2_menten_prolif,0,0.05
2884.8700290865363,18.269999999999943,IL2,il2_menten_prolif,0,0.05
2877.954642785612,18.279999999999944,IL2,il2_menten_prolif,0,0.05
2871.055833503461,18.289999999999942,IL2,il2_menten_prolif,0,0.05
2864.173561504981,18.29999999999994,IL2,il2_menten_prolif,0,0.05
2857.307787151917,18.309999999999942,IL2,il2_menten_prolif,0,0.05
2850.458470902868,18.319999999999943,IL2,il2_menten_prolif,0,0.05
2843.6255733132816,18.32999999999994,IL2,il2_menten_prolif,0,0.05
2836.8090550280886,18.33999999999994,IL2,il2_menten_prolif,0,0.05
2830.008876764448,18.34999999999994,IL2,il2_menten_prolif,0,0.05
2823.2249993514806,18.359999999999943,IL2,il2_menten_prolif,0,0.05
2816.457383715362,18.36999999999994,IL2,il2_menten_prolif,0,0.05
2809.7059908773813,18.37999999999994,IL2,il2_menten_prolif,0,0.05
2802.97078195395,18.38999999999994,IL2,il2_menten_prolif,0,0.05
2796.2517181566054,18.39999999999994,IL2,il2_menten_prolif,0,0.05
2789.5487608322055,18.40999999999994,IL2,il2_menten_prolif,0,0.05
2782.8618712572297,18.419999999999938,IL2,il2_menten_prolif,0,0.05
2776.191010975799,18.42999999999994,IL2,il2_menten_prolif,0,0.05
2769.5361415605075,18.43999999999994,IL2,il2_menten_prolif,0,0.05
2762.8972246785834,18.44999999999994,IL2,il2_menten_prolif,0,0.05
2756.2742220916634,18.459999999999937,IL2,il2_menten_prolif,0,0.05
2749.6670956555627,18.46999999999994,IL2,il2_menten_prolif,0,0.05
2743.0758073200586,18.47999999999994,IL2,il2_menten_prolif,0,0.05
2736.5003191207215,18.489999999999938,IL2,il2_menten_prolif,0,0.05
2729.9405931612564,18.499999999999936,IL2,il2_menten_prolif,0,0.05
2723.3965916564084,18.509999999999938,IL2,il2_menten_prolif,0,0.05
2716.868276914316,18.51999999999994,IL2,il2_menten_prolif,0,0.05
2710.355611334039,18.529999999999937,IL2,il2_menten_prolif,0,0.05
2703.8585574052395,18.539999999999935,IL2,il2_menten_prolif,0,0.05
2697.3770777078544,18.549999999999937,IL2,il2_menten_prolif,0,0.05
2690.9111349117866,18.55999999999994,IL2,il2_menten_prolif,0,0.05
2684.4606917765695,18.569999999999936,IL2,il2_menten_prolif,0,0.05
2678.0257111510473,18.579999999999934,IL2,il2_menten_prolif,0,0.05
2671.6061559730506,18.589999999999936,IL2,il2_menten_prolif,0,0.05
2665.2019892689136,18.599999999999937,IL2,il2_menten_prolif,0,0.05
2658.8131741497577,18.609999999999935,IL2,il2_menten_prolif,0,0.05
2652.439673815652,18.619999999999933,IL2,il2_menten_prolif,0,0.05
2646.081451555272,18.629999999999935,IL2,il2_menten_prolif,0,0.05
2639.7384707444353,18.639999999999937,IL2,il2_menten_prolif,0,0.05
2633.4106948457547,18.649999999999935,IL2,il2_menten_prolif,0,0.05
2627.098087408307,18.659999999999933,IL2,il2_menten_prolif,0,0.05
2620.8006120672903,18.669999999999934,IL2,il2_menten_prolif,0,0.05
2614.518232543707,18.679999999999936,IL2,il2_menten_prolif,0,0.05
2608.250912644015,18.689999999999934,IL2,il2_menten_prolif,0,0.05
2601.9986162597897,18.699999999999932,IL2,il2_menten_prolif,0,0.05
2595.761307367396,18.709999999999933,IL2,il2_menten_prolif,0,0.05
2589.5389500460224,18.719999999999935,IL2,il2_menten_prolif,0,0.05
2583.331508477301,18.729999999999933,IL2,il2_menten_prolif,0,0.05
2577.1389469066644,18.73999999999993,IL2,il2_menten_prolif,0,0.05
2570.9612296649093,18.749999999999932,IL2,il2_menten_prolif,0,0.05
2564.7983211682395,18.759999999999934,IL2,il2_menten_prolif,0,0.05
2558.650185918039,18.769999999999932,IL2,il2_menten_prolif,0,0.05
2552.5167885006485,18.77999999999993,IL2,il2_menten_prolif,0,0.05
2546.3980935871505,18.78999999999993,IL2,il2_menten_prolif,0,0.05
2540.294065933147,18.799999999999933,IL2,il2_menten_prolif,0,0.05
2534.2046703785427,18.80999999999993,IL2,il2_menten_prolif,0,0.05
2528.1298718473154,18.81999999999993,IL2,il2_menten_prolif,0,0.05
2522.069635347989,18.82999999999993,IL2,il2_menten_prolif,0,0.05
2516.023925976645,18.839999999999932,IL2,il2_menten_prolif,0,0.05
2509.9927089105922,18.84999999999993,IL2,il2_menten_prolif,0,0.05
2503.975949410017,18.85999999999993,IL2,il2_menten_prolif,0,0.05
2497.9736128183513,18.86999999999993,IL2,il2_menten_prolif,0,0.05
2491.9856645620603,18.87999999999993,IL2,il2_menten_prolif,0,0.05
2486.012070150441,18.88999999999993,IL2,il2_menten_prolif,0,0.05
2480.052795175405,18.899999999999928,IL2,il2_menten_prolif,0,0.05
2474.1078053112783,18.90999999999993,IL2,il2_menten_prolif,0,0.05
2468.177066314598,18.91999999999993,IL2,il2_menten_prolif,0,0.05
2462.260544023901,18.92999999999993,IL2,il2_menten_prolif,0,0.05
2456.3582043595316,18.939999999999927,IL2,il2_menten_prolif,0,0.05
2450.4700133248953,18.94999999999993,IL2,il2_menten_prolif,0,0.05
2444.5959370047754,18.95999999999993,IL2,il2_menten_prolif,0,0.05
2438.735941564503,18.969999999999928,IL2,il2_menten_prolif,0,0.05
2432.8899932504783,18.979999999999926,IL2,il2_menten_prolif,0,0.05
2427.058058389981,18.989999999999927,IL2,il2_menten_prolif,0,0.05
2421.2401033909673,18.99999999999993,IL2,il2_menten_prolif,0,0.05
2415.436094741871,19.009999999999927,IL2,il2_menten_prolif,0,0.05
2409.64599901139,19.019999999999925,IL2,il2_menten_prolif,0,0.05
2403.8697828482973,19.029999999999927,IL2,il2_menten_prolif,0,0.05
2398.1074129812396,19.039999999999928,IL2,il2_menten_prolif,0,0.05
2392.3588562185323,19.049999999999926,IL2,il2_menten_prolif,0,0.05
2386.6240794495343,19.059999999999924,IL2,il2_menten_prolif,0,0.05
2380.9030496408027,19.069999999999926,IL2,il2_menten_prolif,0,0.05
2375.1957338408447,19.079999999999927,IL2,il2_menten_prolif,0,0.05
2369.502099175452,19.089999999999925,IL2,il2_menten_prolif,0,0.05
2363.822112849206,19.099999999999923,IL2,il2_menten_prolif,0,0.05
2358.1557421452776,19.109999999999925,IL2,il2_menten_prolif,0,0.05
2352.502954425232,19.119999999999926,IL2,il2_menten_prolif,0,0.05
2346.8637171288296,19.129999999999924,IL2,il2_menten_prolif,0,0.05
2341.23799777382,19.139999999999922,IL2,il2_menten_prolif,0,0.05
2335.6257639557507,19.149999999999924,IL2,il2_menten_prolif,0,0.05
2330.026983347774,19.159999999999926,IL2,il2_menten_prolif,0,0.05
2324.44162370062,19.169999999999924,IL2,il2_menten_prolif,0,0.05
2318.86965284408,19.17999999999992,IL2,il2_menten_prolif,0,0.05
2313.311038684076,19.189999999999923,IL2,il2_menten_prolif,0,0.05
2307.7657492029975,19.199999999999925,IL2,il2_menten_prolif,0,0.05
2302.2337524599616,19.209999999999923,IL2,il2_menten_prolif,0,0.05
2296.7150165906096,19.21999999999992,IL2,il2_menten_prolif,0,0.05
2291.2095098069312,19.229999999999922,IL2,il2_menten_prolif,0,0.05
2285.717200397079,19.239999999999924,IL2,il2_menten_prolif,0,0.05
2280.238056725181,19.249999999999922,IL2,il2_menten_prolif,0,0.05
2274.772047231153,19.25999999999992,IL2,il2_menten_prolif,0,0.05
2269.31914043051,19.26999999999992,IL2,il2_menten_prolif,0,0.05
2263.8793049141973,19.279999999999923,IL2,il2_menten_prolif,0,0.05
2258.452509348399,19.28999999999992,IL2,il2_menten_prolif,0,0.05
2253.038722474349,19.29999999999992,IL2,il2_menten_prolif,0,0.05
2247.63791310816,19.30999999999992,IL2,il2_menten_prolif,0,0.05
2242.2500501406385,19.319999999999922,IL2,il2_menten_prolif,0,0.05
2236.8751025374722,19.32999999999992,IL2,il2_menten_prolif,0,0.05
2231.5130393401346,19.339999999999918,IL2,il2_menten_prolif,0,0.05
2226.163829663215,19.34999999999992,IL2,il2_menten_prolif,0,0.05
2220.8274426951975,19.35999999999992,IL2,il2_menten_prolif,0,0.05
2215.50384769845,19.36999999999992,IL2,il2_menten_prolif,0,0.05
2210.193014009048,19.379999999999917,IL2,il2_menten_prolif,0,0.05
2204.894911036612,19.38999999999992,IL2,il2_menten_prolif,0,0.05
2199.6095082641395,19.39999999999992,IL2,il2_menten_prolif,0,0.05
2194.336775247831,19.40999999999992,IL2,il2_menten_prolif,0,0.05
2189.076681616922,19.419999999999916,IL2,il2_menten_prolif,0,0.05
2183.8291970735163,19.429999999999918,IL2,il2_menten_prolif,0,0.05
2178.5942913924255,19.43999999999992,IL2,il2_menten_prolif,0,0.05
2173.3719344209985,19.449999999999918,IL2,il2_menten_prolif,0,0.05
2168.1620960789555,19.459999999999916,IL2,il2_menten_prolif,0,0.05
2162.964746358226,19.469999999999917,IL2,il2_menten_prolif,0,0.05
2157.7798553227885,19.47999999999992,IL2,il2_menten_prolif,0,0.05
2152.6073931072615,19.489999999999917,IL2,il2_menten_prolif,0,0.05
2147.4473299160218,19.499999999999915,IL2,il2_menten_prolif,0,0.05
2142.299636026985,19.509999999999916,IL2,il2_menten_prolif,0,0.05
2137.164281789405,19.519999999999918,IL2,il2_menten_prolif,0,0.05
2132.0412376236222,19.529999999999916,IL2,il2_menten_prolif,0,0.05
2126.930474020895,19.539999999999914,IL2,il2_menten_prolif,0,0.05
2121.83196154323,19.549999999999915,IL2,il2_menten_prolif,0,0.05
2116.745670823226,19.559999999999917,IL2,il2_menten_prolif,0,0.05
2111.671572563896,19.569999999999915,IL2,il2_menten_prolif,0,0.05
2106.6096375385036,19.579999999999913,IL2,il2_menten_prolif,0,0.05
2101.559836590396,19.589999999999915,IL2,il2_menten_prolif,0,0.05
2096.5221406328483,19.599999999999916,IL2,il2_menten_prolif,0,0.05
2091.49652064889,19.609999999999914,IL2,il2_menten_prolif,0,0.05
2086.48294769114,19.619999999999912,IL2,il2_menten_prolif,0,0.05
2081.481392881646,19.629999999999914,IL2,il2_menten_prolif,0,0.05
2076.4918274117285,19.639999999999915,IL2,il2_menten_prolif,0,0.05
2071.514222541057,19.649999999999913,IL2,il2_menten_prolif,0,0.05
2066.5485495979788,19.65999999999991,IL2,il2_menten_prolif,0,0.05
2061.594779980198,19.669999999999913,IL2,il2_menten_prolif,0,0.05
2056.6528851539847,19.679999999999914,IL2,il2_menten_prolif,0,0.05
2051.7228366540103,19.689999999999912,IL2,il2_menten_prolif,0,0.05
2046.804606083182,19.69999999999991,IL2,il2_menten_prolif,0,0.05
2041.8981651124789,19.709999999999912,IL2,il2_menten_prolif,0,0.05
2037.0034854807955,19.719999999999914,IL2,il2_menten_prolif,0,0.05
2032.1205389947759,19.72999999999991,IL2,il2_menten_prolif,0,0.05
2027.2492975286482,19.73999999999991,IL2,il2_menten_prolif,0,0.05
2022.3897330240666,19.74999999999991,IL2,il2_menten_prolif,0,0.05
2017.5418174899542,19.759999999999913,IL2,il2_menten_prolif,0,0.05
2012.7055230023357,19.76999999999991,IL2,il2_menten_prolif,0,0.05
2007.8808217041806,19.77999999999991,IL2,il2_menten_prolif,0,0.05
2003.0676858052393,19.78999999999991,IL2,il2_menten_prolif,0,0.05
1998.2660875818888,19.799999999999912,IL2,il2_menten_prolif,0,0.05
1993.4759993767725,19.80999999999991,IL2,il2_menten_prolif,0,0.05
1988.6973935988829,19.819999999999908,IL2,il2_menten_prolif,0,0.05
1983.9302427234352,19.82999999999991,IL2,il2_menten_prolif,0,0.05
1979.1745192916246,19.83999999999991,IL2,il2_menten_prolif,0,0.05
1974.4301959104725,19.84999999999991,IL2,il2_menten_prolif,0,0.05
1969.6972452526638,19.859999999999907,IL2,il2_menten_prolif,0,0.05
1964.9756400563892,19.86999999999991,IL2,il2_menten_prolif,0,0.05
1960.2653531251976,19.87999999999991,IL2,il2_menten_prolif,0,0.05
1955.5663573278323,19.889999999999908,IL2,il2_menten_prolif,0,0.05
1950.8786255980742,19.899999999999906,IL2,il2_menten_prolif,0,0.05
1946.2021309345887,19.909999999999908,IL2,il2_menten_prolif,0,0.05
1941.536846400773,19.91999999999991,IL2,il2_menten_prolif,0,0.05
1936.8827451246002,19.929999999999907,IL2,il2_menten_prolif,0,0.05
1932.2398002984608,19.939999999999905,IL2,il2_menten_prolif,0,0.05
1927.6079851790112,19.949999999999907,IL2,il2_menten_prolif,0,0.05
1922.9872730870072,19.95999999999991,IL2,il2_menten_prolif,0,0.05
1918.3776374070162,19.969999999999906,IL2,il2_menten_prolif,0,0.05
1913.779051587488,19.979999999999905,IL2,il2_menten_prolif,0,0.05
1909.1914891405504,19.989999999999906,IL2,il2_menten_prolif,0,0.05
1904.6149236418323,19.999999999999908,IL2,il2_menten_prolif,0,0.05
1900.049328730303,20.009999999999906,IL2,il2_menten_prolif,0,0.05
1895.4946781081237,20.019999999999904,IL2,il2_menten_prolif,0,0.05
1890.9509455404946,20.029999999999905,IL2,il2_menten_prolif,0,0.05
1886.4181048555097,20.039999999999907,IL2,il2_menten_prolif,0,0.05
1881.8961299440025,20.049999999999905,IL2,il2_menten_prolif,0,0.05
1877.3849947593937,20.059999999999903,IL2,il2_menten_prolif,0,0.05
1872.884673317544,20.069999999999904,IL2,il2_menten_prolif,0,0.05
1868.3951396966065,20.079999999999906,IL2,il2_menten_prolif,0,0.05
1863.9163680368783,20.089999999999904,IL2,il2_menten_prolif,0,0.05
1859.4483325406447,20.099999999999902,IL2,il2_menten_prolif,0,0.05
1854.9910074720387,20.109999999999904,IL2,il2_menten_prolif,0,0.05
1850.5443671505175,20.119999999999905,IL2,il2_menten_prolif,0,0.05
1846.1083859781181,20.129999999999903,IL2,il2_menten_prolif,0,0.05
1841.6830383944591,20.1399999999999,IL2,il2_menten_prolif,0,0.05
1837.2682989096816,20.149999999999903,IL2,il2_menten_prolif,0,0.05
1832.8641420950012,20.159999999999904,IL2,il2_menten_prolif,0,0.05
1828.4705425825646,20.169999999999902,IL2,il2_menten_prolif,0,0.05
1824.087475065302,20.1799999999999,IL2,il2_menten_prolif,0,0.05
1819.71491429679,20.189999999999902,IL2,il2_menten_prolif,0,0.05
1815.352835091116,20.199999999999903,IL2,il2_menten_prolif,0,0.05
1811.0012123227289,20.2099999999999,IL2,il2_menten_prolif,0,0.05
1806.6600209262974,20.2199999999999,IL2,il2_menten_prolif,0,0.05
1802.3292358965723,20.2299999999999,IL2,il2_menten_prolif,0,0.05
1798.0088322882445,20.239999999999903,IL2,il2_menten_prolif,0,0.05
1793.6987852158059,20.2499999999999,IL2,il2_menten_prolif,0,0.05
1789.3990698533985,20.2599999999999,IL2,il2_menten_prolif,0,0.05
1785.109661434683,20.2699999999999,IL2,il2_menten_prolif,0,0.05
1780.8305352526615,20.2799999999999,IL2,il2_menten_prolif,0,0.05
1776.5616666595106,20.2899999999999,IL2,il2_menten_prolif,0,0.05
1772.3030310665154,20.299999999999898,IL2,il2_menten_prolif,0,0.05
1768.054603943895,20.3099999999999,IL2,il2_menten_prolif,0,0.05
1763.8163608206612,20.3199999999999,IL2,il2_menten_prolif,0,0.05
1759.5882772844723,20.3299999999999,IL2,il2_menten_prolif,0,0.05
1755.370328981562,20.339999999999897,IL2,il2_menten_prolif,0,0.05
1751.1624916165867,20.3499999999999,IL2,il2_menten_prolif,0,0.05
1746.9647409523982,20.3599999999999,IL2,il2_menten_prolif,0,0.05
1742.7770528099495,20.369999999999898,IL2,il2_menten_prolif,0,0.05
1738.5994030681509,20.379999999999896,IL2,il2_menten_prolif,0,0.05
1734.4317676637315,20.389999999999898,IL2,il2_menten_prolif,0,0.05
1730.2741225911118,20.3999999999999,IL2,il2_menten_prolif,0,0.05
1726.1264439022516,20.409999999999897,IL2,il2_menten_prolif,0,0.05
1721.9887077065046,20.419999999999895,IL2,il2_menten_prolif,0,0.05
1717.8608901704852,20.429999999999897,IL2,il2_menten_prolif,0,0.05
1713.742967517928,20.4399999999999,IL2,il2_menten_prolif,0,0.05
1709.6349160295545,20.449999999999896,IL2,il2_menten_prolif,0,0.05
1705.5367120430237,20.459999999999894,IL2,il2_menten_prolif,0,0.05
1701.4483319526908,20.469999999999896,IL2,il2_menten_prolif,0,0.05
1697.3697522094722,20.479999999999897,IL2,il2_menten_prolif,0,0.05
1693.3009493207283,20.489999999999895,IL2,il2_menten_prolif,0,0.05
1689.2418998501182,20.499999999999893,IL2,il2_menten_prolif,0,0.05
1685.1925804174805,20.509999999999895,IL2,il2_menten_prolif,0,0.05
1681.152967698775,20.519999999999897,IL2,il2_menten_prolif,0,0.05
1677.1230384258356,20.529999999999895,IL2,il2_menten_prolif,0,0.05
1673.1027693862513,20.539999999999893,IL2,il2_menten_prolif,0,0.05
1669.0921374232476,20.549999999999894,IL2,il2_menten_prolif,0,0.05
1665.091119435549,20.559999999999896,IL2,il2_menten_prolif,0,0.05
1661.0996923731486,20.569999999999894,IL2,il2_menten_prolif,0,0.05
1657.1178332564182,20.57999999999989,IL2,il2_menten_prolif,0,0.05
1653.145519141343,20.589999999999893,IL2,il2_menten_prolif,0,0.05
1649.182727148299,20.599999999999895,IL2,il2_menten_prolif,0,0.05
1645.2294344520728,20.609999999999893,IL2,il2_menten_prolif,0,0.05
1641.2856182818637,20.61999999999989,IL2,il2_menten_prolif,0,0.05
1637.3512559210462,20.629999999999892,IL2,il2_menten_prolif,0,0.05
1633.426324707066,20.639999999999894,IL2,il2_menten_prolif,0,0.05
1629.5108020320679,20.649999999999892,IL2,il2_menten_prolif,0,0.05
1625.6046653425826,20.65999999999989,IL2,il2_menten_prolif,0,0.05
1621.7078921395232,20.66999999999989,IL2,il2_menten_prolif,0,0.05
1617.8204599781839,20.679999999999893,IL2,il2_menten_prolif,0,0.05
1613.9423464682422,20.68999999999989,IL2,il2_menten_prolif,0,0.05
1610.0735292732306,20.69999999999989,IL2,il2_menten_prolif,0,0.05
1606.213986103733,20.70999999999989,IL2,il2_menten_prolif,0,0.05
1602.3636947267978,20.719999999999892,IL2,il2_menten_prolif,0,0.05
1598.5226329651837,20.72999999999989,IL2,il2_menten_prolif,0,0.05
1594.6907786955517,20.73999999999989,IL2,il2_menten_prolif,0,0.05
1590.8681098484683,20.74999999999989,IL2,il2_menten_prolif,0,0.05
1587.0546044084067,20.75999999999989,IL2,il2_menten_prolif,0,0.05
1583.2502404137472,20.76999999999989,IL2,il2_menten_prolif,0,0.05
1579.4549959500741,20.779999999999887,IL2,il2_menten_prolif,0,0.05
1575.668849147076,20.78999999999989,IL2,il2_menten_prolif,0,0.05
1571.8917781964783,20.79999999999989,IL2,il2_menten_prolif,0,0.05
1568.1237613432236,20.80999999999989,IL2,il2_menten_prolif,0,0.05
1564.3647768852354,20.819999999999887,IL2,il2_menten_prolif,0,0.05
1560.614803173422,20.829999999999888,IL2,il2_menten_prolif,0,0.05
1556.873818611677,20.83999999999989,IL2,il2_menten_prolif,0,0.05
1553.1418016558453,20.849999999999888,IL2,il2_menten_prolif,0,0.05
1549.4187308001913,20.859999999999886,IL2,il2_menten_prolif,0,0.05
1545.7045845960959,20.869999999999887,IL2,il2_menten_prolif,0,0.05
1541.9993416505706,20.87999999999989,IL2,il2_menten_prolif,0,0.05
1538.3029806226657,20.889999999999887,IL2,il2_menten_prolif,0,0.05
1534.615480223467,20.899999999999885,IL2,il2_menten_prolif,0,0.05
1530.9368192161007,20.909999999999886,IL2,il2_menten_prolif,0,0.05
1527.2669764157338,20.919999999999888,IL2,il2_menten_prolif,0,0.05
1523.6059306828238,20.929999999999886,IL2,il2_menten_prolif,0,0.05
1519.953660919985,20.939999999999884,IL2,il2_menten_prolif,0,0.05
1516.3101460900639,20.949999999999886,IL2,il2_menten_prolif,0,0.05
1512.6753652072557,20.959999999999887,IL2,il2_menten_prolif,0,0.05
1509.0492973368669,20.969999999999885,IL2,il2_menten_prolif,0,0.05
1505.4319215953128,20.979999999999883,IL2,il2_menten_prolif,0,0.05
1501.8232171501177,20.989999999999885,IL2,il2_menten_prolif,0,0.05
1498.2231632189225,20.999999999999886,IL2,il2_menten_prolif,0,0.05
1494.6317390564282,21.009999999999884,IL2,il2_menten_prolif,0,0.05
1491.048923972433,21.019999999999882,IL2,il2_menten_prolif,0,0.05
1487.4746973303945,21.029999999999884,IL2,il2_menten_prolif,0,0.05
1483.9090385439733,21.039999999999885,IL2,il2_menten_prolif,0,0.05
1480.351927077029,21.049999999999883,IL2,il2_menten_prolif,0,0.05
1476.8033424436157,21.05999999999988,IL2,il2_menten_prolif,0,0.05
1473.2632642079893,21.069999999999883,IL2,il2_menten_prolif,0,0.05
1469.7316719780956,21.079999999999885,IL2,il2_menten_prolif,0,0.05
1466.2085454025469,21.089999999999883,IL2,il2_menten_prolif,0,0.05
1462.693864188058,21.09999999999988,IL2,il2_menten_prolif,0,0.05
1459.1876080908735,21.109999999999882,IL2,il2_menten_prolif,0,0.05
1455.6897569165444,21.119999999999884,IL2,il2_menten_prolif,0,0.05
1452.2002905199256,21.12999999999988,IL2,il2_menten_prolif,0,0.05
1448.7191888051718,21.13999999999988,IL2,il2_menten_prolif,0,0.05
1445.2464317247795,21.14999999999988,IL2,il2_menten_prolif,0,0.05
1441.781999266997,21.159999999999883,IL2,il2_menten_prolif,0,0.05
1438.3258714732247,21.16999999999988,IL2,il2_menten_prolif,0,0.05
1434.8780284366235,21.17999999999988,IL2,il2_menten_prolif,0,0.05
1431.4384502987773,21.18999999999988,IL2,il2_menten_prolif,0,0.05
1428.0071172496962,21.199999999999882,IL2,il2_menten_prolif,0,0.05
1424.5840095278168,21.20999999999988,IL2,il2_menten_prolif,0,0.05
1421.169107419995,21.219999999999878,IL2,il2_menten_prolif,0,0.05
1417.7623912552317,21.22999999999988,IL2,il2_menten_prolif,0,0.05
1414.3638414017578,21.23999999999988,IL2,il2_menten_prolif,0,0.05
1410.9734382838565,21.24999999999988,IL2,il2_menten_prolif,0,0.05
1407.5911623735838,21.259999999999877,IL2,il2_menten_prolif,0,0.05
1404.2169941905597,21.26999999999988,IL2,il2_menten_prolif,0,0.05
1400.8509143019646,21.27999999999988,IL2,il2_menten_prolif,0,0.05
1397.4929033225383,21.28999999999988,IL2,il2_menten_prolif,0,0.05
1394.142941931464,21.299999999999876,IL2,il2_menten_prolif,0,0.05
1390.8010107795635,21.309999999999878,IL2,il2_menten_prolif,0,0.05
1387.4670906456663,21.31999999999988,IL2,il2_menten_prolif,0,0.05
1384.141162325006,21.329999999999878,IL2,il2_menten_prolif,0,0.05
1380.8232066601088,21.339999999999876,IL2,il2_menten_prolif,0,0.05
1377.513204540685,21.349999999999877,IL2,il2_menten_prolif,0,0.05
1374.2111369035163,21.35999999999988,IL2,il2_menten_prolif,0,0.05
1370.9169847323415,21.369999999999877,IL2,il2_menten_prolif,0,0.05
1367.6307290470063,21.379999999999875,IL2,il2_menten_prolif,0,0.05
1364.3523509013062,21.389999999999876,IL2,il2_menten_prolif,0,0.05
1361.0818314115274,21.399999999999878,IL2,il2_menten_prolif,0,0.05
1357.8191517401806,21.409999999999876,IL2,il2_menten_prolif,0,0.05
1354.5642930954668,21.419999999999874,IL2,il2_menten_prolif,0,0.05
1351.317236731143,21.429999999999875,IL2,il2_menten_prolif,0,0.05
1348.0779639463835,21.439999999999877,IL2,il2_menten_prolif,0,0.05
1344.846456085641,21.449999999999875,IL2,il2_menten_prolif,0,0.05
1341.6226945385074,21.459999999999873,IL2,il2_menten_prolif,0,0.05
1338.4066607395741,21.469999999999875,IL2,il2_menten_prolif,0,0.05
1335.1983361683,21.479999999999876,IL2,il2_menten_prolif,0,0.05
1331.9977023488705,21.489999999999874,IL2,il2_menten_prolif,0,0.05
1328.804740850053,21.499999999999872,IL2,il2_menten_prolif,0,0.05
1325.6194332850653,21.509999999999874,IL2,il2_menten_prolif,0,0.05
1322.4417613114385,21.519999999999875,IL2,il2_menten_prolif,0,0.05
1319.2717066308767,21.529999999999873,IL2,il2_menten_prolif,0,0.05
1316.10925098884,21.53999999999987,IL2,il2_menten_prolif,0,0.05
1312.9543761613443,21.549999999999873,IL2,il2_menten_prolif,0,0.05
1309.8070639708526,21.559999999999874,IL2,il2_menten_prolif,0,0.05
1306.6672962893613,21.569999999999872,IL2,il2_menten_prolif,0,0.05
1303.5350550318894,21.57999999999987,IL2,il2_menten_prolif,0,0.05
1300.410322156325,21.589999999999872,IL2,il2_menten_prolif,0,0.05
1297.2930796632718,21.599999999999874,IL2,il2_menten_prolif,0,0.05
1294.1833095958928,21.60999999999987,IL2,il2_menten_prolif,0,0.05
1291.080994039753,21.61999999999987,IL2,il2_menten_prolif,0,0.05
1287.986115122665,21.62999999999987,IL2,il2_menten_prolif,0,0.05
1284.8986550145396,21.639999999999873,IL2,il2_menten_prolif,0,0.05
1281.8185959272246,21.64999999999987,IL2,il2_menten_prolif,0,0.05
1278.7459201143488,21.65999999999987,IL2,il2_menten_prolif,0,0.05
1275.6806098711722,21.66999999999987,IL2,il2_menten_prolif,0,0.05
1272.6226475344274,21.679999999999872,IL2,il2_menten_prolif,0,0.05
1269.5720154821684,21.68999999999987,IL2,il2_menten_prolif,0,0.05
1266.5286961336087,21.699999999999868,IL2,il2_menten_prolif,0,0.05
1263.4926719558139,21.70999999999987,IL2,il2_menten_prolif,0,0.05
1260.4639254955114,21.71999999999987,IL2,il2_menten_prolif,0,0.05
1257.4424393136276,21.72999999999987,IL2,il2_menten_prolif,0,0.05
1254.428196006476,21.739999999999867,IL2,il2_menten_prolif,0,0.05
1251.421178212012,21.74999999999987,IL2,il2_menten_prolif,0,0.05
1248.4213686097269,21.75999999999987,IL2,il2_menten_prolif,0,0.05
1245.4287499205366,21.769999999999868,IL2,il2_menten_prolif,0,0.05
1242.4433049066695,21.779999999999866,IL2,il2_menten_prolif,0,0.05
1239.4650163715582,21.789999999999868,IL2,il2_menten_prolif,0,0.05
1236.4938671597342,21.79999999999987,IL2,il2_menten_prolif,0,0.05
1233.5298401567152,21.809999999999867,IL2,il2_menten_prolif,0,0.05
1230.5729182888936,21.819999999999865,IL2,il2_menten_prolif,0,0.05
1227.6230845234277,21.829999999999867,IL2,il2_menten_prolif,0,0.05
1224.680321868139,21.83999999999987,IL2,il2_menten_prolif,0,0.05
1221.7446133713956,21.849999999999866,IL2,il2_menten_prolif,0,0.05
1218.815942122003,21.859999999999864,IL2,il2_menten_prolif,0,0.05
1215.894291249097,21.869999999999866,IL2,il2_menten_prolif,0,0.05
1212.9796439256816,21.879999999999868,IL2,il2_menten_prolif,0,0.05
1210.0719833692483,21.889999999999866,IL2,il2_menten_prolif,0,0.05
1207.1712928318736,21.899999999999864,IL2,il2_menten_prolif,0,0.05
1204.2775556056185,21.909999999999865,IL2,il2_menten_prolif,0,0.05
1201.3907550225672,21.919999999999867,IL2,il2_menten_prolif,0,0.05
1198.5108744547233,21.929999999999865,IL2,il2_menten_prolif,0,0.05
1195.6378973139072,21.939999999999863,IL2,il2_menten_prolif,0,0.05
1192.7718070516578,21.949999999999864,IL2,il2_menten_prolif,0,0.05
1189.912587159133,21.959999999999866,IL2,il2_menten_prolif,0,0.05
1187.0602211670061,21.969999999999864,IL2,il2_menten_prolif,0,0.05
1184.214692645366,21.979999999999862,IL2,il2_menten_prolif,0,0.05
1181.3759852036144,21.989999999999863,IL2,il2_menten_prolif,0,0.05
1178.5440824903685,21.999999999999865,IL2,il2_menten_prolif,0,0.05
1175.71896819336,22.009999999999863,IL2,il2_menten_prolif,0,0.05
1172.900626039329,22.01999999999986,IL2,il2_menten_prolif,0,0.05
1170.0890397939268,22.029999999999863,IL2,il2_menten_prolif,0,0.05
1167.284193261683,22.039999999999864,IL2,il2_menten_prolif,0,0.05
1164.4860702890333,22.049999999999862,IL2,il2_menten_prolif,0,0.05
1161.6946547603861,22.05999999999986,IL2,il2_menten_prolif,0,0.05
1158.9099305972325,22.06999999999986,IL2,il2_menten_prolif,0,0.05
1156.1318817595816,22.079999999999863,IL2,il2_menten_prolif,0,0.05
1153.360492245863,22.08999999999986,IL2,il2_menten_prolif,0,0.05
1150.5957460928262,22.09999999999986,IL2,il2_menten_prolif,0,0.05
1147.8376273754475,22.10999999999986,IL2,il2_menten_prolif,0,0.05
1145.0861202068327,22.119999999999862,IL2,il2_menten_prolif,0,0.05
1142.3412087381225,22.12999999999986,IL2,il2_menten_prolif,0,0.05
1139.6028771583894,22.13999999999986,IL2,il2_menten_prolif,0,0.05
1136.8711096945449,22.14999999999986,IL2,il2_menten_prolif,0,0.05
1134.1458906112439,22.15999999999986,IL2,il2_menten_prolif,0,0.05
1131.4272042107877,22.16999999999986,IL2,il2_menten_prolif,0,0.05
1128.7150348330224,22.179999999999858,IL2,il2_menten_prolif,0,0.05
1126.0093668552458,22.18999999999986,IL2,il2_menten_prolif,0,0.05
1123.3101846921131,22.19999999999986,IL2,il2_menten_prolif,0,0.05
1120.6174728018595,22.20999999999986,IL2,il2_menten_prolif,0,0.05
1117.9312156640929,22.219999999999857,IL2,il2_menten_prolif,0,0.05
1115.2513978146621,22.22999999999986,IL2,il2_menten_prolif,0,0.05
1112.5780038177336,22.23999999999986,IL2,il2_menten_prolif,0,0.05
1109.911018274473,22.249999999999858,IL2,il2_menten_prolif,0,0.05
1107.2504258229487,22.259999999999856,IL2,il2_menten_prolif,0,0.05
1104.5962111380359,22.269999999999857,IL2,il2_menten_prolif,0,0.05
1101.9483589313231,22.27999999999986,IL2,il2_menten_prolif,0,0.05
1099.3068539510175,22.289999999999857,IL2,il2_menten_prolif,0,0.05
1096.6716809818445,22.299999999999855,IL2,il2_menten_prolif,0,0.05
1094.042824844956,22.309999999999857,IL2,il2_menten_prolif,0,0.05
1091.4202703978378,22.319999999999858,IL2,il2_menten_prolif,0,0.05
1088.8040025342132,22.329999999999856,IL2,il2_menten_prolif,0,0.05
1086.1940061839455,22.339999999999854,IL2,il2_menten_prolif,0,0.05
1083.5902663129482,22.349999999999856,IL2,il2_menten_prolif,0,0.05
1080.9927679230905,22.359999999999857,IL2,il2_menten_prolif,0,0.05
1078.4014960521038,22.369999999999855,IL2,il2_menten_prolif,0,0.05
1075.8164357754013,22.379999999999853,IL2,il2_menten_prolif,0,0.05
1073.237572206265,22.389999999999855,IL2,il2_menten_prolif,0,0.05
1070.6648904905824,22.399999999999856,IL2,il2_menten_prolif,0,0.05
1068.098375809749,22.409999999999854,IL2,il2_menten_prolif,0,0.05
1065.5380133806532,22.419999999999852,IL2,il2_menten_prolif,0,0.05
1062.9837884555866,22.429999999999854,IL2,il2_menten_prolif,0,0.05
1060.4356863221635,22.439999999999856,IL2,il2_menten_prolif,0,0.05
1057.8936923032275,22.449999999999854,IL2,il2_menten_prolif,0,0.05
1055.3577917567668,22.45999999999985,IL2,il2_menten_prolif,0,0.05
1052.827970075825,22.469999999999853,IL2,il2_menten_prolif,0,0.05
1050.304212688421,22.479999999999855,IL2,il2_menten_prolif,0,0.05
1047.7865050574592,22.489999999999853,IL2,il2_menten_prolif,0,0.05
1045.2748326806422,22.49999999999985,IL2,il2_menten_prolif,0,0.05
1042.7691810903875,22.509999999999852,IL2,il2_menten_prolif,0,0.05
1040.2695358537455,22.519999999999854,IL2,il2_menten_prolif,0,0.05
1037.7758825723117,22.529999999999852,IL2,il2_menten_prolif,0,0.05
1035.2882068821407,22.53999999999985,IL2,il2_menten_prolif,0,0.05
1032.806494453665,22.54999999999985,IL2,il2_menten_prolif,0,0.05
1030.330730991613,22.559999999999853,IL2,il2_menten_prolif,0,0.05
1027.860902234923,22.56999999999985,IL2,il2_menten_prolif,0,0.05
1025.39699395666,22.57999999999985,IL2,il2_menten_prolif,0,0.05
1022.9389919639326,22.58999999999985,IL2,il2_menten_prolif,0,0.05
1020.4868820978152,22.599999999999852,IL2,il2_menten_prolif,0,0.05
1018.0406502337286,22.60999999999985,IL2,il2_menten_prolif,0,0.05
1015.6002822841684,22.61999999999985,IL2,il2_menten_prolif,0,0.05
1013.165764193132,22.62999999999985,IL2,il2_menten_prolif,0,0.05
1010.7370819376747,22.63999999999985,IL2,il2_menten_prolif,0,0.05
1008.3142215284886,22.64999999999985,IL2,il2_menten_prolif,0,0.05
1005.8971690098233,22.659999999999847,IL2,il2_menten_prolif,0,0.05
1003.4859104594129,22.66999999999985,IL2,il2_menten_prolif,0,0.05
1001.0804319884002,22.67999999999985,IL2,il2_menten_prolif,0,0.05
998.6807197412598,22.68999999999985,IL2,il2_menten_prolif,0,0.05
996.2867598957218,22.699999999999847,IL2,il2_menten_prolif,0,0.05
993.8985386627002,22.709999999999848,IL2,il2_menten_prolif,0,0.05
991.516042286216,22.71999999999985,IL2,il2_menten_prolif,0,0.05
989.1392570433267,22.729999999999848,IL2,il2_menten_prolif,0,0.05
986.7681692440475,22.739999999999846,IL2,il2_menten_prolif,0,0.05
984.4027652312813,22.749999999999847,IL2,il2_menten_prolif,0,0.05
982.043031380748,22.75999999999985,IL2,il2_menten_prolif,0,0.05
979.6889541009093,22.769999999999847,IL2,il2_menten_prolif,0,0.05
977.3405198328958,22.779999999999845,IL2,il2_menten_prolif,0,0.05
974.9977150504371,22.789999999999846,IL2,il2_menten_prolif,0,0.05
972.6605262597932,22.799999999999848,IL2,il2_menten_prolif,0,0.05
970.3289399996793,22.809999999999846,IL2,il2_menten_prolif,0,0.05
968.0029428411974,22.819999999999844,IL2,il2_menten_prolif,0,0.05
965.6825213877659,22.829999999999846,IL2,il2_menten_prolif,0,0.05
963.3676622750297,22.839999999999847,IL2,il2_menten_prolif,0,0.05
961.0583521655756,22.849999999999845,IL2,il2_menten_prolif,0,0.05
958.7545777541272,22.859999999999843,IL2,il2_menten_prolif,0,0.05
956.4563257708901,22.869999999999845,IL2,il2_menten_prolif,0,0.05
954.16358297789,22.879999999999846,IL2,il2_menten_prolif,0,0.05
951.8763361688955,22.889999999999844,IL2,il2_menten_prolif,0,0.05
949.594572169343,22.899999999999842,IL2,il2_menten_prolif,0,0.05
947.3182778362636,22.909999999999844,IL2,il2_menten_prolif,0,0.05
945.0474400582107,22.919999999999845,IL2,il2_menten_prolif,0,0.05
942.7820457551838,22.929999999999843,IL2,il2_menten_prolif,0,0.05
940.5220818785556,22.93999999999984,IL2,il2_menten_prolif,0,0.05
938.2675354109967,22.949999999999843,IL2,il2_menten_prolif,0,0.05
936.0183933664082,22.959999999999845,IL2,il2_menten_prolif,0,0.05
933.7746427898439,22.969999999999843,IL2,il2_menten_prolif,0,0.05
931.5362707574382,22.97999999999984,IL2,il2_menten_prolif,0,0.05
929.3032643763343,22.989999999999842,IL2,il2_menten_prolif,0,0.05
927.0756107846138,22.999999999999844,IL2,il2_menten_prolif,0,0.05
924.8532971512244,23.00999999999984,IL2,il2_menten_prolif,0,0.05
922.6363106759052,23.01999999999984,IL2,il2_menten_prolif,0,0.05
920.4246385891182,23.02999999999984,IL2,il2_menten_prolif,0,0.05
918.2182681519779,23.039999999999843,IL2,il2_menten_prolif,0,0.05
916.0171866561795,23.04999999999984,IL2,il2_menten_prolif,0,0.05
913.8213814239266,23.05999999999984,IL2,il2_menten_prolif,0,0.05
911.6308398078617,23.06999999999984,IL2,il2_menten_prolif,0,0.05
909.4455491901738,23.079999999999842,IL2,il2_menten_prolif,0,0.05
907.2654969813816,23.08999999999984,IL2,il2_menten_prolif,0,0.05
905.0906706242038,23.099999999999838,IL2,il2_menten_prolif,0,0.05
902.9210575916212,23.10999999999984,IL2,il2_menten_prolif,0,0.05
900.7566453866477,23.11999999999984,IL2,il2_menten_prolif,0,0.05
898.5974215422561,23.12999999999984,IL2,il2_menten_prolif,0,0.05
896.4433736213052,23.139999999999837,IL2,il2_menten_prolif,0,0.05
894.2944892164705,23.14999999999984,IL2,il2_menten_prolif,0,0.05
892.1507559501738,23.15999999999984,IL2,il2_menten_prolif,0,0.05
890.0121614745118,23.16999999999984,IL2,il2_menten_prolif,0,0.05
887.8786934711837,23.179999999999836,IL2,il2_menten_prolif,0,0.05
885.7503396514215,23.189999999999838,IL2,il2_menten_prolif,0,0.05
883.627087755922,23.19999999999984,IL2,il2_menten_prolif,0,0.05
881.5089255547746,23.209999999999837,IL2,il2_menten_prolif,0,0.05
879.3958408473909,23.219999999999835,IL2,il2_menten_prolif,0,0.05
877.287821462435,23.229999999999837,IL2,il2_menten_prolif,0,0.05
875.1848552577568,23.23999999999984,IL2,il2_menten_prolif,0,0.05
873.0869301203204,23.249999999999837,IL2,il2_menten_prolif,0,0.05
870.9940339661343,23.259999999999835,IL2,il2_menten_prolif,0,0.05
868.9061547401831,23.269999999999836,IL2,il2_menten_prolif,0,0.05
866.8232804163595,23.279999999999838,IL2,il2_menten_prolif,0,0.05
864.745398997397,23.289999999999836,IL2,il2_menten_prolif,0,0.05
862.6724985147974,23.299999999999834,IL2,il2_menten_prolif,0,0.05
860.6045670287264,23.309999999999835,IL2,il2_menten_prolif,0,0.05
858.5415926274018,23.319999999999837,IL2,il2_menten_prolif,0,0.05
856.4835634278916,23.329999999999835,IL2,il2_menten_prolif,0,0.05
854.4304675759342,23.339999999999833,IL2,il2_menten_prolif,0,0.05
852.3822932456849,23.349999999999834,IL2,il2_menten_prolif,0,0.05
850.3390286396505,23.359999999999836,IL2,il2_menten_prolif,0,0.05
848.3006619886189,23.369999999999834,IL2,il2_menten_prolif,0,0.05
846.2671815515921,23.379999999999832,IL2,il2_menten_prolif,0,0.05
844.2385756157182,23.389999999999834,IL2,il2_menten_prolif,0,0.05
842.2148324962277,23.399999999999835,IL2,il2_menten_prolif,0,0.05
840.1959405363631,23.409999999999833,IL2,il2_menten_prolif,0,0.05
838.181888107312,23.41999999999983,IL2,il2_menten_prolif,0,0.05
836.1726636081419,23.429999999999833,IL2,il2_menten_prolif,0,0.05
834.1682554657343,23.439999999999834,IL2,il2_menten_prolif,0,0.05
832.1686521347176,23.449999999999832,IL2,il2_menten_prolif,0,0.05
830.1738420974,23.45999999999983,IL2,il2_menten_prolif,0,0.05
828.1838138637045,23.469999999999832,IL2,il2_menten_prolif,0,0.05
826.1985559711043,23.479999999999833,IL2,il2_menten_prolif,0,0.05
824.2180569845561,23.48999999999983,IL2,il2_menten_prolif,0,0.05
822.2423054964345,23.49999999999983,IL2,il2_menten_prolif,0,0.05
820.2712901264664,23.50999999999983,IL2,il2_menten_prolif,0,0.05
818.3049995216677,23.519999999999833,IL2,il2_menten_prolif,0,0.05
816.3434223562788,23.52999999999983,IL2,il2_menten_prolif,0,0.05
814.3865473316964,23.53999999999983,IL2,il2_menten_prolif,0,0.05
812.4343631761299,23.54999999999983,IL2,il2_menten_prolif,0,0.05
810.4868586446547,23.55999999999983,IL2,il2_menten_prolif,0,0.05
808.5440225196314,23.56999999999983,IL2,il2_menten_prolif,0,0.05
806.6058436103117,23.579999999999828,IL2,il2_menten_prolif,0,0.05
804.6723107527746,23.58999999999983,IL2,il2_menten_prolif,0,0.05
802.7434128098623,23.59999999999983,IL2,il2_menten_prolif,0,0.05
800.819138671116,23.60999999999983,IL2,il2_menten_prolif,0,0.05
798.8994772527105,23.619999999999827,IL2,il2_menten_prolif,0,0.05
796.9844174973919,23.62999999999983,IL2,il2_menten_prolif,0,0.05
795.0739483744156,23.63999999999983,IL2,il2_menten_prolif,0,0.05
793.1680588794814,23.649999999999828,IL2,il2_menten_prolif,0,0.05
791.2667380346695,23.659999999999826,IL2,il2_menten_prolif,0,0.05
789.3699748883787,23.669999999999828,IL2,il2_menten_prolif,0,0.05
787.477758515265,23.67999999999983,IL2,il2_menten_prolif,0,0.05
785.590078016178,23.689999999999827,IL2,il2_menten_prolif,0,0.05
783.7069225180971,23.699999999999825,IL2,il2_menten_prolif,0,0.05
781.8282811740696,23.709999999999827,IL2,il2_menten_prolif,0,0.05
779.9541431631517,23.71999999999983,IL2,il2_menten_prolif,0,0.05
778.0844976903439,23.729999999999826,IL2,il2_menten_prolif,0,0.05
776.2193339865285,23.739999999999824,IL2,il2_menten_prolif,0,0.05
774.358641308409,23.749999999999826,IL2,il2_menten_prolif,0,0.05
772.5024089384513,23.759999999999827,IL2,il2_menten_prolif,0,0.05
770.6506261848187,23.769999999999825,IL2,il2_menten_prolif,0,0.05
768.803282349649,23.779999999999824,IL2,il2_menten_prolif,0,0.05
766.9603668624957,23.789999999999825,IL2,il2_menten_prolif,0,0.05
765.1218690675537,23.799999999999827,IL2,il2_menten_prolif,0,0.05
763.2877783753245,23.809999999999825,IL2,il2_menten_prolif,0,0.05
761.4580842216594,23.819999999999823,IL2,il2_menten_prolif,0,0.05
759.6327760677038,23.829999999999824,IL2,il2_menten_prolif,0,0.05
757.8118433998409,23.839999999999826,IL2,il2_menten_prolif,0,0.05
755.9952757296329,23.849999999999824,IL2,il2_menten_prolif,0,0.05
754.1830625937623,23.859999999999822,IL2,il2_menten_prolif,0,0.05
752.3751935539765,23.869999999999823,IL2,il2_menten_prolif,0,0.05
750.5716581970302,23.879999999999825,IL2,il2_menten_prolif,0,0.05
748.772446134629,23.889999999999823,IL2,il2_menten_prolif,0,0.05
746.9775470033683,23.89999999999982,IL2,il2_menten_prolif,0,0.05
745.1869504646788,23.909999999999823,IL2,il2_menten_prolif,0,0.05
743.4006462047703,23.919999999999824,IL2,il2_menten_prolif,0,0.05
741.618623934572,23.929999999999822,IL2,il2_menten_prolif,0,0.05
739.8408733896754,23.93999999999982,IL2,il2_menten_prolif,0,0.05
738.0673843302768,23.94999999999982,IL2,il2_menten_prolif,0,0.05
736.2981465411222,23.959999999999823,IL2,il2_menten_prolif,0,0.05
734.5331498314473,23.96999999999982,IL2,il2_menten_prolif,0,0.05
732.7723840349213,23.97999999999982,IL2,il2_menten_prolif,0,0.05
731.0158390095876,23.98999999999982,IL2,il2_menten_prolif,0,0.05
729.2635046378108,23.999999999999822,IL2,il2_menten_prolif,0,0.05
727.5153708262134,24.00999999999982,IL2,il2_menten_prolif,0,0.05
725.7714275054689,24.01999999999982,IL2,il2_menten_prolif,0,0.05
724.0316646303543,24.02999999999982,IL2,il2_menten_prolif,0,0.05
722.2960721797538,24.03999999999982,IL2,il2_menten_prolif,0,0.05
720.5646401565418,24.04999999999982,IL2,il2_menten_prolif,0,0.05
718.8373585875204,24.059999999999818,IL2,il2_menten_prolif,0,0.05
717.1142175233804,24.06999999999982,IL2,il2_menten_prolif,0,0.05
715.395207038948,24.07999999999982,IL2,il2_menten_prolif,0,0.05
713.6803172327957,24.08999999999982,IL2,il2_menten_prolif,0,0.05
711.9695382271818,24.099999999999817,IL2,il2_menten_prolif,0,0.05
710.2628601680663,24.1,IL2,il2_menten_prolif,0,0.05
708.5602732937195,24.110000000000003,IL2,il2_menten_prolif,0,0.05
706.8617676598612,24.120000000000005,IL2,il2_menten_prolif,0,0.05
705.1673335517253,24.130000000000006,IL2,il2_menten_prolif,0,0.05
703.4769612093903,24.140000000000008,IL2,il2_menten_prolif,0,0.05
701.790640896294,24.15000000000001,IL2,il2_menten_prolif,0,0.05
700.1083628992315,24.16000000000001,IL2,il2_menten_prolif,0,0.05
698.4301175282792,24.170000000000012,IL2,il2_menten_prolif,0,0.05
696.7558951167309,24.180000000000014,IL2,il2_menten_prolif,0,0.05
695.0856860210655,24.190000000000015,IL2,il2_menten_prolif,0,0.05
693.4194806208736,24.200000000000017,IL2,il2_menten_prolif,0,0.05
691.7572693188074,24.21000000000002,IL2,il2_menten_prolif,0,0.05
690.0990425405248,24.22000000000002,IL2,il2_menten_prolif,0,0.05
688.444790734635,24.23000000000002,IL2,il2_menten_prolif,0,0.05
686.7945043726436,24.240000000000023,IL2,il2_menten_prolif,0,0.05
685.148173948896,24.250000000000025,IL2,il2_menten_prolif,0,0.05
683.5057899805247,24.260000000000026,IL2,il2_menten_prolif,0,0.05
681.8673430073934,24.270000000000028,IL2,il2_menten_prolif,0,0.05
680.2328235920431,24.28000000000003,IL2,il2_menten_prolif,0,0.05
678.6022223196373,24.29000000000003,IL2,il2_menten_prolif,0,0.05
676.9755297979084,24.300000000000033,IL2,il2_menten_prolif,0,0.05
675.3527366571029,24.310000000000034,IL2,il2_menten_prolif,0,0.05
673.7338335499275,24.320000000000036,IL2,il2_menten_prolif,0,0.05
672.1188111514964,24.330000000000037,IL2,il2_menten_prolif,0,0.05
670.5076601592755,24.34000000000004,IL2,il2_menten_prolif,0,0.05
668.9003712930312,24.35000000000004,IL2,il2_menten_prolif,0,0.05
667.2969352947748,24.360000000000042,IL2,il2_menten_prolif,0,0.05
665.6973429287107,24.370000000000044,IL2,il2_menten_prolif,0,0.05
664.1015849811821,24.380000000000045,IL2,il2_menten_prolif,0,0.05
662.5096522606198,24.390000000000047,IL2,il2_menten_prolif,0,0.05
660.9215355974857,24.40000000000005,IL2,il2_menten_prolif,0,0.05
659.3372258442241,24.41000000000005,IL2,il2_menten_prolif,0,0.05
657.7567138752062,24.42000000000005,IL2,il2_menten_prolif,0,0.05
656.1799905866786,24.430000000000053,IL2,il2_menten_prolif,0,0.05
654.6070468967114,24.440000000000055,IL2,il2_menten_prolif,0,0.05
653.037873745144,24.450000000000056,IL2,il2_menten_prolif,0,0.05
651.4724620935349,24.460000000000058,IL2,il2_menten_prolif,0,0.05
649.9108029251086,24.47000000000006,IL2,il2_menten_prolif,0,0.05
648.3528872447041,24.48000000000006,IL2,il2_menten_prolif,0,0.05
646.7987060787227,24.490000000000062,IL2,il2_menten_prolif,0,0.05
645.2482504750765,24.500000000000064,IL2,il2_menten_prolif,0,0.05
643.7015115031372,24.510000000000066,IL2,il2_menten_prolif,0,0.05
642.1584802536836,24.520000000000067,IL2,il2_menten_prolif,0,0.05
640.6191478388519,24.53000000000007,IL2,il2_menten_prolif,0,0.05
639.0835053920829,24.54000000000007,IL2,il2_menten_prolif,0,0.05
637.5515440680718,24.55000000000007,IL2,il2_menten_prolif,0,0.05
636.0232550427173,24.560000000000073,IL2,il2_menten_prolif,0,0.05
634.4986295130705,24.570000000000075,IL2,il2_menten_prolif,0,0.05
632.9776586972837,24.580000000000076,IL2,il2_menten_prolif,0,0.05
631.4603338345612,24.590000000000078,IL2,il2_menten_prolif,0,0.05
629.9466461851074,24.60000000000008,IL2,il2_menten_prolif,0,0.05
628.4365870300771,24.61000000000008,IL2,il2_menten_prolif,0,0.05
626.9301476715259,24.620000000000083,IL2,il2_menten_prolif,0,0.05
625.4273194323586,24.630000000000084,IL2,il2_menten_prolif,0,0.05
623.9280936562802,24.640000000000086,IL2,il2_menten_prolif,0,0.05
622.4324617077464,24.650000000000087,IL2,il2_menten_prolif,0,0.05
620.9404149719131,24.66000000000009,IL2,il2_menten_prolif,0,0.05
619.4519448545868,24.67000000000009,IL2,il2_menten_prolif,0,0.05
617.9670427821752,24.680000000000092,IL2,il2_menten_prolif,0,0.05
616.4857002016389,24.690000000000094,IL2,il2_menten_prolif,0,0.05
615.00790858044,24.700000000000095,IL2,il2_menten_prolif,0,0.05
613.5336594064952,24.710000000000097,IL2,il2_menten_prolif,0,0.05
612.0629441881247,24.7200000000001,IL2,il2_menten_prolif,0,0.05
610.5957544540048,24.7300000000001,IL2,il2_menten_prolif,0,0.05
609.132081753119,24.7400000000001,IL2,il2_menten_prolif,0,0.05
607.6719176547082,24.750000000000103,IL2,il2_menten_prolif,0,0.05
606.2152537482232,24.760000000000105,IL2,il2_menten_prolif,0,0.05
604.7620816432753,24.770000000000106,IL2,il2_menten_prolif,0,0.05
603.3123929695904,24.780000000000108,IL2,il2_menten_prolif,0,0.05
601.8661793769567,24.79000000000011,IL2,il2_menten_prolif,0,0.05
600.4234325351804,24.80000000000011,IL2,il2_menten_prolif,0,0.05
598.9841441340353,24.810000000000112,IL2,il2_menten_prolif,0,0.05
597.5483058832167,24.820000000000114,IL2,il2_menten_prolif,0,0.05
596.1159095122921,24.830000000000116,IL2,il2_menten_prolif,0,0.05
594.6869467706543,24.840000000000117,IL2,il2_menten_prolif,0,0.05
593.2614094274741,24.85000000000012,IL2,il2_menten_prolif,0,0.05
591.8392892716524,24.86000000000012,IL2,il2_menten_prolif,0,0.05
590.4205781117735,24.870000000000122,IL2,il2_menten_prolif,0,0.05
589.0052677760566,24.880000000000123,IL2,il2_menten_prolif,0,0.05
587.5933501123109,24.890000000000125,IL2,il2_menten_prolif,0,0.05
586.1848169878863,24.900000000000126,IL2,il2_menten_prolif,0,0.05
584.7796602896278,24.910000000000128,IL2,il2_menten_prolif,0,0.05
583.3778719238298,24.92000000000013,IL2,il2_menten_prolif,0,0.05
581.9794438161872,24.93000000000013,IL2,il2_menten_prolif,0,0.05
580.5843679117496,24.940000000000133,IL2,il2_menten_prolif,0,0.05
579.1926361748767,24.950000000000134,IL2,il2_menten_prolif,0,0.05
577.8042405891895,24.960000000000136,IL2,il2_menten_prolif,0,0.05
576.4191731575254,24.970000000000137,IL2,il2_menten_prolif,0,0.05
575.0374259018923,24.98000000000014,IL2,il2_menten_prolif,0,0.05
573.6589908634224,24.99000000000014,IL2,il2_menten_prolif,0,0.05
572.2838601023261,25.000000000000142,IL2,il2_menten_prolif,0,0.05
570.912025697846,25.010000000000144,IL2,il2_menten_prolif,0,0.05
569.5434797482126,25.020000000000145,IL2,il2_menten_prolif,0,0.05
568.1782143705971,25.030000000000147,IL2,il2_menten_prolif,0,0.05
566.8162217010671,25.04000000000015,IL2,il2_menten_prolif,0,0.05
565.4574938945416,25.05000000000015,IL2,il2_menten_prolif,0,0.05
564.1020231247439,25.06000000000015,IL2,il2_menten_prolif,0,0.05
562.7498015841595,25.070000000000153,IL2,il2_menten_prolif,0,0.05
561.4008214839879,25.080000000000155,IL2,il2_menten_prolif,0,0.05
560.0550750541003,25.090000000000156,IL2,il2_menten_prolif,0,0.05
558.7125545429933,25.100000000000158,IL2,il2_menten_prolif,0,0.05
557.3732522177453,25.11000000000016,IL2,il2_menten_prolif,0,0.05
556.037160363971,25.12000000000016,IL2,il2_menten_prolif,0,0.05
554.7042712857778,25.130000000000162,IL2,il2_menten_prolif,0,0.05
553.3745773057208,25.140000000000164,IL2,il2_menten_prolif,0,0.05
552.048070764759,25.150000000000166,IL2,il2_menten_prolif,0,0.05
550.7247440222113,25.160000000000167,IL2,il2_menten_prolif,0,0.05
549.4045894557116,25.17000000000017,IL2,il2_menten_prolif,0,0.05
548.0875994611664,25.18000000000017,IL2,il2_menten_prolif,0,0.05
546.7737664527094,25.190000000000172,IL2,il2_menten_prolif,0,0.05
545.4630828626587,25.200000000000173,IL2,il2_menten_prolif,0,0.05
544.1555411414736,25.210000000000175,IL2,il2_menten_prolif,0,0.05
542.8511337577098,25.220000000000176,IL2,il2_menten_prolif,0,0.05
541.5498531979774,25.230000000000178,IL2,il2_menten_prolif,0,0.05
540.2516919668967,25.24000000000018,IL2,il2_menten_prolif,0,0.05
538.9566425870553,25.25000000000018,IL2,il2_menten_prolif,0,0.05
537.6646975989656,25.260000000000183,IL2,il2_menten_prolif,0,0.05
536.3758495610203,25.270000000000184,IL2,il2_menten_prolif,0,0.05
535.0900910494515,25.280000000000186,IL2,il2_menten_prolif,0,0.05
533.8074146582867,25.290000000000187,IL2,il2_menten_prolif,0,0.05
532.527812999306,25.30000000000019,IL2,il2_menten_prolif,0,0.05
531.2512787020008,25.31000000000019,IL2,il2_menten_prolif,0,0.05
529.9778044135296,25.320000000000192,IL2,il2_menten_prolif,0,0.05
528.707382798677,25.330000000000194,IL2,il2_menten_prolif,0,0.05
527.4400065398111,25.340000000000195,IL2,il2_menten_prolif,0,0.05
526.1756683368412,25.350000000000197,IL2,il2_menten_prolif,0,0.05
524.9143609071756,25.3600000000002,IL2,il2_menten_prolif,0,0.05
523.6560769856802,25.3700000000002,IL2,il2_menten_prolif,0,0.05
522.400809324636,25.3800000000002,IL2,il2_menten_prolif,0,0.05
521.1485506936979,25.390000000000203,IL2,il2_menten_prolif,0,0.05
519.8992938798527,25.400000000000205,IL2,il2_menten_prolif,0,0.05
518.6530316873775,25.410000000000206,IL2,il2_menten_prolif,0,0.05
517.409756937799,25.420000000000208,IL2,il2_menten_prolif,0,0.05
516.1694624698508,25.43000000000021,IL2,il2_menten_prolif,0,0.05
514.9321411394337,25.44000000000021,IL2,il2_menten_prolif,0,0.05
513.6977858195733,25.450000000000212,IL2,il2_menten_prolif,0,0.05
512.4663894003792,25.460000000000214,IL2,il2_menten_prolif,0,0.05
511.23794478900516,25.470000000000216,IL2,il2_menten_prolif,0,0.05
510.0124449096065,25.480000000000217,IL2,il2_menten_prolif,0,0.05
508.78988270330046,25.49000000000022,IL2,il2_menten_prolif,0,0.05
507.57025112812573,25.50000000000022,IL2,il2_menten_prolif,0,0.05
506.3535431590008,25.510000000000222,IL2,il2_menten_prolif,0,0.05
505.1397517876843,25.520000000000223,IL2,il2_menten_prolif,0,0.05
503.9288700227347,25.530000000000225,IL2,il2_menten_prolif,0,0.05
502.72089088946984,25.540000000000227,IL2,il2_menten_prolif,0,0.05
501.5158074299263,25.550000000000228,IL2,il2_menten_prolif,0,0.05
500.3136127028203,25.56000000000023,IL2,il2_menten_prolif,0,0.05
499.11429978350657,25.57000000000023,IL2,il2_menten_prolif,0,0.05
497.9178617639395,25.580000000000233,IL2,il2_menten_prolif,0,0.05
496.7242917526328,25.590000000000234,IL2,il2_menten_prolif,0,0.05
495.5335828746203,25.600000000000236,IL2,il2_menten_prolif,0,0.05
494.3457282714151,25.610000000000237,IL2,il2_menten_prolif,0,0.05
493.16072110097144,25.62000000000024,IL2,il2_menten_prolif,0,0.05
491.97855453764464,25.63000000000024,IL2,il2_menten_prolif,0,0.05
490.7992217721525,25.640000000000242,IL2,il2_menten_prolif,0,0.05
489.6227160115351,25.650000000000244,IL2,il2_menten_prolif,0,0.05
488.4490304791158,25.660000000000245,IL2,il2_menten_prolif,0,0.05
487.2781584144625,25.670000000000247,IL2,il2_menten_prolif,0,0.05
486.1100930733486,25.68000000000025,IL2,il2_menten_prolif,0,0.05
484.94482772771653,25.69000000000025,IL2,il2_menten_prolif,0,0.05
483.78235566563535,25.70000000000025,IL2,il2_menten_prolif,0,0.05
482.6226701912624,25.710000000000253,IL2,il2_menten_prolif,0,0.05
481.46576462480357,25.720000000000255,IL2,il2_menten_prolif,0,0.05
480.311632302476,25.730000000000256,IL2,il2_menten_prolif,0,0.05
479.16026657647933,25.740000000000258,IL2,il2_menten_prolif,0,0.05
478.0116608149465,25.75000000000026,IL2,il2_menten_prolif,0,0.05
476.86580840190413,25.76000000000026,IL2,il2_menten_prolif,0,0.05
475.72270273723643,25.770000000000262,IL2,il2_menten_prolif,0,0.05
474.58233723664637,25.780000000000264,IL2,il2_menten_prolif,0,0.05
473.44470533162973,25.790000000000266,IL2,il2_menten_prolif,0,0.05
472.30980046942864,25.800000000000267,IL2,il2_menten_prolif,0,0.05
471.1776161129867,25.81000000000027,IL2,il2_menten_prolif,0,0.05
470.04814574091677,25.82000000000027,IL2,il2_menten_prolif,0,0.05
468.92138284746045,25.830000000000272,IL2,il2_menten_prolif,0,0.05
467.7973209424641,25.840000000000273,IL2,il2_menten_prolif,0,0.05
466.6759535513332,25.850000000000275,IL2,il2_menten_prolif,0,0.05
465.55727421498796,25.860000000000277,IL2,il2_menten_prolif,0,0.05
464.4412764898299,25.870000000000278,IL2,il2_menten_prolif,0,0.05
463.32795394770415,25.88000000000028,IL2,il2_menten_prolif,0,0.05
462.21730017587095,25.89000000000028,IL2,il2_menten_prolif,0,0.05
461.1093087769683,25.900000000000283,IL2,il2_menten_prolif,0,0.05
460.0039733689622,25.910000000000284,IL2,il2_menten_prolif,0,0.05
458.90128758511537,25.920000000000286,IL2,il2_menten_prolif,0,0.05
457.80124507395016,25.930000000000287,IL2,il2_menten_prolif,0,0.05
456.7038394992194,25.94000000000029,IL2,il2_menten_prolif,0,0.05
455.60906453987343,25.95000000000029,IL2,il2_menten_prolif,0,0.05
454.5169138900051,25.960000000000292,IL2,il2_menten_prolif,0,0.05
453.42738125882147,25.970000000000294,IL2,il2_menten_prolif,0,0.05
452.3404603706061,25.980000000000295,IL2,il2_menten_prolif,0,0.05
451.2561449646831,25.990000000000297,IL2,il2_menten_prolif,0,0.05
450.1744287953974,26.0000000000003,IL2,il2_menten_prolif,0,0.05
449.095305632072,26.0100000000003,IL2,il2_menten_prolif,0,0.05
448.0187692589538,26.0200000000003,IL2,il2_menten_prolif,0,0.05
446.94481347518825,26.030000000000303,IL2,il2_menten_prolif,0,0.05
445.87343209478206,26.040000000000305,IL2,il2_menten_prolif,0,0.05
444.80461894656776,26.050000000000306,IL2,il2_menten_prolif,0,0.05
443.73836787418696,26.060000000000308,IL2,il2_menten_prolif,0,0.05
442.674672736038,26.07000000000031,IL2,il2_menten_prolif,0,0.05
441.61352740523307,26.08000000000031,IL2,il2_menten_prolif,0,0.05
440.55492576956925,26.090000000000312,IL2,il2_menten_prolif,0,0.05
439.49886173149264,26.100000000000314,IL2,il2_menten_prolif,0,0.05
438.44532920806427,26.110000000000316,IL2,il2_menten_prolif,0,0.05
437.3943221309454,26.120000000000317,IL2,il2_menten_prolif,0,0.05
436.3458344463371,26.13000000000032,IL2,il2_menten_prolif,0,0.05
435.29986011494634,26.14000000000032,IL2,il2_menten_prolif,0,0.05
434.25639311195516,26.150000000000322,IL2,il2_menten_prolif,0,0.05
433.2154274269843,26.160000000000323,IL2,il2_menten_prolif,0,0.05
432.17695706406323,26.170000000000325,IL2,il2_menten_prolif,0,0.05
431.1409760416127,26.180000000000327,IL2,il2_menten_prolif,0,0.05
430.10747839238184,26.190000000000328,IL2,il2_menten_prolif,0,0.05
429.07645816342017,26.20000000000033,IL2,il2_menten_prolif,0,0.05
428.04790941604455,26.21000000000033,IL2,il2_menten_prolif,0,0.05
427.02182622580483,26.220000000000333,IL2,il2_menten_prolif,0,0.05
425.9982026814482,26.230000000000334,IL2,il2_menten_prolif,0,0.05
424.97703288959724,26.240000000000336,IL2,il2_menten_prolif,0,0.05
423.95831096622345,26.250000000000338,IL2,il2_menten_prolif,0,0.05
422.9420310437139,26.26000000000034,IL2,il2_menten_prolif,0,0.05
421.92818726841176,26.27000000000034,IL2,il2_menten_prolif,0,0.05
420.91677380061657,26.280000000000342,IL2,il2_menten_prolif,0,0.05
419.9077848145158,26.290000000000344,IL2,il2_menten_prolif,0,0.05
418.9012144981749,26.300000000000345,IL2,il2_menten_prolif,0,0.05
417.8970570536867,26.310000000000347,IL2,il2_menten_prolif,0,0.05
416.895306697093,26.32000000000035,IL2,il2_menten_prolif,0,0.05
415.8959576583834,26.33000000000035,IL2,il2_menten_prolif,0,0.05
414.89900418149523,26.34000000000035,IL2,il2_menten_prolif,0,0.05
413.9044405243138,26.350000000000353,IL2,il2_menten_prolif,0,0.05
412.9122609584965,26.360000000000355,IL2,il2_menten_prolif,0,0.05
411.92245976774456,26.370000000000356,IL2,il2_menten_prolif,0,0.05
410.93503125036284,26.380000000000358,IL2,il2_menten_prolif,0,0.05
409.9499697188836,26.39000000000036,IL2,il2_menten_prolif,0,0.05
408.9672694996643,26.40000000000036,IL2,il2_menten_prolif,0,0.05
407.9869249328887,26.410000000000363,IL2,il2_menten_prolif,0,0.05
407.0089303725664,26.420000000000364,IL2,il2_menten_prolif,0,0.05
406.0332801865324,26.430000000000366,IL2,il2_menten_prolif,0,0.05
405.05996875451524,26.440000000000367,IL2,il2_menten_prolif,0,0.05
404.08899046786115,26.45000000000037,IL2,il2_menten_prolif,0,0.05
403.1203397337547,26.46000000000037,IL2,il2_menten_prolif,0,0.05
402.15401097300025,26.470000000000372,IL2,il2_menten_prolif,0,0.05
401.1899986199919,26.480000000000373,IL2,il2_menten_prolif,0,0.05
400.2282971227131,26.490000000000375,IL2,il2_menten_prolif,0,0.05
399.26890094273745,26.500000000000377,IL2,il2_menten_prolif,0,0.05
398.31180455487845,26.510000000000378,IL2,il2_menten_prolif,0,0.05
397.35700244375744,26.52000000000038,IL2,il2_menten_prolif,0,0.05
396.40448910888836,26.53000000000038,IL2,il2_menten_prolif,0,0.05
395.45425906392893,26.540000000000383,IL2,il2_menten_prolif,0,0.05
394.5063068358844,26.550000000000384,IL2,il2_menten_prolif,0,0.05
393.56062696510725,26.560000000000386,IL2,il2_menten_prolif,0,0.05
392.61721400529717,26.570000000000388,IL2,il2_menten_prolif,0,0.05
391.67606252350106,26.58000000000039,IL2,il2_menten_prolif,0,0.05
390.7371670981653,26.59000000000039,IL2,il2_menten_prolif,0,0.05
389.80052231885725,26.600000000000392,IL2,il2_menten_prolif,0,0.05
388.866122790521,26.610000000000394,IL2,il2_menten_prolif,0,0.05
387.9339631312396,26.620000000000395,IL2,il2_menten_prolif,0,0.05
387.0040379722054,26.630000000000397,IL2,il2_menten_prolif,0,0.05
386.0763419577203,26.6400000000004,IL2,il2_menten_prolif,0,0.05
385.1508697451949,26.6500000000004,IL2,il2_menten_prolif,0,0.05
384.22761600481203,26.6600000000004,IL2,il2_menten_prolif,0,0.05
383.30657541621497,26.670000000000403,IL2,il2_menten_prolif,0,0.05
382.38774267341273,26.680000000000405,IL2,il2_menten_prolif,0,0.05
381.4711124840587,26.690000000000406,IL2,il2_menten_prolif,0,0.05
380.55667956868183,26.700000000000408,IL2,il2_menten_prolif,0,0.05
379.6444386606858,26.71000000000041,IL2,il2_menten_prolif,0,0.05
378.73438450635035,26.72000000000041,IL2,il2_menten_prolif,0,0.05
377.82651186483,26.730000000000413,IL2,il2_menten_prolif,0,0.05
376.9208155062755,26.740000000000414,IL2,il2_menten_prolif,0,0.05
376.01729021156564,26.750000000000416,IL2,il2_menten_prolif,0,0.05
375.1159307764119,26.760000000000417,IL2,il2_menten_prolif,0,0.05
374.21673200920054,26.77000000000042,IL2,il2_menten_prolif,0,0.05
373.3196887309632,26.78000000000042,IL2,il2_menten_prolif,0,0.05
372.4247957753776,26.790000000000422,IL2,il2_menten_prolif,0,0.05
371.53204798876675,26.800000000000423,IL2,il2_menten_prolif,0,0.05
370.6414402297745,26.810000000000425,IL2,il2_menten_prolif,0,0.05
369.75296736616997,26.820000000000427,IL2,il2_menten_prolif,0,0.05
368.86662427958083,26.830000000000428,IL2,il2_menten_prolif,0,0.05
367.9824058647962,26.84000000000043,IL2,il2_menten_prolif,0,0.05
367.1003070290255,26.85000000000043,IL2,il2_menten_prolif,0,0.05
366.2203226918979,26.860000000000433,IL2,il2_menten_prolif,0,0.05
365.34244778546275,26.870000000000434,IL2,il2_menten_prolif,0,0.05
364.4666772541898,26.880000000000436,IL2,il2_menten_prolif,0,0.05
363.59300605315525,26.890000000000438,IL2,il2_menten_prolif,0,0.05
362.72142914778505,26.90000000000044,IL2,il2_menten_prolif,0,0.05
361.8519415178123,26.91000000000044,IL2,il2_menten_prolif,0,0.05
360.98453815519747,26.920000000000442,IL2,il2_menten_prolif,0,0.05
360.1192140640989,26.930000000000444,IL2,il2_menten_prolif,0,0.05
359.25596426087395,26.940000000000445,IL2,il2_menten_prolif,0,0.05
358.3947837740783,26.950000000000447,IL2,il2_menten_prolif,0,0.05
357.53566764415245,26.96000000000045,IL2,il2_menten_prolif,0,0.05
356.6786109203397,26.97000000000045,IL2,il2_menten_prolif,0,0.05
355.823608665252,26.98000000000045,IL2,il2_menten_prolif,0,0.05
354.9706559541971,26.990000000000453,IL2,il2_menten_prolif,0,0.05
354.119747874464,27.000000000000455,IL2,il2_menten_prolif,0,0.05
353.27087952532236,27.010000000000456,IL2,il2_menten_prolif,0,0.05
352.42404601802286,27.020000000000458,IL2,il2_menten_prolif,0,0.05
351.57924247579706,27.03000000000046,IL2,il2_menten_prolif,0,0.05
350.7364640321084,27.04000000000046,IL2,il2_menten_prolif,0,0.05
349.8957058304039,27.050000000000463,IL2,il2_menten_prolif,0,0.05
349.0569630279318,27.060000000000464,IL2,il2_menten_prolif,0,0.05
348.22023079373525,27.070000000000466,IL2,il2_menten_prolif,0,0.05
347.38550430862426,27.080000000000467,IL2,il2_menten_prolif,0,0.05
346.5527787651762,27.09000000000047,IL2,il2_menten_prolif,0,0.05
345.7220493677355,27.10000000000047,IL2,il2_menten_prolif,0,0.05
344.8933113321113,27.110000000000472,IL2,il2_menten_prolif,0,0.05
344.0665598826045,27.120000000000474,IL2,il2_menten_prolif,0,0.05
343.2417902564112,27.130000000000475,IL2,il2_menten_prolif,0,0.05
342.41899770297516,27.140000000000477,IL2,il2_menten_prolif,0,0.05
341.59817748329704,27.150000000000478,IL2,il2_menten_prolif,0,0.05
340.7793248699352,27.16000000000048,IL2,il2_menten_prolif,0,0.05
339.962435147005,27.17000000000048,IL2,il2_menten_prolif,0,0.05
339.147503610179,27.180000000000483,IL2,il2_menten_prolif,0,0.05
338.33452556500004,27.190000000000484,IL2,il2_menten_prolif,0,0.05
337.52349632664135,27.200000000000486,IL2,il2_menten_prolif,0,0.05
336.7144112235895,27.210000000000488,IL2,il2_menten_prolif,0,0.05
335.90726559570885,27.22000000000049,IL2,il2_menten_prolif,0,0.05
335.1020547942145,27.23000000000049,IL2,il2_menten_prolif,0,0.05
334.298774181673,27.240000000000492,IL2,il2_menten_prolif,0,0.05
333.49741913200177,27.250000000000494,IL2,il2_menten_prolif,0,0.05
332.6979850301773,27.260000000000495,IL2,il2_menten_prolif,0,0.05
331.90046726936805,27.270000000000497,IL2,il2_menten_prolif,0,0.05
331.1048612551812,27.2800000000005,IL2,il2_menten_prolif,0,0.05
330.3111624050391,27.2900000000005,IL2,il2_menten_prolif,0,0.05
329.51936614751196,27.3000000000005,IL2,il2_menten_prolif,0,0.05
328.7294679223189,27.310000000000503,IL2,il2_menten_prolif,0,0.05
327.9414631803277,27.320000000000505,IL2,il2_menten_prolif,0,0.05
327.15534738355467,27.330000000000506,IL2,il2_menten_prolif,0,0.05
326.3711160063417,27.340000000000508,IL2,il2_menten_prolif,0,0.05
325.5887645223386,27.35000000000051,IL2,il2_menten_prolif,0,0.05
324.8082884303844,27.36000000000051,IL2,il2_menten_prolif,0,0.05
324.02968323477353,27.370000000000513,IL2,il2_menten_prolif,0,0.05
323.252944450873,27.380000000000514,IL2,il2_menten_prolif,0,0.05
322.47806760509513,27.390000000000516,IL2,il2_menten_prolif,0,0.05
321.7050482348717,27.400000000000517,IL2,il2_menten_prolif,0,0.05
320.93388188779284,27.41000000000052,IL2,il2_menten_prolif,0,0.05
320.16456411427873,27.42000000000052,IL2,il2_menten_prolif,0,0.05
319.39709048074224,27.430000000000522,IL2,il2_menten_prolif,0,0.05
318.63145656644906,27.440000000000524,IL2,il2_menten_prolif,0,0.05
317.86765796142197,27.450000000000525,IL2,il2_menten_prolif,0,0.05
317.1056902664112,27.460000000000527,IL2,il2_menten_prolif,0,0.05
316.3455490928642,27.470000000000528,IL2,il2_menten_prolif,0,0.05
315.5872300628956,27.48000000000053,IL2,il2_menten_prolif,0,0.05
314.8307288092577,27.49000000000053,IL2,il2_menten_prolif,0,0.05
314.07604097530975,27.500000000000533,IL2,il2_menten_prolif,0,0.05
313.3231622149892,27.510000000000534,IL2,il2_menten_prolif,0,0.05
312.57208819278037,27.520000000000536,IL2,il2_menten_prolif,0,0.05
311.8228145836855,27.530000000000538,IL2,il2_menten_prolif,0,0.05
311.0753370731944,27.54000000000054,IL2,il2_menten_prolif,0,0.05
310.32965135725465,27.55000000000054,IL2,il2_menten_prolif,0,0.05
309.58575314224146,27.560000000000542,IL2,il2_menten_prolif,0,0.05
308.8436381449279,27.570000000000544,IL2,il2_menten_prolif,0,0.05
308.1033020924548,27.580000000000545,IL2,il2_menten_prolif,0,0.05
307.3647407223009,27.590000000000547,IL2,il2_menten_prolif,0,0.05
306.6279497822529,27.60000000000055,IL2,il2_menten_prolif,0,0.05
305.8929250303755,27.61000000000055,IL2,il2_menten_prolif,0,0.05
305.1596622349816,27.62000000000055,IL2,il2_menten_prolif,0,0.05
304.4281571746018,27.630000000000553,IL2,il2_menten_prolif,0,0.05
303.69840563795503,27.640000000000555,IL2,il2_menten_prolif,0,0.05
302.9704034194215,27.650000000000556,IL2,il2_menten_prolif,0,0.05
302.24414631906063,27.660000000000558,IL2,il2_menten_prolif,0,0.05
301.51963015380267,27.67000000000056,IL2,il2_menten_prolif,0,0.05
300.79685075064475,27.68000000000056,IL2,il2_menten_prolif,0,0.05
300.0758039464828,27.690000000000563,IL2,il2_menten_prolif,0,0.05
299.3564855880774,27.700000000000564,IL2,il2_menten_prolif,0,0.05
298.63889153202086,27.710000000000566,IL2,il2_menten_prolif,0,0.05
297.923017644703,27.720000000000567,IL2,il2_menten_prolif,0,0.05
297.20885980227774,27.73000000000057,IL2,il2_menten_prolif,0,0.05
296.49641389062987,27.74000000000057,IL2,il2_menten_prolif,0,0.05
295.7856758053406,27.750000000000572,IL2,il2_menten_prolif,0,0.05
295.0766414516546,27.760000000000574,IL2,il2_menten_prolif,0,0.05
294.3693067444465,27.770000000000575,IL2,il2_menten_prolif,0,0.05
293.6636676081867,27.780000000000577,IL2,il2_menten_prolif,0,0.05
292.9597199769081,27.79000000000058,IL2,il2_menten_prolif,0,0.05
292.2574597941723,27.80000000000058,IL2,il2_menten_prolif,0,0.05
291.5568830130365,27.81000000000058,IL2,il2_menten_prolif,0,0.05
290.8579855960191,27.820000000000583,IL2,il2_menten_prolif,0,0.05
290.1607635150666,27.830000000000584,IL2,il2_menten_prolif,0,0.05
289.46521275152014,27.840000000000586,IL2,il2_menten_prolif,0,0.05
288.77132929608126,27.850000000000588,IL2,il2_menten_prolif,0,0.05
288.0791091487788,27.86000000000059,IL2,il2_menten_prolif,0,0.05
287.3885483189351,27.87000000000059,IL2,il2_menten_prolif,0,0.05
286.69964282651983,27.880000000000592,IL2,il2_menten_prolif,0,0.05
286.0123887205186,27.890000000000594,IL2,il2_menten_prolif,0,0.05
285.32678204861634,27.900000000000595,IL2,il2_menten_prolif,0,0.05
284.64281886178844,27.910000000000597,IL2,il2_menten_prolif,0,0.05
283.96049522045166,27.9200000000006,IL2,il2_menten_prolif,0,0.05
283.27980719443866,27.9300000000006,IL2,il2_menten_prolif,0,0.05
282.60075086297286,27.9400000000006,IL2,il2_menten_prolif,0,0.05
281.9233223146434,27.950000000000603,IL2,il2_menten_prolif,0,0.05
281.24751764738005,27.960000000000605,IL2,il2_menten_prolif,0,0.05
280.5733329684271,27.970000000000606,IL2,il2_menten_prolif,0,0.05
279.90076439431937,27.980000000000608,IL2,il2_menten_prolif,0,0.05
279.22980805085615,27.99000000000061,IL2,il2_menten_prolif,0,0.05
278.5604600730761,28.00000000000061,IL2,il2_menten_prolif,0,0.05
277.89271660523264,28.010000000000613,IL2,il2_menten_prolif,0,0.05
277.2265738007678,28.020000000000614,IL2,il2_menten_prolif,0,0.05
276.56202782228763,28.030000000000616,IL2,il2_menten_prolif,0,0.05
275.8990748415368,28.040000000000617,IL2,il2_menten_prolif,0,0.05
275.2377110393734,28.05000000000062,IL2,il2_menten_prolif,0,0.05
274.5779326057436,28.06000000000062,IL2,il2_menten_prolif,0,0.05
273.91973573965674,28.070000000000622,IL2,il2_menten_prolif,0,0.05
273.2631166491599,28.080000000000624,IL2,il2_menten_prolif,0,0.05
272.6080715513123,28.090000000000625,IL2,il2_menten_prolif,0,0.05
271.9545966721611,28.100000000000627,IL2,il2_menten_prolif,0,0.05
271.302688246715,28.11000000000063,IL2,il2_menten_prolif,0,0.05
270.6523425213505,28.12000000000063,IL2,il2_menten_prolif,0,0.05
270.00355575490016,28.13000000000063,IL2,il2_menten_prolif,0,0.05
269.3563242105815,28.140000000000633,IL2,il2_menten_prolif,0,0.05
268.71064416038195,28.150000000000635,IL2,il2_menten_prolif,0,0.05
268.06651188521414,28.160000000000636,IL2,il2_menten_prolif,0,0.05
267.4239236748929,28.170000000000638,IL2,il2_menten_prolif,0,0.05
266.78287582811225,28.18000000000064,IL2,il2_menten_prolif,0,0.05
266.143364652423,28.19000000000064,IL2,il2_menten_prolif,0,0.05
265.5053864642089,28.200000000000642,IL2,il2_menten_prolif,0,0.05
264.8689375886652,28.210000000000644,IL2,il2_menten_prolif,0,0.05
264.23401435977416,28.220000000000645,IL2,il2_menten_prolif,0,0.05
263.60061312028347,28.230000000000647,IL2,il2_menten_prolif,0,0.05
262.9687302216827,28.24000000000065,IL2,il2_menten_prolif,0,0.05
262.3383620241806,28.25000000000065,IL2,il2_menten_prolif,0,0.05
261.7095048966822,28.26000000000065,IL2,il2_menten_prolif,0,0.05
261.08215521676584,28.270000000000653,IL2,il2_menten_prolif,0,0.05
260.4563093706607,28.280000000000655,IL2,il2_menten_prolif,0,0.05
259.8319637532231,28.290000000000656,IL2,il2_menten_prolif,0,0.05
259.20911476791457,28.300000000000658,IL2,il2_menten_prolif,0,0.05
258.58775882677844,28.31000000000066,IL2,il2_menten_prolif,0,0.05
257.9678923504169,28.32000000000066,IL2,il2_menten_prolif,0,0.05
257.3495117679682,28.330000000000663,IL2,il2_menten_prolif,0,0.05
256.732613517084,28.340000000000664,IL2,il2_menten_prolif,0,0.05
256.11719404403595,28.350000000000666,IL2,il2_menten_prolif,0,0.05
255.50324980646448,28.360000000000667,IL2,il2_menten_prolif,0,0.05
254.89077726921022,28.37000000000067,IL2,il2_menten_prolif,0,0.05
254.27977290446904,28.38000000000067,IL2,il2_menten_prolif,0,0.05
253.67023319288313,28.390000000000672,IL2,il2_menten_prolif,0,0.05
253.06215462351912,28.400000000000674,IL2,il2_menten_prolif,0,0.05
252.45553369384646,28.410000000000675,IL2,il2_menten_prolif,0,0.05
251.85036690971629,28.420000000000677,IL2,il2_menten_prolif,0,0.05
251.24665078533903,28.43000000000068,IL2,il2_menten_prolif,0,0.05
250.64438184326372,28.44000000000068,IL2,il2_menten_prolif,0,0.05
250.0435566143553,28.45000000000068,IL2,il2_menten_prolif,0,0.05
249.44417163777396,28.460000000000683,IL2,il2_menten_prolif,0,0.05
248.846223460953,28.470000000000685,IL2,il2_menten_prolif,0,0.05
248.24970863957753,28.480000000000686,IL2,il2_menten_prolif,0,0.05
247.65462373756222,28.490000000000688,IL2,il2_menten_prolif,0,0.05
247.06096532703066,28.50000000000069,IL2,il2_menten_prolif,0,0.05
246.4687299882928,28.51000000000069,IL2,il2_menten_prolif,0,0.05
245.87791430982392,28.520000000000692,IL2,il2_menten_prolif,0,0.05
245.28851488824273,28.530000000000694,IL2,il2_menten_prolif,0,0.05
244.70052832829003,28.540000000000695,IL2,il2_menten_prolif,0,0.05
244.11395124280665,28.550000000000697,IL2,il2_menten_prolif,0,0.05
243.52878025271235,28.5600000000007,IL2,il2_menten_prolif,0,0.05
242.94501198698373,28.5700000000007,IL2,il2_menten_prolif,0,0.05
242.36264308263293,28.5800000000007,IL2,il2_menten_prolif,0,0.05
241.7816691341937,28.590000000000703,IL2,il2_menten_prolif,0,0.05
241.20208911207808,28.600000000000705,IL2,il2_menten_prolif,0,0.05
240.62389838010662,28.610000000000706,IL2,il2_menten_prolif,0,0.05
240.04709361257034,28.620000000000708,IL2,il2_menten_prolif,0,0.05
239.4716714913091,28.63000000000071,IL2,il2_menten_prolif,0,0.05
238.8976287057116,28.64000000000071,IL2,il2_menten_prolif,0,0.05
238.32496195271523,28.650000000000713,IL2,il2_menten_prolif,0,0.05
237.75366793680615,28.660000000000714,IL2,il2_menten_prolif,0,0.05
237.18374337001939,28.670000000000716,IL2,il2_menten_prolif,0,0.05
236.61518497193862,28.680000000000717,IL2,il2_menten_prolif,0,0.05
236.04798946969635,28.69000000000072,IL2,il2_menten_prolif,0,0.05
235.48215359797388,28.70000000000072,IL2,il2_menten_prolif,0,0.05
234.9176740990012,28.710000000000722,IL2,il2_menten_prolif,0,0.05
234.35454772255713,28.720000000000724,IL2,il2_menten_prolif,0,0.05
233.79277122596943,28.730000000000725,IL2,il2_menten_prolif,0,0.05
233.23234137411424,28.740000000000727,IL2,il2_menten_prolif,0,0.05
232.6732549394168,28.75000000000073,IL2,il2_menten_prolif,0,0.05
232.115508701851,28.76000000000073,IL2,il2_menten_prolif,0,0.05
231.5590994489396,28.77000000000073,IL2,il2_menten_prolif,0,0.05
231.00402397575388,28.780000000000733,IL2,il2_menten_prolif,0,0.05
230.45027908491423,28.790000000000735,IL2,il2_menten_prolif,0,0.05
229.89786158658956,28.800000000000736,IL2,il2_menten_prolif,0,0.05
229.34676829849764,28.810000000000738,IL2,il2_menten_prolif,0,0.05
228.79699604593338,28.82000000000074,IL2,il2_menten_prolif,0,0.05
228.24854166297666,28.83000000000074,IL2,il2_menten_prolif,0,0.05
227.70140199120917,28.840000000000742,IL2,il2_menten_prolif,0,0.05
227.15557387935542,28.850000000000744,IL2,il2_menten_prolif,0,0.05
226.611054183777,28.860000000000746,IL2,il2_menten_prolif,0,0.05
226.06783976847262,28.870000000000747,IL2,il2_menten_prolif,0,0.05
225.52592750507827,28.88000000000075,IL2,il2_menten_prolif,0,0.05
224.98531427286707,28.89000000000075,IL2,il2_menten_prolif,0,0.05
224.4459969580683,28.90000000000075,IL2,il2_menten_prolif,0,0.05
223.90797245259333,28.910000000000753,IL2,il2_menten_prolif,0,0.05
223.37123765726145,28.920000000000755,IL2,il2_menten_prolif,0,0.05
222.83578948051496,28.930000000000756,IL2,il2_menten_prolif,0,0.05
222.30162483829116,28.940000000000758,IL2,il2_menten_prolif,0,0.05
221.768740654022,28.95000000000076,IL2,il2_menten_prolif,0,0.05
221.2371338586339,28.96000000000076,IL2,il2_menten_prolif,0,0.05
220.70680139051547,28.970000000000763,IL2,il2_menten_prolif,0,0.05
220.17774019412286,28.980000000000764,IL2,il2_menten_prolif,0,0.05
219.6499472214609,28.990000000000766,IL2,il2_menten_prolif,0,0.05
219.12341943249794,29.000000000000767,IL2,il2_menten_prolif,0,0.05
218.59815379459502,29.01000000000077,IL2,il2_menten_prolif,0,0.05
218.07414728250586,29.02000000000077,IL2,il2_menten_prolif,0,0.05
217.55139687837692,29.030000000000772,IL2,il2_menten_prolif,0,0.05
217.0298995717472,29.040000000000774,IL2,il2_menten_prolif,0,0.05
216.50965235891604,29.050000000000775,IL2,il2_menten_prolif,0,0.05
215.99065224175996,29.060000000000777,IL2,il2_menten_prolif,0,0.05
215.47289623072786,29.07000000000078,IL2,il2_menten_prolif,0,0.05
214.95638134364876,29.08000000000078,IL2,il2_menten_prolif,0,0.05
214.44110460561177,29.09000000000078,IL2,il2_menten_prolif,0,0.05
213.9270630489666,29.100000000000783,IL2,il2_menten_prolif,0,0.05
213.41425371332315,29.110000000000785,IL2,il2_menten_prolif,0,0.05
212.90267364551028,29.120000000000786,IL2,il2_menten_prolif,0,0.05
212.39231989780595,29.130000000000788,IL2,il2_menten_prolif,0,0.05
211.8831895298169,29.14000000000079,IL2,il2_menten_prolif,0,0.05
211.37527960900542,29.15000000000079,IL2,il2_menten_prolif,0,0.05
210.86858720996452,29.160000000000792,IL2,il2_menten_prolif,0,0.05
210.36310941441837,29.170000000000794,IL2,il2_menten_prolif,0,0.05
209.8588433112217,29.180000000000796,IL2,il2_menten_prolif,0,0.05
209.3557859963603,29.190000000000797,IL2,il2_menten_prolif,0,0.05
208.85393457234272,29.2000000000008,IL2,il2_menten_prolif,0,0.05
208.35328614706248,29.2100000000008,IL2,il2_menten_prolif,0,0.05
207.85383783667865,29.220000000000802,IL2,il2_menten_prolif,0,0.05
207.3555867644688,29.230000000000803,IL2,il2_menten_prolif,0,0.05
206.85853006071406,29.240000000000805,IL2,il2_menten_prolif,0,0.05
206.3626648626994,29.250000000000806,IL2,il2_menten_prolif,0,0.05
205.8679883147135,29.260000000000808,IL2,il2_menten_prolif,0,0.05
205.3744975680081,29.27000000000081,IL2,il2_menten_prolif,0,0.05
204.88218977909207,29.28000000000081,IL2,il2_menten_prolif,0,0.05
204.39106211154342,29.290000000000813,IL2,il2_menten_prolif,0,0.05
203.9011117365181,29.300000000000814,IL2,il2_menten_prolif,0,0.05
203.41233583205081,29.310000000000816,IL2,il2_menten_prolif,0,0.05
202.924731583055,29.320000000000817,IL2,il2_menten_prolif,0,0.05
202.43829618132276,29.33000000000082,IL2,il2_menten_prolif,0,0.05
201.95302682552494,29.34000000000082,IL2,il2_menten_prolif,0,0.05
201.46892072062457,29.350000000000822,IL2,il2_menten_prolif,0,0.05
200.98597507677914,29.360000000000824,IL2,il2_menten_prolif,0,0.05
200.50418711211952,29.370000000000825,IL2,il2_menten_prolif,0,0.05
200.02355405164326,29.380000000000827,IL2,il2_menten_prolif,0,0.05
199.54407312710407,29.39000000000083,IL2,il2_menten_prolif,0,0.05
199.06574157701147,29.40000000000083,IL2,il2_menten_prolif,0,0.05
198.58855664663133,29.41000000000083,IL2,il2_menten_prolif,0,0.05
198.11251558793867,29.420000000000833,IL2,il2_menten_prolif,0,0.05
197.63761565768334,29.430000000000835,IL2,il2_menten_prolif,0,0.05
197.16385411957793,29.440000000000836,IL2,il2_menten_prolif,0,0.05
196.6912282448126,29.450000000000838,IL2,il2_menten_prolif,0,0.05
196.21973531122921,29.46000000000084,IL2,il2_menten_prolif,0,0.05
195.74937260332104,29.47000000000084,IL2,il2_menten_prolif,0,0.05
195.28013741223285,29.480000000000842,IL2,il2_menten_prolif,0,0.05
194.812027035761,29.490000000000844,IL2,il2_menten_prolif,0,0.05
194.34503877835334,29.500000000000846,IL2,il2_menten_prolif,0,0.05
193.879169950875,29.510000000000847,IL2,il2_menten_prolif,0,0.05
193.41441786780624,29.52000000000085,IL2,il2_menten_prolif,0,0.05
192.95077985138232,29.53000000000085,IL2,il2_menten_prolif,0,0.05
192.48825323109972,29.540000000000852,IL2,il2_menten_prolif,0,0.05
192.02683534296096,29.550000000000853,IL2,il2_menten_prolif,0,0.05
191.566523529474,29.560000000000855,IL2,il2_menten_prolif,0,0.05
191.10731513965294,29.570000000000856,IL2,il2_menten_prolif,0,0.05
190.64920752901727,29.580000000000858,IL2,il2_menten_prolif,0,0.05
190.1921980595924,29.59000000000086,IL2,il2_menten_prolif,0,0.05
189.73628409943095,29.60000000000086,IL2,il2_menten_prolif,0,0.05
189.2814630202903,29.610000000000863,IL2,il2_menten_prolif,0,0.05
188.82773220197254,29.620000000000864,IL2,il2_menten_prolif,0,0.05
188.37508903105623,29.630000000000866,IL2,il2_menten_prolif,0,0.05
187.92353090049008,29.640000000000867,IL2,il2_menten_prolif,0,0.05
187.4730552095931,29.65000000000087,IL2,il2_menten_prolif,0,0.05
187.02365936405454,29.66000000000087,IL2,il2_menten_prolif,0,0.05
186.5753407759338,29.670000000000872,IL2,il2_menten_prolif,0,0.05
186.12809686366046,29.680000000000874,IL2,il2_menten_prolif,0,0.05
185.68192505119796,29.690000000000875,IL2,il2_menten_prolif,0,0.05
185.2368227664257,29.700000000000877,IL2,il2_menten_prolif,0,0.05
184.79278744536134,29.71000000000088,IL2,il2_menten_prolif,0,0.05
184.34981653044375,29.72000000000088,IL2,il2_menten_prolif,0,0.05
183.90790747034833,29.73000000000088,IL2,il2_menten_prolif,0,0.05
183.467057719987,29.740000000000883,IL2,il2_menten_prolif,0,0.05
183.02726474050817,29.750000000000885,IL2,il2_menten_prolif,0,0.05
182.58852599929673,29.760000000000886,IL2,il2_menten_prolif,0,0.05
182.1508389699742,29.770000000000888,IL2,il2_menten_prolif,0,0.05
181.71420113517928,29.78000000000089,IL2,il2_menten_prolif,0,0.05
181.2786099678044,29.79000000000089,IL2,il2_menten_prolif,0,0.05
180.84406296570512,29.800000000000892,IL2,il2_menten_prolif,0,0.05
180.41055762567146,29.810000000000894,IL2,il2_menten_prolif,0,0.05
179.97809145068788,29.820000000000896,IL2,il2_menten_prolif,0,0.05
179.54666194991898,29.830000000000897,IL2,il2_menten_prolif,0,0.05
179.1162666386941,29.8400000000009,IL2,il2_menten_prolif,0,0.05
178.68690303849286,29.8500000000009,IL2,il2_menten_prolif,0,0.05
178.2585686769301,29.860000000000902,IL2,il2_menten_prolif,0,0.05
177.83126108366326,29.870000000000903,IL2,il2_menten_prolif,0,0.05
177.404977793449,29.880000000000905,IL2,il2_menten_prolif,0,0.05
176.9797163508477,29.890000000000907,IL2,il2_menten_prolif,0,0.05
176.55547430640434,29.900000000000908,IL2,il2_menten_prolif,0,0.05
176.1322492166309,29.91000000000091,IL2,il2_menten_prolif,0,0.05
175.7100386439891,29.92000000000091,IL2,il2_menten_prolif,0,0.05
175.288840156873,29.930000000000913,IL2,il2_menten_prolif,0,0.05
174.86865132959196,29.940000000000914,IL2,il2_menten_prolif,0,0.05
174.44946974235302,29.950000000000916,IL2,il2_menten_prolif,0,0.05
174.03129298124384,29.960000000000917,IL2,il2_menten_prolif,0,0.05
173.61411863821533,29.97000000000092,IL2,il2_menten_prolif,0,0.05
173.19794431106442,29.98000000000092,IL2,il2_menten_prolif,0,0.05
172.78276760341652,29.990000000000922,IL2,il2_menten_prolif,0,0.05
172.36858612470866,30.000000000000924,IL2,il2_menten_prolif,0,0.05
171.95539749017178,30.010000000000925,IL2,il2_menten_prolif,0,0.05
171.54319932081378,30.020000000000927,IL2,il2_menten_prolif,0,0.05
171.1319892434019,30.03000000000093,IL2,il2_menten_prolif,0,0.05
170.72176489044563,30.04000000000093,IL2,il2_menten_prolif,0,0.05
170.31252390017954,30.05000000000093,IL2,il2_menten_prolif,0,0.05
169.90426391654557,30.060000000000933,IL2,il2_menten_prolif,0,0.05
169.49698258917618,30.070000000000935,IL2,il2_menten_prolif,0,0.05
169.0906775733768,30.080000000000936,IL2,il2_menten_prolif,0,0.05
168.68534653010866,30.090000000000938,IL2,il2_menten_prolif,0,0.05
168.28098712446348,30.10000000000094,IL2,il2_menten_prolif,0,0.05
167.87759702306766,30.11000000000094,IL2,il2_menten_prolif,0,0.05
167.47517390219917,30.120000000000942,IL2,il2_menten_prolif,0,0.05
167.0737154440385,30.130000000000944,IL2,il2_menten_prolif,0,0.05
166.67321933625504,30.140000000000946,IL2,il2_menten_prolif,0,0.05
166.27368327198775,30.150000000000947,IL2,il2_menten_prolif,0,0.05
165.8751049498257,30.16000000000095,IL2,il2_menten_prolif,0,0.05
165.4774820737887,30.17000000000095,IL2,il2_menten_prolif,0,0.05
165.0808123533077,30.180000000000952,IL2,il2_menten_prolif,0,0.05
164.68509350320562,30.190000000000953,IL2,il2_menten_prolif,0,0.05
164.2903232436778,30.200000000000955,IL2,il2_menten_prolif,0,0.05
163.89649930027244,30.210000000000957,IL2,il2_menten_prolif,0,0.05
163.50361940387137,30.220000000000958,IL2,il2_menten_prolif,0,0.05
163.11168129067062,30.23000000000096,IL2,il2_menten_prolif,0,0.05
162.7206827021609,30.24000000000096,IL2,il2_menten_prolif,0,0.05
162.33062138510817,30.250000000000963,IL2,il2_menten_prolif,0,0.05
161.9414950915343,30.260000000000964,IL2,il2_menten_prolif,0,0.05
161.55330157869759,30.270000000000966,IL2,il2_menten_prolif,0,0.05
161.16603860907333,30.280000000000967,IL2,il2_menten_prolif,0,0.05
160.7797039503344,30.29000000000097,IL2,il2_menten_prolif,0,0.05
160.39429537533195,30.30000000000097,IL2,il2_menten_prolif,0,0.05
160.00981066207567,30.310000000000972,IL2,il2_menten_prolif,0,0.05
159.62624759371474,30.320000000000974,IL2,il2_menten_prolif,0,0.05
159.24360395941503,30.330000000000975,IL2,il2_menten_prolif,0,0.05
158.86187756589015,30.340000000000977,IL2,il2_menten_prolif,0,0.05
158.48106621827407,30.35000000000098,IL2,il2_menten_prolif,0,0.05
158.1011677231322,30.36000000000098,IL2,il2_menten_prolif,0,0.05
157.72217989227374,30.37000000000098,IL2,il2_menten_prolif,0,0.05
157.34410054273815,30.380000000000983,IL2,il2_menten_prolif,0,0.05
156.9669274967806,30.390000000000985,IL2,il2_menten_prolif,0,0.05
156.5906585818584,30.400000000000986,IL2,il2_menten_prolif,0,0.05
156.21529163061663,30.410000000000988,IL2,il2_menten_prolif,0,0.05
155.84082448087446,30.42000000000099,IL2,il2_menten_prolif,0,0.05
155.46725497561073,30.43000000000099,IL2,il2_menten_prolif,0,0.05
155.09458096295026,30.440000000000992,IL2,il2_menten_prolif,0,0.05
154.7228002961499,30.450000000000994,IL2,il2_menten_prolif,0,0.05
154.35191083358404,30.460000000000996,IL2,il2_menten_prolif,0,0.05
153.98191043873103,30.470000000000997,IL2,il2_menten_prolif,0,0.05
153.6127969801591,30.480000000001,IL2,il2_menten_prolif,0,0.05
153.2445683315121,30.490000000001,IL2,il2_menten_prolif,0,0.05
152.8772223714958,30.500000000001002,IL2,il2_menten_prolif,0,0.05
152.51075698386364,30.510000000001003,IL2,il2_menten_prolif,0,0.05
152.14517005740277,30.520000000001005,IL2,il2_menten_prolif,0,0.05
151.78045948592006,30.530000000001007,IL2,il2_menten_prolif,0,0.05
151.41662316822817,30.540000000001008,IL2,il2_menten_prolif,0,0.05
151.05365900813132,30.55000000000101,IL2,il2_menten_prolif,0,0.05
150.69156491441143,30.56000000000101,IL2,il2_menten_prolif,0,0.05
150.33033880293283,30.570000000001013,IL2,il2_menten_prolif,0,0.05
149.9699785950893,30.580000000001014,IL2,il2_menten_prolif,0,0.05
149.61048221523362,30.590000000001016,IL2,il2_menten_prolif,0,0.05
149.25184759268797,30.600000000001017,IL2,il2_menten_prolif,0,0.05
148.89407266173163,30.61000000000102,IL2,il2_menten_prolif,0,0.05
148.5371553615885,30.62000000000102,IL2,il2_menten_prolif,0,0.05
148.1810936364142,30.630000000001022,IL2,il2_menten_prolif,0,0.05
147.82588543528328,30.640000000001024,IL2,il2_menten_prolif,0,0.05
147.47152871217673,30.650000000001025,IL2,il2_menten_prolif,0,0.05
147.11802142596918,30.660000000001027,IL2,il2_menten_prolif,0,0.05
146.76536154041608,30.67000000000103,IL2,il2_menten_prolif,0,0.05
146.41354702414128,30.68000000000103,IL2,il2_menten_prolif,0,0.05
146.06257585062392,30.69000000000103,IL2,il2_menten_prolif,0,0.05
145.71244599818596,30.700000000001033,IL2,il2_menten_prolif,0,0.05
145.3631554499795,30.710000000001035,IL2,il2_menten_prolif,0,0.05
145.01470219397393,30.720000000001036,IL2,il2_menten_prolif,0,0.05
144.66708422294334,30.730000000001038,IL2,il2_menten_prolif,0,0.05
144.32029953445368,30.74000000000104,IL2,il2_menten_prolif,0,0.05
143.97434613085022,30.75000000000104,IL2,il2_menten_prolif,0,0.05
143.62922201924462,30.760000000001043,IL2,il2_menten_prolif,0,0.05
143.28492521150238,30.770000000001044,IL2,il2_menten_prolif,0,0.05
142.94145372423017,30.780000000001046,IL2,il2_menten_prolif,0,0.05
142.59880557876284,30.790000000001047,IL2,il2_menten_prolif,0,0.05
142.25697880163509,30.80000000000105,IL2,il2_menten_prolif,0,0.05
141.9159714254332,30.81000000000105,IL2,il2_menten_prolif,0,0.05
141.57578148611168,30.820000000001052,IL2,il2_menten_prolif,0,0.05
141.23640702419428,30.830000000001053,IL2,il2_menten_prolif,0,0.05
140.89784608489606,30.840000000001055,IL2,il2_menten_prolif,0,0.05
140.56009671811097,30.850000000001057,IL2,il2_menten_prolif,0,0.05
140.2231569784002,30.860000000001058,IL2,il2_menten_prolif,0,0.05
139.88702492497978,30.87000000000106,IL2,il2_menten_prolif,0,0.05
139.55169862170897,30.88000000000106,IL2,il2_menten_prolif,0,0.05
139.21717613707796,30.890000000001063,IL2,il2_menten_prolif,0,0.05
138.88345554419587,30.900000000001064,IL2,il2_menten_prolif,0,0.05
138.55053492077894,30.910000000001066,IL2,il2_menten_prolif,0,0.05
138.2184123491383,30.920000000001068,IL2,il2_menten_prolif,0,0.05
137.88708591616808,30.93000000000107,IL2,il2_menten_prolif,0,0.05
137.55655371333336,30.94000000000107,IL2,il2_menten_prolif,0,0.05
137.2268138366581,30.950000000001072,IL2,il2_menten_prolif,0,0.05
136.89786438671322,30.960000000001074,IL2,il2_menten_prolif,0,0.05
136.56970346860456,30.970000000001075,IL2,il2_menten_prolif,0,0.05
136.24232919196086,30.980000000001077,IL2,il2_menten_prolif,0,0.05
135.91573967092168,30.99000000000108,IL2,il2_menten_prolif,0,0.05
135.5899330241255,31.00000000000108,IL2,il2_menten_prolif,0,0.05
135.26490737469754,31.01000000000108,IL2,il2_menten_prolif,0,0.05
134.94066085023803,31.020000000001083,IL2,il2_menten_prolif,0,0.05
134.61719097172335,31.030000000001085,IL2,il2_menten_prolif,0,0.05
134.29449722140802,31.040000000001086,IL2,il2_menten_prolif,0,0.05
133.97257698797677,31.050000000001088,IL2,il2_menten_prolif,0,0.05
133.65142841981594,31.06000000000109,IL2,il2_menten_prolif,0,0.05
133.33104966951333,31.07000000000109,IL2,il2_menten_prolif,0,0.05
133.01143889385799,31.080000000001093,IL2,il2_menten_prolif,0,0.05
132.69259425384053,31.090000000001094,IL2,il2_menten_prolif,0,0.05
132.37451391465277,31.100000000001096,IL2,il2_menten_prolif,0,0.05
132.05719604568796,31.110000000001097,IL2,il2_menten_prolif,0,0.05
131.7406388205407,31.1200000000011,IL2,il2_menten_prolif,0,0.05
131.42484041700703,31.1300000000011,IL2,il2_menten_prolif,0,0.05
131.1097990170843,31.140000000001102,IL2,il2_menten_prolif,0,0.05
130.7955128069712,31.150000000001103,IL2,il2_menten_prolif,0,0.05
130.48197997706785,31.160000000001105,IL2,il2_menten_prolif,0,0.05
130.16919872197576,31.170000000001107,IL2,il2_menten_prolif,0,0.05
129.85716724049772,31.180000000001108,IL2,il2_menten_prolif,0,0.05
129.54588373563803,31.19000000000111,IL2,il2_menten_prolif,0,0.05
129.2353464146022,31.20000000000111,IL2,il2_menten_prolif,0,0.05
128.92555348879722,31.210000000001113,IL2,il2_menten_prolif,0,0.05
128.6165031738315,31.220000000001114,IL2,il2_menten_prolif,0,0.05
128.3081936895146,31.230000000001116,IL2,il2_menten_prolif,0,0.05
128.00062325985772,31.240000000001118,IL2,il2_menten_prolif,0,0.05
127.69379011307322,31.25000000000112,IL2,il2_menten_prolif,0,0.05
127.38769248157499,31.26000000000112,IL2,il2_menten_prolif,0,0.05
127.08232860246218,31.270000000001122,IL2,il2_menten_prolif,0,0.05
126.77769671733272,31.280000000001124,IL2,il2_menten_prolif,0,0.05
126.47379507163112,31.290000000001125,IL2,il2_menten_prolif,0,0.05
126.17062191505055,31.300000000001127,IL2,il2_menten_prolif,0,0.05
125.86817550153293,31.31000000000113,IL2,il2_menten_prolif,0,0.05
125.56645408926912,31.32000000000113,IL2,il2_menten_prolif,0,0.05
125.2654559406988,31.33000000000113,IL2,il2_menten_prolif,0,0.05
124.96517932233333,31.340000000001133,IL2,il2_menten_prolif,0,0.05
124.6656225037261,31.350000000001135,IL2,il2_menten_prolif,0,0.05
124.36678375922334,31.360000000001136,IL2,il2_menten_prolif,0,0.05
124.06866136752627,31.370000000001138,IL2,il2_menten_prolif,0,0.05
123.7712536115077,31.38000000000114,IL2,il2_menten_prolif,0,0.05
123.4745587782118,31.39000000000114,IL2,il2_menten_prolif,0,0.05
123.17857515885414,31.400000000001143,IL2,il2_menten_prolif,0,0.05
122.8833010488218,31.410000000001144,IL2,il2_menten_prolif,0,0.05
122.58873474708786,31.420000000001146,IL2,il2_menten_prolif,0,0.05
122.29487455643695,31.430000000001147,IL2,il2_menten_prolif,0,0.05
122.00171878425448,31.44000000000115,IL2,il2_menten_prolif,0,0.05
121.70926574204009,31.45000000000115,IL2,il2_menten_prolif,0,0.05
121.41751374540739,31.460000000001152,IL2,il2_menten_prolif,0,0.05
121.12646111408404,31.470000000001153,IL2,il2_menten_prolif,0,0.05
120.83610617191167,31.480000000001155,IL2,il2_menten_prolif,0,0.05
120.5464472466774,31.490000000001157,IL2,il2_menten_prolif,0,0.05
120.2574826691351,31.500000000001158,IL2,il2_menten_prolif,0,0.05
119.96921077466973,31.51000000000116,IL2,il2_menten_prolif,0,0.05
119.68162990288123,31.52000000000116,IL2,il2_menten_prolif,0,0.05
119.39473839740997,31.530000000001163,IL2,il2_menten_prolif,0,0.05
119.10853460593673,31.540000000001164,IL2,il2_menten_prolif,0,0.05
118.8230168801827,31.550000000001166,IL2,il2_menten_prolif,0,0.05
118.53818357590943,31.560000000001168,IL2,il2_menten_prolif,0,0.05
118.25403305218424,31.57000000000117,IL2,il2_menten_prolif,0,0.05
117.97056367166343,31.58000000000117,IL2,il2_menten_prolif,0,0.05
117.68777380158232,31.590000000001172,IL2,il2_menten_prolif,0,0.05
117.40566181314486,31.600000000001174,IL2,il2_menten_prolif,0,0.05
117.12422608152335,31.610000000001175,IL2,il2_menten_prolif,0,0.05
116.84346498585832,31.620000000001177,IL2,il2_menten_prolif,0,0.05
116.56337690925874,31.63000000000118,IL2,il2_menten_prolif,0,0.05
116.2839602386398,31.64000000000118,IL2,il2_menten_prolif,0,0.05
116.00521336378156,31.65000000000118,IL2,il2_menten_prolif,0,0.05
115.72713467892981,31.660000000001183,IL2,il2_menten_prolif,0,0.05
115.44972258239576,31.670000000001185,IL2,il2_menten_prolif,0,0.05
115.17297547638816,31.680000000001186,IL2,il2_menten_prolif,0,0.05
114.89689176701334,31.690000000001188,IL2,il2_menten_prolif,0,0.05
114.62146986427517,31.70000000000119,IL2,il2_menten_prolif,0,0.05
114.34670818207493,31.71000000000119,IL2,il2_menten_prolif,0,0.05
114.07260513750296,31.720000000001193,IL2,il2_menten_prolif,0,0.05
113.79915915111144,31.730000000001194,IL2,il2_menten_prolif,0,0.05
113.52636864786984,31.740000000001196,IL2,il2_menten_prolif,0,0.05
113.25423205657579,31.750000000001197,IL2,il2_menten_prolif,0,0.05
112.98274780985506,31.7600000000012,IL2,il2_menten_prolif,0,0.05
112.71191434416139,31.7700000000012,IL2,il2_menten_prolif,0,0.05
112.44173009977646,31.780000000001202,IL2,il2_menten_prolif,0,0.05
112.17219352065375,31.790000000001204,IL2,il2_menten_prolif,0,0.05
111.90330305351019,31.800000000001205,IL2,il2_menten_prolif,0,0.05
111.63505714937048,31.810000000001207,IL2,il2_menten_prolif,0,0.05
111.36745426318114,31.820000000001208,IL2,il2_menten_prolif,0,0.05
111.10049285364835,31.83000000000121,IL2,il2_menten_prolif,0,0.05
110.83417138323804,31.84000000000121,IL2,il2_menten_prolif,0,0.05
110.56848831817581,31.850000000001213,IL2,il2_menten_prolif,0,0.05
110.30344212844707,31.860000000001214,IL2,il2_menten_prolif,0,0.05
110.03903128711322,31.870000000001216,IL2,il2_menten_prolif,0,0.05
109.77525427057537,31.880000000001218,IL2,il2_menten_prolif,0,0.05
109.51210955949554,31.89000000000122,IL2,il2_menten_prolif,0,0.05
109.24959563822868,31.90000000000122,IL2,il2_menten_prolif,0,0.05
108.98771099482238,31.910000000001222,IL2,il2_menten_prolif,0,0.05
108.72645412101699,31.920000000001224,IL2,il2_menten_prolif,0,0.05
108.46582351224532,31.930000000001225,IL2,il2_menten_prolif,0,0.05
108.2058176674822,31.940000000001227,IL2,il2_menten_prolif,0,0.05
107.94643508836819,31.95000000000123,IL2,il2_menten_prolif,0,0.05
107.68767428069935,31.96000000000123,IL2,il2_menten_prolif,0,0.05
107.42953375405483,31.97000000000123,IL2,il2_menten_prolif,0,0.05
107.17201202164047,31.980000000001233,IL2,il2_menten_prolif,0,0.05
106.91510760028892,31.990000000001235,IL2,il2_menten_prolif,0,0.05
106.65881901045972,32.000000000001236,IL2,il2_menten_prolif,0,0.05
106.40314477623889,32.01000000000124,IL2,il2_menten_prolif,0,0.05
106.14808342468044,32.02000000000124,IL2,il2_menten_prolif,0,0.05
105.89363348605906,32.03000000000124,IL2,il2_menten_prolif,0,0.05
105.63979349476,32.04000000000124,IL2,il2_menten_prolif,0,0.05
105.38656198873122,32.05000000000125,IL2,il2_menten_prolif,0,0.05
105.13393750948268,32.060000000001246,IL2,il2_menten_prolif,0,0.05
104.88191860208607,32.070000000001244,IL2,il2_menten_prolif,0,0.05
104.63050381517516,32.08000000000125,IL2,il2_menten_prolif,0,0.05
104.37969170066106,32.090000000001254,IL2,il2_menten_prolif,0,0.05
104.12948081222856,32.10000000000125,IL2,il2_menten_prolif,0,0.05
103.8798697082917,32.11000000000125,IL2,il2_menten_prolif,0,0.05
103.6308569510972,32.120000000001255,IL2,il2_menten_prolif,0,0.05
103.3824411064119,32.13000000000126,IL2,il2_menten_prolif,0,0.05
103.13462074352245,32.14000000000126,IL2,il2_menten_prolif,0,0.05
102.88739443523491,32.150000000001256,IL2,il2_menten_prolif,0,0.05
102.64076075787519,32.16000000000126,IL2,il2_menten_prolif,0,0.05
102.39471829128927,32.17000000000127,IL2,il2_menten_prolif,0,0.05
102.14926561884296,32.180000000001264,IL2,il2_menten_prolif,0,0.05
101.90440132742145,32.19000000000126,IL2,il2_menten_prolif,0,0.05
101.66012400742979,32.20000000000127,IL2,il2_menten_prolif,0,0.05
101.41643225279313,32.21000000000127,IL2,il2_menten_prolif,0,0.05
101.17332466036936,32.22000000000127,IL2,il2_menten_prolif,0,0.05
100.93079982597607,32.23000000000127,IL2,il2_menten_prolif,0,0.05
100.68885635168235,32.240000000001274,IL2,il2_menten_prolif,0,0.05
100.44749284389778,32.25000000000128,IL2,il2_menten_prolif,0,0.05
100.20670791244521,32.26000000000128,IL2,il2_menten_prolif,0,0.05
99.96650017056048,32.270000000001275,IL2,il2_menten_prolif,0,0.05
99.72686823489273,32.28000000000128,IL2,il2_menten_prolif,0,0.05
99.4878107255048,32.290000000001285,IL2,il2_menten_prolif,0,0.05
99.24932626587287,32.30000000000128,IL2,il2_menten_prolif,0,0.05
99.01141348288601,32.31000000000128,IL2,il2_menten_prolif,0,0.05
98.77407100684674,32.320000000001286,IL2,il2_menten_prolif,0,0.05
98.5372974714711,32.33000000000129,IL2,il2_menten_prolif,0,0.05
98.30109151388854,32.34000000000129,IL2,il2_menten_prolif,0,0.05
98.06545177417853,32.35000000000129,IL2,il2_menten_prolif,0,0.05
97.83037689131964,32.36000000000129,IL2,il2_menten_prolif,0,0.05
97.59586551015803,32.3700000000013,IL2,il2_menten_prolif,0,0.05
97.3619162799094,32.380000000001296,IL2,il2_menten_prolif,0,0.05
97.12852785309732,32.390000000001294,IL2,il2_menten_prolif,0,0.05
96.89569888555391,32.4000000000013,IL2,il2_menten_prolif,0,0.05
96.66342803641993,32.410000000001304,IL2,il2_menten_prolif,0,0.05
96.43171396814449,32.4200000000013,IL2,il2_menten_prolif,0,0.05
96.20055534648486,32.4300000000013,IL2,il2_menten_prolif,0,0.05
95.96995084050656,32.440000000001305,IL2,il2_menten_prolif,0,0.05
95.73989912258394,32.45000000000131,IL2,il2_menten_prolif,0,0.05
95.51039886839963,32.46000000000131,IL2,il2_menten_prolif,0,0.05
95.28144875694443,32.470000000001306,IL2,il2_menten_prolif,0,0.05
95.05304747016726,32.48000000000131,IL2,il2_menten_prolif,0,0.05
94.82519368895592,32.49000000000132,IL2,il2_menten_prolif,0,0.05
94.59788609962628,32.500000000001315,IL2,il2_menten_prolif,0,0.05
94.3711233928847,32.51000000000131,IL2,il2_menten_prolif,0,0.05
94.14490426264393,32.52000000000132,IL2,il2_menten_prolif,0,0.05
93.91922740602357,32.53000000000132,IL2,il2_menten_prolif,0,0.05
93.69409152334953,32.54000000000132,IL2,il2_menten_prolif,0,0.05
93.46949531815392,32.55000000000132,IL2,il2_menten_prolif,0,0.05
93.24543749717525,32.560000000001324,IL2,il2_menten_prolif,0,0.05
93.02191677035873,32.57000000000133,IL2,il2_menten_prolif,0,0.05
92.79893185085615,32.58000000000133,IL2,il2_menten_prolif,0,0.05
92.5764814550252,32.590000000001325,IL2,il2_menten_prolif,0,0.05
92.35456430243025,32.60000000000133,IL2,il2_menten_prolif,0,0.05
92.13317913683417,32.610000000001335,IL2,il2_menten_prolif,0,0.05
91.91232463015248,32.62000000000133,IL2,il2_menten_prolif,0,0.05
91.69199953932052,32.63000000000133,IL2,il2_menten_prolif,0,0.05
91.47220259478098,32.640000000001336,IL2,il2_menten_prolif,0,0.05
91.25293253016584,32.65000000000134,IL2,il2_menten_prolif,0,0.05
91.03418808228861,32.66000000000134,IL2,il2_menten_prolif,0,0.05
90.81596799113623,32.67000000000134,IL2,il2_menten_prolif,0,0.05
90.598270999862,32.68000000000134,IL2,il2_menten_prolif,0,0.05
90.38109585477821,32.69000000000135,IL2,il2_menten_prolif,0,0.05
90.16444130534836,32.700000000001346,IL2,il2_menten_prolif,0,0.05
89.9483061041791,32.710000000001344,IL2,il2_menten_prolif,0,0.05
89.73268900701308,32.72000000000135,IL2,il2_menten_prolif,0,0.05
89.51758877272164,32.730000000001354,IL2,il2_menten_prolif,0,0.05
89.30300416298476,32.74000000000135,IL2,il2_menten_prolif,0,0.05
89.08893393586143,32.75000000000135,IL2,il2_menten_prolif,0,0.05
88.87537685565302,32.760000000001355,IL2,il2_menten_prolif,0,0.05
88.66233169228343,32.77000000000136,IL2,il2_menten_prolif,0,0.05
88.44979721869035,32.78000000000136,IL2,il2_menten_prolif,0,0.05
88.23777221081545,32.790000000001356,IL2,il2_menten_prolif,0,0.05
88.02625544759557,32.80000000000136,IL2,il2_menten_prolif,0,0.05
87.8152457109536,32.81000000000137,IL2,il2_menten_prolif,0,0.05
87.60474178578895,32.820000000001365,IL2,il2_menten_prolif,0,0.05
87.39474245996783,32.83000000000136,IL2,il2_menten_prolif,0,0.05
87.18524652431445,32.84000000000137,IL2,il2_menten_prolif,0,0.05
86.97625277260178,32.85000000000137,IL2,il2_menten_prolif,0,0.05
86.76776000154207,32.86000000000137,IL2,il2_menten_prolif,0,0.05
86.55976701077732,32.87000000000137,IL2,il2_menten_prolif,0,0.05
86.3522726028701,32.880000000001374,IL2,il2_menten_prolif,0,0.05
86.14527558329465,32.89000000000138,IL2,il2_menten_prolif,0,0.05
85.93877476042724,32.90000000000138,IL2,il2_menten_prolif,0,0.05
85.73276894553672,32.910000000001375,IL2,il2_menten_prolif,0,0.05
85.52725695277522,32.92000000000138,IL2,il2_menten_prolif,0,0.05
85.32223759916938,32.930000000001385,IL2,il2_menten_prolif,0,0.05
85.11770970461066,32.94000000000138,IL2,il2_menten_prolif,0,0.05
84.91367209184577,32.95000000000138,IL2,il2_menten_prolif,0,0.05
84.71012358646765,32.960000000001386,IL2,il2_menten_prolif,0,0.05
84.50706301690644,32.97000000000139,IL2,il2_menten_prolif,0,0.05
84.3044892144199,32.98000000000139,IL2,il2_menten_prolif,0,0.05
84.10240101308382,32.99000000000139,IL2,il2_menten_prolif,0,0.05
83.90079724978301,33.00000000000139,IL2,il2_menten_prolif,0,0.05
83.69967676420225,33.0100000000014,IL2,il2_menten_prolif,0,0.05
83.4990383987877,33.020000000001396,IL2,il2_menten_prolif,0,0.05
83.29888099543012,33.030000000001394,IL2,il2_menten_prolif,0,0.05
83.09920339933714,33.0400000000014,IL2,il2_menten_prolif,0,0.05
82.90000446052784,33.050000000001404,IL2,il2_menten_prolif,0,0.05
82.7012830317314,33.0600000000014,IL2,il2_menten_prolif,0,0.05
82.5030379683768,33.0700000000014,IL2,il2_menten_prolif,0,0.05
82.30526812858253,33.080000000001405,IL2,il2_menten_prolif,0,0.05
82.10797237314685,33.09000000000141,IL2,il2_menten_prolif,0,0.05
81.911149565537,33.10000000000141,IL2,il2_menten_prolif,0,0.05
81.71479857187886,33.110000000001406,IL2,il2_menten_prolif,0,0.05
81.5189182609468,33.12000000000141,IL2,il2_menten_prolif,0,0.05
81.32350750415381,33.13000000000142,IL2,il2_menten_prolif,0,0.05
81.12856517554084,33.140000000001415,IL2,il2_menten_prolif,0,0.05
80.93409015176626,33.15000000000141,IL2,il2_menten_prolif,0,0.05
80.74008131209601,33.16000000000142,IL2,il2_menten_prolif,0,0.05
80.54653753839332,33.17000000000142,IL2,il2_menten_prolif,0,0.05
80.35345771510855,33.18000000000142,IL2,il2_menten_prolif,0,0.05
80.16084072926819,33.19000000000142,IL2,il2_menten_prolif,0,0.05
79.96868547046526,33.200000000001424,IL2,il2_menten_prolif,0,0.05
79.77699083084903,33.21000000000143,IL2,il2_menten_prolif,0,0.05
79.5857557051147,33.22000000000143,IL2,il2_menten_prolif,0,0.05
79.39497899049262,33.230000000001425,IL2,il2_menten_prolif,0,0.05
79.20465958673844,33.24000000000143,IL2,il2_menten_prolif,0,0.05
79.01479639612313,33.250000000001435,IL2,il2_menten_prolif,0,0.05
78.82538832342232,33.26000000000143,IL2,il2_menten_prolif,0,0.05
78.63643427590586,33.27000000000143,IL2,il2_menten_prolif,0,0.05
78.44793316332766,33.280000000001436,IL2,il2_menten_prolif,0,0.05
78.25988389791598,33.29000000000144,IL2,il2_menten_prolif,0,0.05
78.07228539436252,33.30000000000144,IL2,il2_menten_prolif,0,0.05
77.8851365785994,33.31000000000144,IL2,il2_menten_prolif,0,0.05
77.69843638234241,33.32000000000144,IL2,il2_menten_prolif,0,0.05
77.51218373025753,33.33000000000145,IL2,il2_menten_prolif,0,0.05
77.32637754956025,33.340000000001446,IL2,il2_menten_prolif,0,0.05
77.14101677002833,33.350000000001444,IL2,il2_menten_prolif,0,0.05
76.95610032399517,33.36000000000145,IL2,il2_menten_prolif,0,0.05
76.77162714634312,33.370000000001454,IL2,il2_menten_prolif,0,0.05
76.58759617449623,33.38000000000145,IL2,il2_menten_prolif,0,0.05
76.40400634841309,33.39000000000145,IL2,il2_menten_prolif,0,0.05
76.22085661058017,33.400000000001455,IL2,il2_menten_prolif,0,0.05
76.03814590600501,33.41000000000146,IL2,il2_menten_prolif,0,0.05
75.85587318220918,33.42000000000146,IL2,il2_menten_prolif,0,0.05
75.67403738922086,33.430000000001456,IL2,il2_menten_prolif,0,0.05
75.49263747956846,33.44000000000146,IL2,il2_menten_prolif,0,0.05
75.31167240827361,33.45000000000147,IL2,il2_menten_prolif,0,0.05
75.13114113284412,33.460000000001465,IL2,il2_menten_prolif,0,0.05
74.95104261326685,33.47000000000146,IL2,il2_menten_prolif,0,0.05
74.7713758120008,33.48000000000147,IL2,il2_menten_prolif,0,0.05
74.59213969397061,33.49000000000147,IL2,il2_menten_prolif,0,0.05
74.41333322655932,33.50000000000147,IL2,il2_menten_prolif,0,0.05
74.23495537960103,33.51000000000147,IL2,il2_menten_prolif,0,0.05
74.05700512537442,33.520000000001474,IL2,il2_menten_prolif,0,0.05
73.87948143859595,33.53000000000148,IL2,il2_menten_prolif,0,0.05
73.70238329641256,33.54000000000148,IL2,il2_menten_prolif,0,0.05
73.52570967839478,33.550000000001475,IL2,il2_menten_prolif,0,0.05
73.34945956652956,33.56000000000148,IL2,il2_menten_prolif,0,0.05
73.17363194521405,33.570000000001485,IL2,il2_menten_prolif,0,0.05
72.9982258012482,33.58000000000148,IL2,il2_menten_prolif,0,0.05
72.82324012515818,33.59000000000148,IL2,il2_menten_prolif,0,0.05
72.64867391153254,33.60000000000149,IL2,il2_menten_prolif,0,0.05
72.4745261549727,33.61000000000149,IL2,il2_menten_prolif,0,0.05
72.3007958524104,33.62000000000149,IL2,il2_menten_prolif,0,0.05
72.1274820031773,33.63000000000149,IL2,il2_menten_prolif,0,0.05
71.95458360899907,33.64000000000149,IL2,il2_menten_prolif,0,0.05
71.78209967398942,33.6500000000015,IL2,il2_menten_prolif,0,0.05
71.6100292046435,33.660000000001496,IL2,il2_menten_prolif,0,0.05
71.43837120983154,33.670000000001494,IL2,il2_menten_prolif,0,0.05
71.26712470079282,33.6800000000015,IL2,il2_menten_prolif,0,0.05
71.09628869112973,33.690000000001504,IL2,il2_menten_prolif,0,0.05
70.92586219680115,33.7000000000015,IL2,il2_menten_prolif,0,0.05
70.75584423611616,33.7100000000015,IL2,il2_menten_prolif,0,0.05
70.58623382972795,33.720000000001505,IL2,il2_menten_prolif,0,0.05
70.41703000062776,33.73000000000151,IL2,il2_menten_prolif,0,0.05
70.24823177413867,33.74000000000151,IL2,il2_menten_prolif,0,0.05
70.07983817790874,33.750000000001506,IL2,il2_menten_prolif,0,0.05
69.91184824190535,33.76000000000151,IL2,il2_menten_prolif,0,0.05
69.744260998409,33.77000000000152,IL2,il2_menten_prolif,0,0.05
69.57707548200702,33.780000000001515,IL2,il2_menten_prolif,0,0.05
69.41029072958692,33.79000000000151,IL2,il2_menten_prolif,0,0.05
69.24390578033048,33.80000000000152,IL2,il2_menten_prolif,0,0.05
69.07791967570778,33.81000000000152,IL2,il2_menten_prolif,0,0.05
68.91233145947066,33.82000000000152,IL2,il2_menten_prolif,0,0.05
68.74714017764632,33.83000000000152,IL2,il2_menten_prolif,0,0.05
68.58234487853125,33.840000000001524,IL2,il2_menten_prolif,0,0.05
68.41794461268535,33.85000000000153,IL2,il2_menten_prolif,0,0.05
68.25393843292531,33.86000000000153,IL2,il2_menten_prolif,0,0.05
68.0903253948217,33.870000000001525,IL2,il2_menten_prolif,0,0.05
67.92710455753894,33.88000000000153,IL2,il2_menten_prolif,0,0.05
67.76427498108121,33.890000000001535,IL2,il2_menten_prolif,0,0.05
67.60183572756716,33.90000000000153,IL2,il2_menten_prolif,0,0.05
67.43978586135947,33.91000000000153,IL2,il2_menten_prolif,0,0.05
67.27812444905905,33.92000000000154,IL2,il2_menten_prolif,0,0.05
67.11685055949957,33.93000000000154,IL2,il2_menten_prolif,0,0.05
66.95596326374142,33.94000000000154,IL2,il2_menten_prolif,0,0.05
66.79546163506558,33.95000000000154,IL2,il2_menten_prolif,0,0.05
66.63534474896805,33.96000000000154,IL2,il2_menten_prolif,0,0.05
66.47561168315434,33.97000000000155,IL2,il2_menten_prolif,0,0.05
66.31626151753326,33.980000000001546,IL2,il2_menten_prolif,0,0.05
66.15729333421103,33.990000000001544,IL2,il2_menten_prolif,0,0.05
65.99870621748562,34.00000000000155,IL2,il2_menten_prolif,0,0.05
65.84049925384113,34.010000000001554,IL2,il2_menten_prolif,0,0.05
65.68267153194178,34.02000000000155,IL2,il2_menten_prolif,0,0.05
65.52522214262584,34.03000000000155,IL2,il2_menten_prolif,0,0.05
65.36815017890004,34.040000000001555,IL2,il2_menten_prolif,0,0.05
65.211454735934,34.05000000000156,IL2,il2_menten_prolif,0,0.05
65.05513491105413,34.06000000000156,IL2,il2_menten_prolif,0,0.05
64.89918980373761,34.070000000001556,IL2,il2_menten_prolif,0,0.05
64.74361851560685,34.08000000000156,IL2,il2_menten_prolif,0,0.05
64.58842015042381,34.09000000000157,IL2,il2_menten_prolif,0,0.05
64.43359381408393,34.100000000001565,IL2,il2_menten_prolif,0,0.05
64.27913861461019,34.11000000000156,IL2,il2_menten_prolif,0,0.05
64.1250536621475,34.12000000000157,IL2,il2_menten_prolif,0,0.05
63.97133806895695,34.13000000000157,IL2,il2_menten_prolif,0,0.05
63.81799094940999,34.14000000000157,IL2,il2_menten_prolif,0,0.05
63.66501142007701,34.15000000000157,IL2,il2_menten_prolif,0,0.05
63.512398600276065,34.160000000001574,IL2,il2_menten_prolif,0,0.05
63.36015161130059,34.17000000000158,IL2,il2_menten_prolif,0,0.05
63.20826957659554,34.18000000000158,IL2,il2_menten_prolif,0,0.05
63.05675162183971,34.190000000001575,IL2,il2_menten_prolif,0,0.05
62.90559687495362,34.20000000000158,IL2,il2_menten_prolif,0,0.05
62.75480446573253,34.210000000001585,IL2,il2_menten_prolif,0,0.05
62.604373524902755,34.22000000000158,IL2,il2_menten_prolif,0,0.05
62.454303185844424,34.23000000000158,IL2,il2_menten_prolif,0,0.05
62.30459258397877,34.24000000000159,IL2,il2_menten_prolif,0,0.05
62.15524085667299,34.25000000000159,IL2,il2_menten_prolif,0,0.05
62.006247143218424,34.26000000000159,IL2,il2_menten_prolif,0,0.05
61.857610585270564,34.27000000000159,IL2,il2_menten_prolif,0,0.05
61.7093303272135,34.28000000000159,IL2,il2_menten_prolif,0,0.05
61.56140551497954,34.2900000000016,IL2,il2_menten_prolif,0,0.05
61.41383529656197,34.300000000001596,IL2,il2_menten_prolif,0,0.05
61.26661882202978,34.310000000001594,IL2,il2_menten_prolif,0,0.05
61.11975524352869,34.3200000000016,IL2,il2_menten_prolif,0,0.05
60.97324371510414,34.330000000001604,IL2,il2_menten_prolif,0,0.05
60.82708339273404,34.3400000000016,IL2,il2_menten_prolif,0,0.05
60.68127343453417,34.3500000000016,IL2,il2_menten_prolif,0,0.05
60.535813000637866,34.360000000001605,IL2,il2_menten_prolif,0,0.05
60.39070125319127,34.37000000000161,IL2,il2_menten_prolif,0,0.05
60.245937356348165,34.38000000000161,IL2,il2_menten_prolif,0,0.05
60.101520476269734,34.390000000001606,IL2,il2_menten_prolif,0,0.05
59.95744978111598,34.40000000000161,IL2,il2_menten_prolif,0,0.05
59.813724441039305,34.41000000000162,IL2,il2_menten_prolif,0,0.05
59.67034362818116,34.420000000001615,IL2,il2_menten_prolif,0,0.05
59.5273065166669,34.43000000000161,IL2,il2_menten_prolif,0,0.05
59.3846122824008,34.44000000000162,IL2,il2_menten_prolif,0,0.05
59.242260103993395,34.45000000000162,IL2,il2_menten_prolif,0,0.05
59.10024916109432,34.46000000000162,IL2,il2_menten_prolif,0,0.05
58.95857863575886,34.47000000000162,IL2,il2_menten_prolif,0,0.05
58.817247711986056,34.480000000001624,IL2,il2_menten_prolif,0,0.05
58.67625557571891,34.49000000000163,IL2,il2_menten_prolif,0,0.05
58.535601414841224,34.50000000000163,IL2,il2_menten_prolif,0,0.05
58.39528441916208,34.510000000001625,IL2,il2_menten_prolif,0,0.05
58.2553037804431,34.52000000000163,IL2,il2_menten_prolif,0,0.05
58.11565869239115,34.530000000001635,IL2,il2_menten_prolif,0,0.05
57.9763483506557,34.54000000000163,IL2,il2_menten_prolif,0,0.05
57.83737195282859,34.55000000000163,IL2,il2_menten_prolif,0,0.05
57.698728698444256,34.56000000000164,IL2,il2_menten_prolif,0,0.05
57.560417788979976,34.57000000000164,IL2,il2_menten_prolif,0,0.05
57.42243842767272,34.58000000000164,IL2,il2_menten_prolif,0,0.05
57.284789819610786,34.59000000000164,IL2,il2_menten_prolif,0,0.05
57.147471171945924,34.60000000000164,IL2,il2_menten_prolif,0,0.05
57.010481693755615,34.61000000000165,IL2,il2_menten_prolif,0,0.05
56.873820596042975,34.620000000001646,IL2,il2_menten_prolif,0,0.05
56.73748709173647,34.630000000001644,IL2,il2_menten_prolif,0,0.05
56.601480395690174,34.64000000000165,IL2,il2_menten_prolif,0,0.05
56.465799724600394,34.650000000001654,IL2,il2_menten_prolif,0,0.05
56.33044429657908,34.66000000000165,IL2,il2_menten_prolif,0,0.05
56.19541333190634,34.67000000000165,IL2,il2_menten_prolif,0,0.05
56.06070605282592,34.680000000001655,IL2,il2_menten_prolif,0,0.05
55.926321683474484,34.69000000000166,IL2,il2_menten_prolif,0,0.05
55.792259449881364,34.70000000000166,IL2,il2_menten_prolif,0,0.05
55.65851857996838,34.710000000001656,IL2,il2_menten_prolif,0,0.05
55.52509830355014,34.72000000000166,IL2,il2_menten_prolif,0,0.05
55.39199785197105,34.73000000000167,IL2,il2_menten_prolif,0,0.05
55.25921645828735,34.740000000001665,IL2,il2_menten_prolif,0,0.05
55.12675335768767,34.75000000000166,IL2,il2_menten_prolif,0,0.05
54.99460778721965,34.76000000000167,IL2,il2_menten_prolif,0,0.05
54.86277898579,34.77000000000167,IL2,il2_menten_prolif,0,0.05
54.73126619416439,34.78000000000167,IL2,il2_menten_prolif,0,0.05
54.600068654967245,34.79000000000167,IL2,il2_menten_prolif,0,0.05
54.46918543032805,34.800000000001674,IL2,il2_menten_prolif,0,0.05
54.33861621444987,34.81000000000168,IL2,il2_menten_prolif,0,0.05
54.20835995601567,34.82000000000168,IL2,il2_menten_prolif,0,0.05
54.07841591480545,34.830000000001675,IL2,il2_menten_prolif,0,0.05
53.948783350599285,34.84000000000168,IL2,il2_menten_prolif,0,0.05
53.81946152317744,34.850000000001685,IL2,il2_menten_prolif,0,0.05
53.690449692320115,34.86000000000168,IL2,il2_menten_prolif,0,0.05
53.561747117807485,34.87000000000168,IL2,il2_menten_prolif,0,0.05
53.433353064573666,34.88000000000169,IL2,il2_menten_prolif,0,0.05
53.30526679900124,34.89000000000169,IL2,il2_menten_prolif,0,0.05
53.177487583146984,34.90000000000169,IL2,il2_menten_prolif,0,0.05
53.050014679067516,34.91000000000169,IL2,il2_menten_prolif,0,0.05
52.92284734881949,34.92000000000169,IL2,il2_menten_prolif,0,0.05
52.795984854459675,34.9300000000017,IL2,il2_menten_prolif,0,0.05
52.66942645804488,34.940000000001696,IL2,il2_menten_prolif,0,0.05
52.54317142163175,34.950000000001694,IL2,il2_menten_prolif,0,0.05
52.417219019664415,34.9600000000017,IL2,il2_menten_prolif,0,0.05
52.29156855799722,34.970000000001704,IL2,il2_menten_prolif,0,0.05
52.16621931326851,34.9800000000017,IL2,il2_menten_prolif,0,0.05
52.04117055964577,34.9900000000017,IL2,il2_menten_prolif,0,0.05
51.91642157129647,35.000000000001705,IL2,il2_menten_prolif,0,0.05
51.791971622388274,35.01000000000171,IL2,il2_menten_prolif,0,0.05
51.66781998708887,35.02000000000171,IL2,il2_menten_prolif,0,0.05
51.54396593956572,35.030000000001706,IL2,il2_menten_prolif,0,0.05
51.42040875801092,35.04000000000171,IL2,il2_menten_prolif,0,0.05
51.29714776595338,35.05000000000172,IL2,il2_menten_prolif,0,0.05
51.1741822634559,35.060000000001715,IL2,il2_menten_prolif,0,0.05
51.05151153904238,35.07000000000171,IL2,il2_menten_prolif,0,0.05
50.92913488123674,35.08000000000172,IL2,il2_menten_prolif,0,0.05
50.80705157856307,35.09000000000172,IL2,il2_menten_prolif,0,0.05
50.68526091954542,35.10000000000172,IL2,il2_menten_prolif,0,0.05
50.56376219270774,35.11000000000172,IL2,il2_menten_prolif,0,0.05
50.44255501769393,35.120000000001724,IL2,il2_menten_prolif,0,0.05
50.32163792186721,35.13000000000173,IL2,il2_menten_prolif,0,0.05
50.20101074189934,35.14000000000173,IL2,il2_menten_prolif,0,0.05
50.080672768919385,35.150000000001725,IL2,il2_menten_prolif,0,0.05
49.960623295746906,35.16000000000173,IL2,il2_menten_prolif,0,0.05
49.84086161689231,35.170000000001735,IL2,il2_menten_prolif,0,0.05
49.721387028556464,35.18000000000173,IL2,il2_menten_prolif,0,0.05
49.60219882863069,35.19000000000173,IL2,il2_menten_prolif,0,0.05
49.48329631669686,35.20000000000174,IL2,il2_menten_prolif,0,0.05
49.36467880604383,35.21000000000174,IL2,il2_menten_prolif,0,0.05
49.24634563706425,35.22000000000174,IL2,il2_menten_prolif,0,0.05
49.12829612648889,35.23000000000174,IL2,il2_menten_prolif,0,0.05
49.010529591739015,35.24000000000174,IL2,il2_menten_prolif,0,0.05
48.89304535261652,35.25000000000175,IL2,il2_menten_prolif,0,0.05
48.77584273130376,35.260000000001746,IL2,il2_menten_prolif,0,0.05
48.65892105236336,35.270000000001744,IL2,il2_menten_prolif,0,0.05
48.54227964273838,35.28000000000175,IL2,il2_menten_prolif,0,0.05
48.42591783175252,35.290000000001754,IL2,il2_menten_prolif,0,0.05
48.30983495110992,35.30000000000175,IL2,il2_menten_prolif,0,0.05
48.194030334894975,35.31000000000175,IL2,il2_menten_prolif,0,0.05
48.07850331957254,35.320000000001755,IL2,il2_menten_prolif,0,0.05
47.96325324398811,35.33000000000176,IL2,il2_menten_prolif,0,0.05
47.84827944936759,35.34000000000176,IL2,il2_menten_prolif,0,0.05
47.73358126705142,35.35000000000176,IL2,il2_menten_prolif,0,0.05
47.61915802011505,35.36000000000176,IL2,il2_menten_prolif,0,0.05
47.50500904969114,35.37000000000177,IL2,il2_menten_prolif,0,0.05
47.391133699028444,35.380000000001765,IL2,il2_menten_prolif,0,0.05
47.27753131329378,35.39000000000176,IL2,il2_menten_prolif,0,0.05
47.164201239572,35.40000000000177,IL2,il2_menten_prolif,0,0.05
47.051142826866325,35.41000000000177,IL2,il2_menten_prolif,0,0.05
46.93835542609802,35.42000000000177,IL2,il2_menten_prolif,0,0.05
46.82583839010638,35.43000000000177,IL2,il2_menten_prolif,0,0.05
46.7135910736488,35.440000000001774,IL2,il2_menten_prolif,0,0.05
46.60161283340095,35.45000000000178,IL2,il2_menten_prolif,0,0.05
46.48990302795664,35.46000000000178,IL2,il2_menten_prolif,0,0.05
46.37846101782765,35.470000000001775,IL2,il2_menten_prolif,0,0.05
46.26728616541835,35.48000000000178,IL2,il2_menten_prolif,0,0.05
46.15637782165514,35.490000000001785,IL2,il2_menten_prolif,0,0.05
46.04573533797979,35.50000000000178,IL2,il2_menten_prolif,0,0.05
45.935358077066766,35.51000000000178,IL2,il2_menten_prolif,0,0.05
45.82524540315056,35.52000000000179,IL2,il2_menten_prolif,0,0.05
45.71539668202572,35.53000000000179,IL2,il2_menten_prolif,0,0.05
45.605811281046826,35.54000000000179,IL2,il2_menten_prolif,0,0.05
45.49648856912822,35.55000000000179,IL2,il2_menten_prolif,0,0.05
45.38742791674426,35.56000000000179,IL2,il2_menten_prolif,0,0.05
45.278628695929385,35.5700000000018,IL2,il2_menten_prolif,0,0.05
45.17009028027803,35.580000000001796,IL2,il2_menten_prolif,0,0.05
45.0618120449444,35.590000000001794,IL2,il2_menten_prolif,0,0.05
44.95379336664273,35.6000000000018,IL2,il2_menten_prolif,0,0.05
44.84603362364731,35.610000000001804,IL2,il2_menten_prolif,0,0.05
44.73853219572164,35.6200000000018,IL2,il2_menten_prolif,0,0.05
44.63128846196419,35.6300000000018,IL2,il2_menten_prolif,0,0.05
44.52430180368964,35.640000000001805,IL2,il2_menten_prolif,0,0.05
44.41757160464693,35.65000000000181,IL2,il2_menten_prolif,0,0.05
44.31109725009574,35.66000000000181,IL2,il2_menten_prolif,0,0.05
44.20487812680635,35.67000000000181,IL2,il2_menten_prolif,0,0.05
44.0989136230598,35.68000000000181,IL2,il2_menten_prolif,0,0.05
43.99320312864799,35.69000000000182,IL2,il2_menten_prolif,0,0.05
43.8877460348736,35.700000000001815,IL2,il2_menten_prolif,0,0.05
43.782541734549895,35.71000000000181,IL2,il2_menten_prolif,0,0.05
43.677589622000866,35.72000000000182,IL2,il2_menten_prolif,0,0.05
43.572889093061434,35.73000000000182,IL2,il2_menten_prolif,0,0.05
43.468439545077246,35.74000000000182,IL2,il2_menten_prolif,0,0.05
43.364240376904554,35.75000000000182,IL2,il2_menten_prolif,0,0.05
43.260291001957825,35.760000000001824,IL2,il2_menten_prolif,0,0.05
43.15659078868789,35.77000000000183,IL2,il2_menten_prolif,0,0.05
43.053139157848264,35.78000000000183,IL2,il2_menten_prolif,0,0.05
42.949935513296666,35.790000000001825,IL2,il2_menten_prolif,0,0.05
42.846979260393006,35.80000000000183,IL2,il2_menten_prolif,0,0.05
42.74426980599594,35.810000000001835,IL2,il2_menten_prolif,0,0.05
42.64180655845912,35.82000000000183,IL2,il2_menten_prolif,0,0.05
42.53958892762745,35.83000000000183,IL2,il2_menten_prolif,0,0.05
42.43761632483354,35.84000000000184,IL2,il2_menten_prolif,0,0.05
42.335888162894406,35.85000000000184,IL2,il2_menten_prolif,0,0.05
42.234403856107576,35.86000000000184,IL2,il2_menten_prolif,0,0.05
42.133162820247406,35.87000000000184,IL2,il2_menten_prolif,0,0.05
42.03216447256169,35.88000000000184,IL2,il2_menten_prolif,0,0.05
41.931408231768046,35.89000000000185,IL2,il2_menten_prolif,0,0.05
41.83089351732815,35.900000000001846,IL2,il2_menten_prolif,0,0.05
41.73061974688799,35.910000000001844,IL2,il2_menten_prolif,0,0.05
41.63058634235604,35.92000000000185,IL2,il2_menten_prolif,0,0.05
41.530792727566975,35.930000000001854,IL2,il2_menten_prolif,0,0.05
41.43123832776665,35.94000000000185,IL2,il2_menten_prolif,0,0.05
41.33192256960747,35.95000000000185,IL2,il2_menten_prolif,0,0.05
41.23284488114396,35.960000000001855,IL2,il2_menten_prolif,0,0.05
41.134004691828494,35.97000000000186,IL2,il2_menten_prolif,0,0.05
41.03540143250651,35.98000000000186,IL2,il2_menten_prolif,0,0.05
40.93703453541187,35.99000000000186,IL2,il2_menten_prolif,0,0.05
40.838903434162546,36.00000000000186,IL2,il2_menten_prolif,0,0.05
40.741007563756156,36.01000000000187,IL2,il2_menten_prolif,0,0.05
40.64334636056535,36.020000000001865,IL2,il2_menten_prolif,0,0.05
40.54591926233314,36.03000000000186,IL2,il2_menten_prolif,0,0.05
40.44872570816848,36.04000000000187,IL2,il2_menten_prolif,0,0.05
40.35176513854193,36.05000000000187,IL2,il2_menten_prolif,0,0.05
40.25503699528094,36.06000000000187,IL2,il2_menten_prolif,0,0.05
40.15854072156526,36.07000000000187,IL2,il2_menten_prolif,0,0.05
40.06227576192249,36.080000000001874,IL2,il2_menten_prolif,0,0.05
39.966241562223736,36.09000000000188,IL2,il2_menten_prolif,0,0.05
39.87043756967891,36.10000000000188,IL2,il2_menten_prolif,0,0.05
39.774863232832104,36.110000000001875,IL2,il2_menten_prolif,0,0.05
39.67951800155717,36.12000000000188,IL2,il2_menten_prolif,0,0.05
39.584401327053385,36.130000000001885,IL2,il2_menten_prolif,0,0.05
39.48951266184072,36.14000000000188,IL2,il2_menten_prolif,0,0.05
39.39485145975526,36.15000000000188,IL2,il2_menten_prolif,0,0.05
39.30041717594476,36.16000000000189,IL2,il2_menten_prolif,0,0.05
39.206209266864256,36.17000000000189,IL2,il2_menten_prolif,0,0.05
39.112227189441626,36.18000000000189,IL2,il2_menten_prolif,0,0.05
39.018470401193206,36.19000000000189,IL2,il2_menten_prolif,0,0.05
38.9249383621426,36.20000000000189,IL2,il2_menten_prolif,0,0.05
38.83163053360448,36.2100000000019,IL2,il2_menten_prolif,0,0.05
38.73854637816018,36.220000000001896,IL2,il2_menten_prolif,0,0.05
38.645685359652646,36.230000000001894,IL2,il2_menten_prolif,0,0.05
38.5530469431816,36.2400000000019,IL2,il2_menten_prolif,0,0.05
38.46063059509877,36.250000000001904,IL2,il2_menten_prolif,0,0.05
38.36843578300282,36.2600000000019,IL2,il2_menten_prolif,0,0.05
38.276461975734364,36.2700000000019,IL2,il2_menten_prolif,0,0.05
38.184708643371025,36.280000000001905,IL2,il2_menten_prolif,0,0.05
38.093175257222775,36.29000000000191,IL2,il2_menten_prolif,0,0.05
38.0018612898268,36.30000000000191,IL2,il2_menten_prolif,0,0.05
37.91076621494249,36.31000000000191,IL2,il2_menten_prolif,0,0.05
37.81988950754662,36.32000000000191,IL2,il2_menten_prolif,0,0.05
37.72923064382851,36.33000000000192,IL2,il2_menten_prolif,0,0.05
37.638789101185075,36.340000000001915,IL2,il2_menten_prolif,0,0.05
37.54856435821566,36.35000000000191,IL2,il2_menten_prolif,0,0.05
37.4585558947173,36.36000000000192,IL2,il2_menten_prolif,0,0.05
37.368763191679946,36.37000000000192,IL2,il2_menten_prolif,0,0.05
37.27918573128131,36.38000000000192,IL2,il2_menten_prolif,0,0.05
37.18982299688192,36.39000000000192,IL2,il2_menten_prolif,0,0.05
37.10067447302027,36.400000000001924,IL2,il2_menten_prolif,0,0.05
37.011739645408014,36.41000000000193,IL2,il2_menten_prolif,0,0.05
36.92301800092493,36.42000000000193,IL2,il2_menten_prolif,0,0.05
36.83450902761385,36.430000000001925,IL2,il2_menten_prolif,0,0.05
36.74621221467588,36.44000000000193,IL2,il2_menten_prolif,0,0.05
36.65812705262985,36.450000000001936,IL2,il2_menten_prolif,0,0.05
36.570253039100606,36.46000000000193,IL2,il2_menten_prolif,0,0.05
36.48258967073722,36.47000000000193,IL2,il2_menten_prolif,0,0.05
36.395136442615296,36.48000000000194,IL2,il2_menten_prolif,0,0.05
36.307892851017144,36.49000000000194,IL2,il2_menten_prolif,0,0.05
36.22085839342829,36.50000000000194,IL2,il2_menten_prolif,0,0.05
36.13403256853415,36.51000000000194,IL2,il2_menten_prolif,0,0.05
36.04741487621692,36.52000000000194,IL2,il2_menten_prolif,0,0.05
35.9610048175524,36.53000000000195,IL2,il2_menten_prolif,0,0.05
35.87480189480664,36.540000000001946,IL2,il2_menten_prolif,0,0.05
35.788805611432515,36.550000000001944,IL2,il2_menten_prolif,0,0.05
35.70301547206664,36.56000000000195,IL2,il2_menten_prolif,0,0.05
35.617430982526216,36.570000000001954,IL2,il2_menten_prolif,0,0.05
35.53205164980562,36.58000000000195,IL2,il2_menten_prolif,0,0.05
35.44687698207308,36.59000000000195,IL2,il2_menten_prolif,0,0.05
35.3619064886675,36.600000000001955,IL2,il2_menten_prolif,0,0.05
35.27713968009533,36.61000000000196,IL2,il2_menten_prolif,0,0.05
35.19257606802716,36.62000000000196,IL2,il2_menten_prolif,0,0.05
35.108215165294396,36.63000000000196,IL2,il2_menten_prolif,0,0.05
35.02405648588611,36.64000000000196,IL2,il2_menten_prolif,0,0.05
34.94009954494585,36.65000000000197,IL2,il2_menten_prolif,0,0.05
34.856343858768284,36.660000000001965,IL2,il2_menten_prolif,0,0.05
34.77278894479589,36.67000000000196,IL2,il2_menten_prolif,0,0.05
34.68943432161573,36.68000000000197,IL2,il2_menten_prolif,0,0.05
34.60627950895632,36.69000000000197,IL2,il2_menten_prolif,0,0.05
34.523324027684296,36.70000000000197,IL2,il2_menten_prolif,0,0.05
34.44056739980101,36.71000000000197,IL2,il2_menten_prolif,0,0.05
34.35800914843942,36.720000000001974,IL2,il2_menten_prolif,0,0.05
34.275648798101734,36.73000000000198,IL2,il2_menten_prolif,0,0.05
34.193485875606456,36.74000000000198,IL2,il2_menten_prolif,0,0.05
34.11151990790526,36.750000000001975,IL2,il2_menten_prolif,0,0.05
34.02975042288472,36.76000000000198,IL2,il2_menten_prolif,0,0.05
33.94817694956135,36.770000000001986,IL2,il2_menten_prolif,0,0.05
33.866799018078545,36.78000000000198,IL2,il2_menten_prolif,0,0.05
33.7856161597035,36.79000000000198,IL2,il2_menten_prolif,0,0.05
33.7046279068245,36.80000000000199,IL2,il2_menten_prolif,0,0.05
33.62383379294798,36.81000000000199,IL2,il2_menten_prolif,0,0.05
33.54323335269556,36.82000000000199,IL2,il2_menten_prolif,0,0.05
33.46282612180099,36.83000000000199,IL2,il2_menten_prolif,0,0.05
33.38261163710733,36.84000000000199,IL2,il2_menten_prolif,0,0.05
33.302589436564126,36.850000000002,IL2,il2_menten_prolif,0,0.05
33.22275905922437,36.860000000001996,IL2,il2_menten_prolif,0,0.05
33.143120045241474,36.870000000001994,IL2,il2_menten_prolif,0,0.05
33.063671935866445,36.880000000002,IL2,il2_menten_prolif,0,0.05
32.984414273445054,36.890000000002004,IL2,il2_menten_prolif,0,0.05
32.90534660141479,36.900000000002,IL2,il2_menten_prolif,0,0.05
32.82646846430192,36.910000000002,IL2,il2_menten_prolif,0,0.05
32.747779407718475,36.920000000002005,IL2,il2_menten_prolif,0,0.05
32.66927897835963,36.93000000000201,IL2,il2_menten_prolif,0,0.05
32.59096672400054,36.94000000000201,IL2,il2_menten_prolif,0,0.05
32.51284219349335,36.95000000000201,IL2,il2_menten_prolif,0,0.05
32.43490493676438,36.96000000000201,IL2,il2_menten_prolif,0,0.05
32.35715450481129,36.97000000000202,IL2,il2_menten_prolif,0,0.05
32.27959044970004,36.980000000002015,IL2,il2_menten_prolif,0,0.05
32.20221232456184,36.99000000000201,IL2,il2_menten_prolif,0,0.05
32.12501968359037,37.00000000000202,IL2,il2_menten_prolif,0,0.05
32.048012082414374,37.01000000000202,IL2,il2_menten_prolif,0,0.05
31.97118907808372,37.02000000000202,IL2,il2_menten_prolif,0,0.05
31.89455022811849,37.03000000000202,IL2,il2_menten_prolif,0,0.05
31.81809509108586,37.040000000002024,IL2,il2_menten_prolif,0,0.05
31.741823226609398,37.05000000000203,IL2,il2_menten_prolif,0,0.05
31.665734195366202,37.06000000000203,IL2,il2_menten_prolif,0,0.05
31.589827559084036,37.070000000002025,IL2,il2_menten_prolif,0,0.05
31.514102880538708,37.08000000000203,IL2,il2_menten_prolif,0,0.05
31.43855972355146,37.090000000002036,IL2,il2_menten_prolif,0,0.05
31.363197652986095,37.100000000002034,IL2,il2_menten_prolif,0,0.05
31.288016234746173,37.11000000000203,IL2,il2_menten_prolif,0,0.05
31.213015035772287,37.12000000000204,IL2,il2_menten_prolif,0,0.05
31.138193624039577,37.13000000000204,IL2,il2_menten_prolif,0,0.05
31.063551568554747,37.14000000000204,IL2,il2_menten_prolif,0,0.05
30.989088439353303,37.15000000000204,IL2,il2_menten_prolif,0,0.05
30.91480380749688,37.16000000000204,IL2,il2_menten_prolif,0,0.05
30.840697245070643,37.17000000000205,IL2,il2_menten_prolif,0,0.05
30.766768325180415,37.180000000002046,IL2,il2_menten_prolif,0,0.05
30.693016621949845,37.190000000002044,IL2,il2_menten_prolif,0,0.05
30.61944171051777,37.20000000000205,IL2,il2_menten_prolif,0,0.05
30.546043167035602,37.210000000002054,IL2,il2_menten_prolif,0,0.05
30.47282056866446,37.22000000000205,IL2,il2_menten_prolif,0,0.05
30.39977349357234,37.23000000000205,IL2,il2_menten_prolif,0,0.05
30.326901520931465,37.240000000002055,IL2,il2_menten_prolif,0,0.05
30.254204230915676,37.25000000000206,IL2,il2_menten_prolif,0,0.05
30.181681204697597,37.26000000000206,IL2,il2_menten_prolif,0,0.05
30.109332024445727,37.27000000000206,IL2,il2_menten_prolif,0,0.05
30.03715593842719,37.28000000000206,IL2,il2_menten_prolif,0,0.05
29.965153257892936,37.29000000000207,IL2,il2_menten_prolif,0,0.05
29.89332316897176,37.300000000002065,IL2,il2_menten_prolif,0,0.05
29.8216652587941,37.31000000000206,IL2,il2_menten_prolif,0,0.05
29.750179115415534,37.32000000000207,IL2,il2_menten_prolif,0,0.05
29.67886432781692,37.33000000000207,IL2,il2_menten_prolif,0,0.05
29.607720485904224,37.34000000000207,IL2,il2_menten_prolif,0,0.05
29.536747180508492,37.35000000000207,IL2,il2_menten_prolif,0,0.05
29.465944003385893,37.360000000002074,IL2,il2_menten_prolif,0,0.05
29.395310547217882,37.37000000000208,IL2,il2_menten_prolif,0,0.05
29.324846405611027,37.38000000000208,IL2,il2_menten_prolif,0,0.05
29.25455117309695,37.390000000002075,IL2,il2_menten_prolif,0,0.05
29.18442444513243,37.40000000000208,IL2,il2_menten_prolif,0,0.05
29.114465818099507,37.410000000002086,IL2,il2_menten_prolif,0,0.05
29.04467488930535,37.420000000002084,IL2,il2_menten_prolif,0,0.05
28.975051256982184,37.43000000000208,IL2,il2_menten_prolif,0,0.05
28.90559452028738,37.44000000000209,IL2,il2_menten_prolif,0,0.05
28.83630427930356,37.45000000000209,IL2,il2_menten_prolif,0,0.05
28.7671801350385,37.46000000000209,IL2,il2_menten_prolif,0,0.05
28.69822168942501,37.47000000000209,IL2,il2_menten_prolif,0,0.05
28.62942854532107,37.48000000000209,IL2,il2_menten_prolif,0,0.05
28.56080030650988,37.4900000000021,IL2,il2_menten_prolif,0,0.05
28.492336577699817,37.500000000002096,IL2,il2_menten_prolif,0,0.05
28.42403696452429,37.510000000002094,IL2,il2_menten_prolif,0,0.05
28.355901073541865,37.5200000000021,IL2,il2_menten_prolif,0,0.05
28.28792851223636,37.530000000002104,IL2,il2_menten_prolif,0,0.05
28.220118889016724,37.5400000000021,IL2,il2_menten_prolif,0,0.05
28.152471813216966,37.5500000000021,IL2,il2_menten_prolif,0,0.05
28.084986895145867,37.560000000002105,IL2,il2_menten_prolif,0,0.05
28.017663746344404,37.57000000000211,IL2,il2_menten_prolif,0,0.05
27.95050197913369,37.58000000000211,IL2,il2_menten_prolif,0,0.05
27.88350120673635,37.59000000000211,IL2,il2_menten_prolif,0,0.05
27.81666104331998,37.60000000000211,IL2,il2_menten_prolif,0,0.05
27.749981103997193,37.61000000000212,IL2,il2_menten_prolif,0,0.05
27.683461004825542,37.620000000002115,IL2,il2_menten_prolif,0,0.05
27.617100362807466,37.63000000000211,IL2,il2_menten_prolif,0,0.05
27.550898795591188,37.64000000000212,IL2,il2_menten_prolif,0,0.05
27.48485592161627,37.65000000000212,IL2,il2_menten_prolif,0,0.05
27.418971360467857,37.66000000000212,IL2,il2_menten_prolif,0,0.05
27.353244732647912,37.67000000000212,IL2,il2_menten_prolif,0,0.05
27.287675659575342,37.680000000002124,IL2,il2_menten_prolif,0,0.05
27.222263763586046,37.69000000000213,IL2,il2_menten_prolif,0,0.05
27.157008667932864,37.70000000000213,IL2,il2_menten_prolif,0,0.05
27.091909996763768,37.710000000002125,IL2,il2_menten_prolif,0,0.05
27.02696737500918,37.72000000000213,IL2,il2_menten_prolif,0,0.05
26.96218042858012,37.730000000002136,IL2,il2_menten_prolif,0,0.05
26.89754878431478,37.740000000002134,IL2,il2_menten_prolif,0,0.05
26.83307206995955,37.75000000000213,IL2,il2_menten_prolif,0,0.05
26.76874991416905,37.76000000000214,IL2,il2_menten_prolif,0,0.05
26.70458194650626,37.77000000000214,IL2,il2_menten_prolif,0,0.05
26.640567797442422,37.78000000000214,IL2,il2_menten_prolif,0,0.05
26.57670709818227,37.79000000000214,IL2,il2_menten_prolif,0,0.05
26.512999480749038,37.80000000000214,IL2,il2_menten_prolif,0,0.05
26.449444578191454,37.81000000000215,IL2,il2_menten_prolif,0,0.05
26.38604202445017,37.820000000002146,IL2,il2_menten_prolif,0,0.05
26.322791454357628,37.830000000002144,IL2,il2_menten_prolif,0,0.05
26.259692503638178,37.84000000000215,IL2,il2_menten_prolif,0,0.05
26.196744808908143,37.850000000002154,IL2,il2_menten_prolif,0,0.05
26.13394792001679,37.86000000000215,IL2,il2_menten_prolif,0,0.05
26.071301690641576,37.87000000000215,IL2,il2_menten_prolif,0,0.05
26.00880561612032,37.880000000002156,IL2,il2_menten_prolif,0,0.05
25.946459341303402,37.89000000000216,IL2,il2_menten_prolif,0,0.05
25.884262511041257,37.90000000000216,IL2,il2_menten_prolif,0,0.05
25.822214770184168,37.91000000000216,IL2,il2_menten_prolif,0,0.05
25.760315763582454,37.92000000000216,IL2,il2_menten_prolif,0,0.05
25.69856513608653,37.93000000000217,IL2,il2_menten_prolif,0,0.05
25.636962535281448,37.940000000002165,IL2,il2_menten_prolif,0,0.05
25.57550760952063,37.95000000000216,IL2,il2_menten_prolif,0,0.05
25.514200004811862,37.96000000000217,IL2,il2_menten_prolif,0,0.05
25.453039367163,37.97000000000217,IL2,il2_menten_prolif,0,0.05
25.392025342581917,37.98000000000217,IL2,il2_menten_prolif,0,0.05
25.3311575770764,37.99000000000217,IL2,il2_menten_prolif,0,0.05
25.27043571665422,38.000000000002174,IL2,il2_menten_prolif,0,0.05
25.209859407323265,38.01000000000218,IL2,il2_menten_prolif,0,0.05
25.14942829576909,38.02000000000218,IL2,il2_menten_prolif,0,0.05
25.089142047926686,38.030000000002175,IL2,il2_menten_prolif,0,0.05
25.029000323572056,38.04000000000218,IL2,il2_menten_prolif,0,0.05
24.969002774838543,38.050000000002186,IL2,il2_menten_prolif,0,0.05
24.9091490538595,38.060000000002184,IL2,il2_menten_prolif,0,0.05
24.849438812768213,38.07000000000218,IL2,il2_menten_prolif,0,0.05
24.789871703697933,38.08000000000219,IL2,il2_menten_prolif,0,0.05
24.730447378782028,38.09000000000219,IL2,il2_menten_prolif,0,0.05
24.67116549015385,38.10000000000219,IL2,il2_menten_prolif,0,0.05
24.612025693205766,38.11000000000219,IL2,il2_menten_prolif,0,0.05
24.553027667182103,38.12000000000219,IL2,il2_menten_prolif,0,0.05
24.494171076167323,38.1300000000022,IL2,il2_menten_prolif,0,0.05
24.43545557954924,38.140000000002196,IL2,il2_menten_prolif,0,0.05
24.37688083671558,38.150000000002194,IL2,il2_menten_prolif,0,0.05
24.31844650705405,38.1600000000022,IL2,il2_menten_prolif,0,0.05
24.260152249952455,38.170000000002204,IL2,il2_menten_prolif,0,0.05
24.20199772479861,38.1800000000022,IL2,il2_menten_prolif,0,0.05
24.143982590980226,38.1900000000022,IL2,il2_menten_prolif,0,0.05
24.086106660999807,38.200000000002206,IL2,il2_menten_prolif,0,0.05
24.02836926984743,38.21000000000221,IL2,il2_menten_prolif,0,0.05
23.970770311708808,38.22000000000221,IL2,il2_menten_prolif,0,0.05
23.913309447724828,38.23000000000221,IL2,il2_menten_prolif,0,0.05
23.85598633984526,38.24000000000221,IL2,il2_menten_prolif,0,0.05
23.798800650828866,38.25000000000222,IL2,il2_menten_prolif,0,0.05
23.7417520442433,38.260000000002215,IL2,il2_menten_prolif,0,0.05
23.684840184465024,38.27000000000221,IL2,il2_menten_prolif,0,0.05
23.628064736679402,38.28000000000222,IL2,il2_menten_prolif,0,0.05
23.57142537756402,38.29000000000222,IL2,il2_menten_prolif,0,0.05
23.514921792935443,38.30000000000222,IL2,il2_menten_prolif,0,0.05
23.458553655573155,38.31000000000222,IL2,il2_menten_prolif,0,0.05
23.40232063918937,38.320000000002224,IL2,il2_menten_prolif,0,0.05
23.346222418583867,38.33000000000223,IL2,il2_menten_prolif,0,0.05
23.290258669643862,38.34000000000223,IL2,il2_menten_prolif,0,0.05
23.234429069343975,38.350000000002225,IL2,il2_menten_prolif,0,0.05
23.17873329574627,38.36000000000223,IL2,il2_menten_prolif,0,0.05
23.12317102800037,38.370000000002236,IL2,il2_menten_prolif,0,0.05
23.067741946343368,38.380000000002234,IL2,il2_menten_prolif,0,0.05
23.012445732099696,38.39000000000223,IL2,il2_menten_prolif,0,0.05
22.957282067681312,38.40000000000224,IL2,il2_menten_prolif,0,0.05
22.902250636587667,38.41000000000224,IL2,il2_menten_prolif,0,0.05
22.847351123405694,38.42000000000224,IL2,il2_menten_prolif,0,0.05
22.792583213809714,38.43000000000224,IL2,il2_menten_prolif,0,0.05
22.737946594561507,38.44000000000224,IL2,il2_menten_prolif,0,0.05
22.683440952826153,38.45000000000225,IL2,il2_menten_prolif,0,0.05
22.6290659648241,38.460000000002246,IL2,il2_menten_prolif,0,0.05
22.574821313380088,38.470000000002244,IL2,il2_menten_prolif,0,0.05
22.520706686287078,38.48000000000225,IL2,il2_menten_prolif,0,0.05
22.466721772245098,38.490000000002254,IL2,il2_menten_prolif,0,0.05
22.41286626086119,38.50000000000225,IL2,il2_menten_prolif,0,0.05
22.35913984264928,38.51000000000225,IL2,il2_menten_prolif,0,0.05
22.30554220903035,38.520000000002256,IL2,il2_menten_prolif,0,0.05
22.252073052332413,38.53000000000226,IL2,il2_menten_prolif,0,0.05
22.198732065790487,38.54000000000226,IL2,il2_menten_prolif,0,0.05
22.14551894354653,38.55000000000226,IL2,il2_menten_prolif,0,0.05
22.092433380649496,38.56000000000226,IL2,il2_menten_prolif,0,0.05
22.0394750730554,38.57000000000227,IL2,il2_menten_prolif,0,0.05
21.98664371762726,38.580000000002265,IL2,il2_menten_prolif,0,0.05
21.933939012135042,38.59000000000226,IL2,il2_menten_prolif,0,0.05
21.88136065525567,38.60000000000227,IL2,il2_menten_prolif,0,0.05
21.828908346573172,38.61000000000227,IL2,il2_menten_prolif,0,0.05
21.776581782832867,38.62000000000227,IL2,il2_menten_prolif,0,0.05
21.724380652433318,38.63000000000227,IL2,il2_menten_prolif,0,0.05
21.672304653886094,38.640000000002274,IL2,il2_menten_prolif,0,0.05
21.620353487222488,38.65000000000228,IL2,il2_menten_prolif,0,0.05
21.56852685321146,38.66000000000228,IL2,il2_menten_prolif,0,0.05
21.516824453359582,38.670000000002275,IL2,il2_menten_prolif,0,0.05
21.465245989911097,38.68000000000228,IL2,il2_menten_prolif,0,0.05
21.413791165848,38.690000000002286,IL2,il2_menten_prolif,0,0.05
21.362459684889945,38.700000000002284,IL2,il2_menten_prolif,0,0.05
21.311251251494205,38.71000000000228,IL2,il2_menten_prolif,0,0.05
21.260165570855726,38.72000000000229,IL2,il2_menten_prolif,0,0.05
21.209202348907183,38.73000000000229,IL2,il2_menten_prolif,0,0.05
21.15836129231895,38.74000000000229,IL2,il2_menten_prolif,0,0.05
21.107642108498993,38.75000000000229,IL2,il2_menten_prolif,0,0.05
21.057044505592955,38.76000000000229,IL2,il2_menten_prolif,0,0.05
21.006568192484213,38.7700000000023,IL2,il2_menten_prolif,0,0.05
20.95621287878663,38.780000000002296,IL2,il2_menten_prolif,0,0.05
20.90597827330619,38.790000000002294,IL2,il2_menten_prolif,0,0.05
20.855864085627772,38.8000000000023,IL2,il2_menten_prolif,0,0.05
20.805870027079784,38.810000000002304,IL2,il2_menten_prolif,0,0.05
20.75599580970049,38.8200000000023,IL2,il2_menten_prolif,0,0.05
20.70624114623795,38.8300000000023,IL2,il2_menten_prolif,0,0.05
20.656605750150067,38.840000000002306,IL2,il2_menten_prolif,0,0.05
20.607089335604694,38.85000000000231,IL2,il2_menten_prolif,0,0.05
20.557691617479527,38.86000000000231,IL2,il2_menten_prolif,0,0.05
20.508412311362058,38.87000000000231,IL2,il2_menten_prolif,0,0.05
20.459251133549635,38.88000000000231,IL2,il2_menten_prolif,0,0.05
20.41020780104954,38.89000000000232,IL2,il2_menten_prolif,0,0.05
20.361282031578924,38.900000000002315,IL2,il2_menten_prolif,0,0.05
20.3124735435647,38.91000000000231,IL2,il2_menten_prolif,0,0.05
20.26378205614367,38.92000000000232,IL2,il2_menten_prolif,0,0.05
20.215207289162535,38.93000000000232,IL2,il2_menten_prolif,0,0.05
20.166748963177888,38.94000000000232,IL2,il2_menten_prolif,0,0.05
20.11840681452025,38.95000000000232,IL2,il2_menten_prolif,0,0.05
20.070180528094845,38.960000000002324,IL2,il2_menten_prolif,0,0.05
20.02206984628304,38.97000000000233,IL2,il2_menten_prolif,0,0.05
19.974074491780385,38.98000000000233,IL2,il2_menten_prolif,0,0.05
19.926194187988067,38.990000000002325,IL2,il2_menten_prolif,0,0.05
19.878428659011274,39.00000000000233,IL2,il2_menten_prolif,0,0.05
19.83077762965761,39.010000000002336,IL2,il2_menten_prolif,0,0.05
19.783240825435307,39.020000000002334,IL2,il2_menten_prolif,0,0.05
19.735817972551484,39.03000000000233,IL2,il2_menten_prolif,0,0.05
19.68850879791053,39.04000000000234,IL2,il2_menten_prolif,0,0.05
19.64131302911249,39.05000000000234,IL2,il2_menten_prolif,0,0.05
19.594230394451305,39.06000000000234,IL2,il2_menten_prolif,0,0.05
19.54726062291308,39.07000000000234,IL2,il2_menten_prolif,0,0.05
19.500403444174424,39.08000000000234,IL2,il2_menten_prolif,0,0.05
19.45365858860088,39.09000000000235,IL2,il2_menten_prolif,0,0.05
19.40702578724514,39.100000000002346,IL2,il2_menten_prolif,0,0.05
19.3605047718453,39.110000000002344,IL2,il2_menten_prolif,0,0.05
19.314095273549995,39.12000000000235,IL2,il2_menten_prolif,0,0.05
19.267797023115122,39.130000000002354,IL2,il2_menten_prolif,0,0.05
19.22160975384699,39.14000000000235,IL2,il2_menten_prolif,0,0.05
19.175533199735685,39.15000000000235,IL2,il2_menten_prolif,0,0.05
19.129567095423265,39.160000000002356,IL2,il2_menten_prolif,0,0.05
19.08371117620159,39.17000000000236,IL2,il2_menten_prolif,0,0.05
19.037965178010037,39.18000000000236,IL2,il2_menten_prolif,0,0.05
18.99232883743321,39.19000000000236,IL2,il2_menten_prolif,0,0.05
18.94680189169876,39.20000000000236,IL2,il2_menten_prolif,0,0.05
18.90138407867526,39.21000000000237,IL2,il2_menten_prolif,0,0.05
18.856075136869862,39.220000000002365,IL2,il2_menten_prolif,0,0.05
18.810874805426046,39.23000000000236,IL2,il2_menten_prolif,0,0.05
18.76578282412145,39.24000000000237,IL2,il2_menten_prolif,0,0.05
18.72079893336568,39.25000000000237,IL2,il2_menten_prolif,0,0.05
18.67592287419804,39.26000000000237,IL2,il2_menten_prolif,0,0.05
18.631154388285267,39.27000000000237,IL2,il2_menten_prolif,0,0.05
18.586493217919298,39.280000000002374,IL2,il2_menten_prolif,0,0.05
18.54193910601518,39.29000000000238,IL2,il2_menten_prolif,0,0.05
18.497491796108733,39.30000000000238,IL2,il2_menten_prolif,0,0.05
18.453151032354267,39.310000000002375,IL2,il2_menten_prolif,0,0.05
18.408916559522435,39.32000000000238,IL2,il2_menten_prolif,0,0.05
18.36478812299805,39.330000000002386,IL2,il2_menten_prolif,0,0.05
18.320765468777807,39.340000000002384,IL2,il2_menten_prolif,0,0.05
18.276848343467975,39.35000000000238,IL2,il2_menten_prolif,0,0.05
18.23303649428227,39.36000000000239,IL2,il2_menten_prolif,0,0.05
18.18932966903963,39.37000000000239,IL2,il2_menten_prolif,0,0.05
18.145727616162,39.38000000000239,IL2,il2_menten_prolif,0,0.05
18.10223008467196,39.39000000000239,IL2,il2_menten_prolif,0,0.05
18.058836824190635,39.40000000000239,IL2,il2_menten_prolif,0,0.05
18.01554758457835,39.4100000000024,IL2,il2_menten_prolif,0,0.05
17.97236211613236,39.420000000002396,IL2,il2_menten_prolif,0,0.05
17.92928017014785,39.430000000002394,IL2,il2_menten_prolif,0,0.05
17.88630149850519,39.4400000000024,IL2,il2_menten_prolif,0,0.05
17.843425853666222,39.450000000002404,IL2,il2_menten_prolif,0,0.05
17.80065298867187,39.4600000000024,IL2,il2_menten_prolif,0,0.05
17.757982657139706,39.4700000000024,IL2,il2_menten_prolif,0,0.05
17.715414613261654,39.480000000002406,IL2,il2_menten_prolif,0,0.05
17.67294861180169,39.49000000000241,IL2,il2_menten_prolif,0,0.05
17.630584408093455,39.50000000000241,IL2,il2_menten_prolif,0,0.05
17.58832175803781,39.51000000000241,IL2,il2_menten_prolif,0,0.05
17.54616041810055,39.52000000000241,IL2,il2_menten_prolif,0,0.05
17.50410014531009,39.53000000000242,IL2,il2_menten_prolif,0,0.05
17.462140697255094,39.540000000002415,IL2,il2_menten_prolif,0,0.05
17.420281832082,39.55000000000241,IL2,il2_menten_prolif,0,0.05
17.37852330849279,39.56000000000242,IL2,il2_menten_prolif,0,0.05
17.33686488574263,39.57000000000242,IL2,il2_menten_prolif,0,0.05
17.2953063236375,39.58000000000242,IL2,il2_menten_prolif,0,0.05
17.253847382531756,39.59000000000242,IL2,il2_menten_prolif,0,0.05
17.212487823325837,39.600000000002424,IL2,il2_menten_prolif,0,0.05
17.171227407463977,39.61000000000243,IL2,il2_menten_prolif,0,0.05
17.130065896931782,39.62000000000243,IL2,il2_menten_prolif,0,0.05
17.089003054253816,39.630000000002426,IL2,il2_menten_prolif,0,0.05
17.0480386424913,39.64000000000243,IL2,il2_menten_prolif,0,0.05
17.007172425239837,39.650000000002436,IL2,il2_menten_prolif,0,0.05
16.966404166626962,39.660000000002434,IL2,il2_menten_prolif,0,0.05
16.92573363130975,39.67000000000243,IL2,il2_menten_prolif,0,0.05
16.88516058447253,39.68000000000244,IL2,il2_menten_prolif,0,0.05
16.844684791825102,39.69000000000244,IL2,il2_menten_prolif,0,0.05
16.80430602238487,39.70000000000244,IL2,il2_menten_prolif,0,0.05
16.76402404599689,39.71000000000244,IL2,il2_menten_prolif,0,0.05
16.723838630646167,39.72000000000244,IL2,il2_menten_prolif,0,0.05
16.683749544872146,39.73000000000245,IL2,il2_menten_prolif,0,0.05
16.6437565577672,39.740000000002446,IL2,il2_menten_prolif,0,0.05
16.60385943897504,39.750000000002444,IL2,il2_menten_prolif,0,0.05
16.56405795868927,39.76000000000245,IL2,il2_menten_prolif,0,0.05
16.52435188765198,39.770000000002454,IL2,il2_menten_prolif,0,0.05
16.484740997152173,39.78000000000245,IL2,il2_menten_prolif,0,0.05
16.44522505902418,39.79000000000245,IL2,il2_menten_prolif,0,0.05
16.405803845646286,39.800000000002456,IL2,il2_menten_prolif,0,0.05
16.366477129939224,39.81000000000246,IL2,il2_menten_prolif,0,0.05
16.32724468536465,39.82000000000246,IL2,il2_menten_prolif,0,0.05
16.28810628592359,39.83000000000246,IL2,il2_menten_prolif,0,0.05
16.24906170615498,39.84000000000246,IL2,il2_menten_prolif,0,0.05
16.210110721134257,39.85000000000247,IL2,il2_menten_prolif,0,0.05
16.17125310647176,39.860000000002465,IL2,il2_menten_prolif,0,0.05
16.132488638311216,39.87000000000246,IL2,il2_menten_prolif,0,0.05
16.093817093328283,39.88000000000247,IL2,il2_menten_prolif,0,0.05
16.0552382487291,39.89000000000247,IL2,il2_menten_prolif,0,0.05
16.016751882248734,39.90000000000247,IL2,il2_menten_prolif,0,0.05
15.97835777214964,39.91000000000247,IL2,il2_menten_prolif,0,0.05
15.940055697220206,39.920000000002474,IL2,il2_menten_prolif,0,0.05
15.901845436773325,39.93000000000248,IL2,il2_menten_prolif,0,0.05
15.863726770644815,39.94000000000248,IL2,il2_menten_prolif,0,0.05
15.825699479191888,39.950000000002476,IL2,il2_menten_prolif,0,0.05
15.787763343291708,39.96000000000248,IL2,il2_menten_prolif,0,0.05
15.74991814433993,39.970000000002486,IL2,il2_menten_prolif,0,0.05
15.712163664252847,39.980000000002484,IL2,il2_menten_prolif,0,0.05
15.674499686018791,39.99000000000248,IL2,il2_menten_prolif,0,0.05
15.636925993067305,40.00000000000249,IL2,il2_menten_prolif,0,0.05
15.59944236898017,40.01000000000249,IL2,il2_menten_prolif,0,0.05
15.562048597857054,40.02000000000249,IL2,il2_menten_prolif,0,0.05
15.524744464314075,40.03000000000249,IL2,il2_menten_prolif,0,0.05
15.487529753482551,40.04000000000249,IL2,il2_menten_prolif,0,0.05
15.45040425100768,40.0500000000025,IL2,il2_menten_prolif,0,0.05
15.413367743047136,40.060000000002496,IL2,il2_menten_prolif,0,0.05
15.376420016269698,40.070000000002494,IL2,il2_menten_prolif,0,0.05
15.339560857853924,40.0800000000025,IL2,il2_menten_prolif,0,0.05
15.30279005548688,40.090000000002505,IL2,il2_menten_prolif,0,0.05
15.266107397362742,40.1000000000025,IL2,il2_menten_prolif,0,0.05
15.229512672181375,40.1100000000025,IL2,il2_menten_prolif,0,0.05
15.193005669147068,40.120000000002506,IL2,il2_menten_prolif,0,0.05
15.156586177967219,40.13000000000251,IL2,il2_menten_prolif,0,0.05
15.120253988850948,40.14000000000251,IL2,il2_menten_prolif,0,0.05
15.084008892507686,40.15000000000251,IL2,il2_menten_prolif,0,0.05
15.047850680145908,40.16000000000251,IL2,il2_menten_prolif,0,0.05
15.011779143471802,40.17000000000252,IL2,il2_menten_prolif,0,0.05
14.975794074687903,40.180000000002515,IL2,il2_menten_prolif,0,0.05
14.939895266491675,40.19000000000251,IL2,il2_menten_prolif,0,0.05
14.904082512074222,40.20000000000252,IL2,il2_menten_prolif,0,0.05
14.86835560511901,40.21000000000252,IL2,il2_menten_prolif,0,0.05
14.83271433980043,40.22000000000252,IL2,il2_menten_prolif,0,0.05
14.797158510782445,40.23000000000252,IL2,il2_menten_prolif,0,0.05
14.761687913217276,40.240000000002524,IL2,il2_menten_prolif,0,0.05
14.72630234274409,40.25000000000253,IL2,il2_menten_prolif,0,0.05
14.691001595487634,40.26000000000253,IL2,il2_menten_prolif,0,0.05
14.65578546805908,40.270000000002526,IL2,il2_menten_prolif,0,0.05
14.620653757683403,40.28000000000253,IL2,il2_menten_prolif,0,0.05
14.585606262104651,40.290000000002536,IL2,il2_menten_prolif,0,0.05
14.550642779532028,40.300000000002534,IL2,il2_menten_prolif,0,0.05
14.515763108689468,40.31000000000253,IL2,il2_menten_prolif,0,0.05
14.480967048817636,40.32000000000254,IL2,il2_menten_prolif,0,0.05
14.446254399655363,40.33000000000254,IL2,il2_menten_prolif,0,0.05
14.4116249611387,40.34000000000254,IL2,il2_menten_prolif,0,0.05
14.377078533726799,40.35000000000254,IL2,il2_menten_prolif,0,0.05
14.342614918400143,40.36000000000254,IL2,il2_menten_prolif,0,0.05
14.308233916587366,40.37000000000255,IL2,il2_menten_prolif,0,0.05
14.273935330160107,40.380000000002546,IL2,il2_menten_prolif,0,0.05
14.239718961464254,40.390000000002544,IL2,il2_menten_prolif,0,0.05
14.205584613534597,40.40000000000255,IL2,il2_menten_prolif,0,0.05
14.171532089788489,40.410000000002555,IL2,il2_menten_prolif,0,0.05
14.13756119409055,40.42000000000255,IL2,il2_menten_prolif,0,0.05
14.103671730782994,40.43000000000255,IL2,il2_menten_prolif,0,0.05
14.069863504685939,40.440000000002556,IL2,il2_menten_prolif,0,0.05
14.036136321080363,40.45000000000256,IL2,il2_menten_prolif,0,0.05
14.002489985662894,40.46000000000256,IL2,il2_menten_prolif,0,0.05
13.968924304626881,40.47000000000256,IL2,il2_menten_prolif,0,0.05
13.93543908463375,40.48000000000256,IL2,il2_menten_prolif,0,0.05
13.90203413280828,40.49000000000257,IL2,il2_menten_prolif,0,0.05
13.86870925673743,40.500000000002565,IL2,il2_menten_prolif,0,0.05
13.83546426446968,40.51000000000256,IL2,il2_menten_prolif,0,0.05
13.80229896451446,40.52000000000257,IL2,il2_menten_prolif,0,0.05
13.769213165839583,40.53000000000257,IL2,il2_menten_prolif,0,0.05
13.736206677870722,40.54000000000257,IL2,il2_menten_prolif,0,0.05
13.703279310490279,40.55000000000257,IL2,il2_menten_prolif,0,0.05
13.670430874036292,40.560000000002574,IL2,il2_menten_prolif,0,0.05
13.637661179277458,40.57000000000258,IL2,il2_menten_prolif,0,0.05
13.604970037525934,40.58000000000258,IL2,il2_menten_prolif,0,0.05
13.572357260428861,40.590000000002576,IL2,il2_menten_prolif,0,0.05
13.539822660142745,40.60000000000258,IL2,il2_menten_prolif,0,0.05
13.507366049271237,40.610000000002586,IL2,il2_menten_prolif,0,0.05
13.474987240865001,40.620000000002584,IL2,il2_menten_prolif,0,0.05
13.44268604841804,40.63000000000258,IL2,il2_menten_prolif,0,0.05
13.410462285871446,40.64000000000259,IL2,il2_menten_prolif,0,0.05
13.378315767614762,40.65000000000259,IL2,il2_menten_prolif,0,0.05
13.34624630848434,40.66000000000259,IL2,il2_menten_prolif,0,0.05
13.314253723763322,40.67000000000259,IL2,il2_menten_prolif,0,0.05
13.282337829181657,40.68000000000259,IL2,il2_menten_prolif,0,0.05
13.250498440916175,40.6900000000026,IL2,il2_menten_prolif,0,0.05
13.2187353755729,40.700000000002596,IL2,il2_menten_prolif,0,0.05
13.187048450149842,40.710000000002594,IL2,il2_menten_prolif,0,0.05
13.155437482126429,40.7200000000026,IL2,il2_menten_prolif,0,0.05
13.12390228942898,40.730000000002605,IL2,il2_menten_prolif,0,0.05
13.09244269042673,40.7400000000026,IL2,il2_menten_prolif,0,0.05
13.061058503931775,40.7500000000026,IL2,il2_menten_prolif,0,0.05
13.029749549199146,40.760000000002606,IL2,il2_menten_prolif,0,0.05
12.998515645924861,40.77000000000261,IL2,il2_menten_prolif,0,0.05
12.967356614144016,40.78000000000261,IL2,il2_menten_prolif,0,0.05
12.936272274334396,40.79000000000261,IL2,il2_menten_prolif,0,0.05
12.905262447453318,40.80000000000261,IL2,il2_menten_prolif,0,0.05
12.874326954893483,40.81000000000262,IL2,il2_menten_prolif,0,0.05
12.843465618482956,40.820000000002615,IL2,il2_menten_prolif,0,0.05
12.812678260485079,40.83000000000261,IL2,il2_menten_prolif,0,0.05
12.78196470359855,40.84000000000262,IL2,il2_menten_prolif,0,0.05
12.751324770922473,40.85000000000262,IL2,il2_menten_prolif,0,0.05
12.720758285882507,40.86000000000262,IL2,il2_menten_prolif,0,0.05
12.690265072408273,40.87000000000262,IL2,il2_menten_prolif,0,0.05
12.65984495486482,40.880000000002624,IL2,il2_menten_prolif,0,0.05
12.62949775804481,40.89000000000263,IL2,il2_menten_prolif,0,0.05
12.599223307168508,40.90000000000263,IL2,il2_menten_prolif,0,0.05
12.56902142788369,40.910000000002626,IL2,il2_menten_prolif,0,0.05
12.538891895585627,40.92000000000263,IL2,il2_menten_prolif,0,0.05
12.508834660505517,40.930000000002636,IL2,il2_menten_prolif,0,0.05
12.47884946784602,40.940000000002634,IL2,il2_menten_prolif,0,0.05
12.448936147346181,40.95000000000263,IL2,il2_menten_prolif,0,0.05
12.419094528745063,40.96000000000264,IL2,il2_menten_prolif,0,0.05
12.389324441781769,40.97000000000264,IL2,il2_menten_prolif,0,0.05
12.359625716195385,40.98000000000264,IL2,il2_menten_prolif,0,0.05
12.329998181724974,40.99000000000264,IL2,il2_menten_prolif,0,0.05
12.300441668725487,41.00000000000264,IL2,il2_menten_prolif,0,0.05
12.270956009224385,41.01000000000265,IL2,il2_menten_prolif,0,0.05
12.241541033688918,41.020000000002646,IL2,il2_menten_prolif,0,0.05
12.212196572439579,41.030000000002644,IL2,il2_menten_prolif,0,0.05
12.182922455796852,41.04000000000265,IL2,il2_menten_prolif,0,0.05
12.153718514081277,41.050000000002655,IL2,il2_menten_prolif,0,0.05
12.124584577613376,41.06000000000265,IL2,il2_menten_prolif,0,0.05
12.095520476713638,41.07000000000265,IL2,il2_menten_prolif,0,0.05
12.066526041702549,41.080000000002656,IL2,il2_menten_prolif,0,0.05
12.037601104701023,41.09000000000266,IL2,il2_menten_prolif,0,0.05
12.008745508091941,41.10000000000266,IL2,il2_menten_prolif,0,0.05
11.97995908697053,41.11000000000266,IL2,il2_menten_prolif,0,0.05
11.9512416747223,41.12000000000266,IL2,il2_menten_prolif,0,0.05
11.922593104732808,41.13000000000267,IL2,il2_menten_prolif,0,0.05
11.8940132103876,41.140000000002665,IL2,il2_menten_prolif,0,0.05
11.865501825072194,41.15000000000266,IL2,il2_menten_prolif,0,0.05
11.837058782172095,41.16000000000267,IL2,il2_menten_prolif,0,0.05
11.808683915072862,41.17000000000267,IL2,il2_menten_prolif,0,0.05
11.780377058090885,41.18000000000267,IL2,il2_menten_prolif,0,0.05
11.752138057961695,41.19000000000267,IL2,il2_menten_prolif,0,0.05
11.723966755239982,41.200000000002674,IL2,il2_menten_prolif,0,0.05
11.695862986938259,41.21000000000268,IL2,il2_menten_prolif,0,0.05
11.66782659006906,41.22000000000268,IL2,il2_menten_prolif,0,0.05
11.639857401644868,41.230000000002676,IL2,il2_menten_prolif,0,0.05
11.611955258678172,41.24000000000268,IL2,il2_menten_prolif,0,0.05
11.584119998181496,41.250000000002686,IL2,il2_menten_prolif,0,0.05
11.556351457167366,41.260000000002684,IL2,il2_menten_prolif,0,0.05
11.528649578758646,41.27000000000268,IL2,il2_menten_prolif,0,0.05
11.501013959696873,41.28000000000269,IL2,il2_menten_prolif,0,0.05
11.47344460395869,41.29000000000269,IL2,il2_menten_prolif,0,0.05
11.445941349200414,41.30000000000269,IL2,il2_menten_prolif,0,0.05
11.418504033465206,41.31000000000269,IL2,il2_menten_prolif,0,0.05
11.391132495183118,41.32000000000269,IL2,il2_menten_prolif,0,0.05
11.363826573171126,41.3300000000027,IL2,il2_menten_prolif,0,0.05
11.336586106633085,41.340000000002696,IL2,il2_menten_prolif,0,0.05
11.309410935159711,41.350000000002694,IL2,il2_menten_prolif,0,0.05
11.282300898728591,41.3600000000027,IL2,il2_menten_prolif,0,0.05
11.255255844371742,41.370000000002705,IL2,il2_menten_prolif,0,0.05
11.228275621222945,41.3800000000027,IL2,il2_menten_prolif,0,0.05
11.201360073003963,41.3900000000027,IL2,il2_menten_prolif,0,0.05
11.174509043970968,41.400000000002706,IL2,il2_menten_prolif,0,0.05
11.147722378914615,41.41000000000271,IL2,il2_menten_prolif,0,0.05
11.120999923160014,41.42000000000271,IL2,il2_menten_prolif,0,0.05
11.094341522566681,41.43000000000271,IL2,il2_menten_prolif,0,0.05
11.067747023528586,41.44000000000271,IL2,il2_menten_prolif,0,0.05
11.041216272974186,41.45000000000272,IL2,il2_menten_prolif,0,0.05
11.014749118366396,41.460000000002715,IL2,il2_menten_prolif,0,0.05
10.988345407702532,41.47000000000271,IL2,il2_menten_prolif,0,0.05
10.962004989514368,41.48000000000272,IL2,il2_menten_prolif,0,0.05
10.935727712868157,41.49000000000272,IL2,il2_menten_prolif,0,0.05
10.909513427364619,41.50000000000272,IL2,il2_menten_prolif,0,0.05
10.883361983138869,41.51000000000272,IL2,il2_menten_prolif,0,0.05
10.857273230860486,41.520000000002725,IL2,il2_menten_prolif,0,0.05
10.831247017365424,41.53000000000273,IL2,il2_menten_prolif,0,0.05
10.805283188710327,41.54000000000273,IL2,il2_menten_prolif,0,0.05
10.779381595440245,41.550000000002726,IL2,il2_menten_prolif,0,0.05
10.753542088536658,41.56000000000273,IL2,il2_menten_prolif,0,0.05
10.727764519416802,41.570000000002736,IL2,il2_menten_prolif,0,0.05
10.702048739933662,41.580000000002734,IL2,il2_menten_prolif,0,0.05
10.676394602375929,41.59000000000273,IL2,il2_menten_prolif,0,0.05
10.65080195946802,41.60000000000274,IL2,il2_menten_prolif,0,0.05
10.625270664370138,41.61000000000274,IL2,il2_menten_prolif,0,0.05
10.599800570678223,41.62000000000274,IL2,il2_menten_prolif,0,0.05
10.57439153242391,41.63000000000274,IL2,il2_menten_prolif,0,0.05
10.549043404074586,41.64000000000274,IL2,il2_menten_prolif,0,0.05
10.5237560405334,41.65000000000275,IL2,il2_menten_prolif,0,0.05
10.498529297139244,41.660000000002746,IL2,il2_menten_prolif,0,0.05
10.47336302966672,41.670000000002744,IL2,il2_menten_prolif,0,0.05
10.448257094326156,41.68000000000275,IL2,il2_menten_prolif,0,0.05
10.423211344182633,41.690000000002755,IL2,il2_menten_prolif,0,0.05
10.398225631499916,41.70000000000275,IL2,il2_menten_prolif,0,0.05
10.373299812348447,41.71000000000275,IL2,il2_menten_prolif,0,0.05
10.348433743153581,41.720000000002756,IL2,il2_menten_prolif,0,0.05
10.323627280693799,41.73000000000276,IL2,il2_menten_prolif,0,0.05
10.29888028210068,41.74000000000276,IL2,il2_menten_prolif,0,0.05
10.27419260485884,41.75000000000276,IL2,il2_menten_prolif,0,0.05
10.249564106806009,41.76000000000276,IL2,il2_menten_prolif,0,0.05
10.224994646133029,41.77000000000277,IL2,il2_menten_prolif,0,0.05
10.200484081383834,41.780000000002765,IL2,il2_menten_prolif,0,0.05
10.176032271455423,41.79000000000276,IL2,il2_menten_prolif,0,0.05
10.151639075597874,41.80000000000277,IL2,il2_menten_prolif,0,0.05
10.127304353414395,41.81000000000277,IL2,il2_menten_prolif,0,0.05
10.10302796486129,41.82000000000277,IL2,il2_menten_prolif,0,0.05
10.078809770247918,41.83000000000277,IL2,il2_menten_prolif,0,0.05
10.054649630236725,41.840000000002775,IL2,il2_menten_prolif,0,0.05
10.030547405298861,41.85000000000278,IL2,il2_menten_prolif,0,0.05
10.00650295604554,41.86000000000278,IL2,il2_menten_prolif,0,0.05
9.982516143973577,41.870000000002776,IL2,il2_menten_prolif,0,0.05
9.958586830920625,41.88000000000278,IL2,il2_menten_prolif,0,0.05
9.934714879064632,41.890000000002786,IL2,il2_menten_prolif,0,0.05
9.9109001509238,41.900000000002784,IL2,il2_menten_prolif,0,0.05
9.88714250935655,41.91000000000278,IL2,il2_menten_prolif,0,0.05
9.863441817561565,41.92000000000279,IL2,il2_menten_prolif,0,0.05
9.839797939077815,41.93000000000279,IL2,il2_menten_prolif,0,0.05
9.816210737784527,41.94000000000279,IL2,il2_menten_prolif,0,0.05
9.792680077901146,41.95000000000279,IL2,il2_menten_prolif,0,0.05
9.769205823987372,41.96000000000279,IL2,il2_menten_prolif,0,0.05
9.745787840943208,41.9700000000028,IL2,il2_menten_prolif,0,0.05
9.722425994008898,41.980000000002796,IL2,il2_menten_prolif,0,0.05
9.699120148764914,41.990000000002794,IL2,il2_menten_prolif,0,0.05
9.675870171131985,42.0000000000028,IL2,il2_menten_prolif,0,0.05
9.6526759320449,42.010000000002805,IL2,il2_menten_prolif,0,0.05
9.62953728539222,42.0200000000028,IL2,il2_menten_prolif,0,0.05
9.606454104990853,42.0300000000028,IL2,il2_menten_prolif,0,0.05
9.58342625780889,42.040000000002806,IL2,il2_menten_prolif,0,0.05
9.560453611152306,42.05000000000281,IL2,il2_menten_prolif,0,0.05
9.53753603266414,42.06000000000281,IL2,il2_menten_prolif,0,0.05
9.51467339032363,42.07000000000281,IL2,il2_menten_prolif,0,0.05
9.49186555244546,42.08000000000281,IL2,il2_menten_prolif,0,0.05
9.469112387678978,42.09000000000282,IL2,il2_menten_prolif,0,0.05
9.446413765007328,42.100000000002815,IL2,il2_menten_prolif,0,0.05
9.423769553746656,42.11000000000281,IL2,il2_menten_prolif,0,0.05
9.401179623545278,42.12000000000282,IL2,il2_menten_prolif,0,0.05
9.37864384438296,42.13000000000282,IL2,il2_menten_prolif,0,0.05
9.356162086570029,42.14000000000282,IL2,il2_menten_prolif,0,0.05
9.333734220746557,42.15000000000282,IL2,il2_menten_prolif,0,0.05
9.311360117881575,42.160000000002825,IL2,il2_menten_prolif,0,0.05
9.28903964848894,42.17000000000283,IL2,il2_menten_prolif,0,0.05
9.266772683106023,42.18000000000283,IL2,il2_menten_prolif,0,0.05
9.244559093474095,42.190000000002826,IL2,il2_menten_prolif,0,0.05
9.222398751652243,42.20000000000283,IL2,il2_menten_prolif,0,0.05
9.200291530014033,42.210000000002836,IL2,il2_menten_prolif,0,0.05
9.17823730124646,42.220000000002834,IL2,il2_menten_prolif,0,0.05
9.156235938348921,42.23000000000283,IL2,il2_menten_prolif,0,0.05
9.134287314632218,42.24000000000284,IL2,il2_menten_prolif,0,0.05
9.112391303717569,42.25000000000284,IL2,il2_menten_prolif,0,0.05
9.090547779535578,42.26000000000284,IL2,il2_menten_prolif,0,0.05
9.068756616325183,42.27000000000284,IL2,il2_menten_prolif,0,0.05
9.047017688632668,42.28000000000284,IL2,il2_menten_prolif,0,0.05
9.02533087131068,42.29000000000285,IL2,il2_menten_prolif,0,0.05
9.003696039517195,42.300000000002846,IL2,il2_menten_prolif,0,0.05
8.982113068714455,42.310000000002844,IL2,il2_menten_prolif,0,0.05
8.960581834667996,42.32000000000285,IL2,il2_menten_prolif,0,0.05
8.93910221344567,42.330000000002855,IL2,il2_menten_prolif,0,0.05
8.917674081416578,42.34000000000285,IL2,il2_menten_prolif,0,0.05
8.896297315250049,42.35000000000285,IL2,il2_menten_prolif,0,0.05
8.874971791914643,42.360000000002856,IL2,il2_menten_prolif,0,0.05
8.853697388677165,42.37000000000286,IL2,il2_menten_prolif,0,0.05
8.83247398310163,42.38000000000286,IL2,il2_menten_prolif,0,0.05
8.811301453048209,42.39000000000286,IL2,il2_menten_prolif,0,0.05
8.790179676672253,42.40000000000286,IL2,il2_menten_prolif,0,0.05
8.7691085324233,42.41000000000287,IL2,il2_menten_prolif,0,0.05
8.748087899044034,42.420000000002865,IL2,il2_menten_prolif,0,0.05
8.727117655569245,42.43000000000286,IL2,il2_menten_prolif,0,0.05
8.706197681324841,42.44000000000287,IL2,il2_menten_prolif,0,0.05
8.685327855926856,42.45000000000287,IL2,il2_menten_prolif,0,0.05
8.664508059280422,42.46000000000287,IL2,il2_menten_prolif,0,0.05
8.643738171578711,42.47000000000287,IL2,il2_menten_prolif,0,0.05
8.623018073301951,42.480000000002875,IL2,il2_menten_prolif,0,0.05
8.602347644906262,42.49000000000288,IL2,il2_menten_prolif,0,0.05
8.581726766981989,42.50000000000288,IL2,il2_menten_prolif,0,0.05
8.561155320776896,42.510000000002876,IL2,il2_menten_prolif,0,0.05
8.540633187819335,42.52000000000288,IL2,il2_menten_prolif,0,0.05
8.520160249915364,42.530000000002886,IL2,il2_menten_prolif,0,0.05
8.499736389147586,42.540000000002884,IL2,il2_menten_prolif,0,0.05
8.47936148787405,42.55000000000288,IL2,il2_menten_prolif,0,0.05
8.459035428727153,42.56000000000289,IL2,il2_menten_prolif,0,0.05
8.438758094612602,42.57000000000289,IL2,il2_menten_prolif,0,0.05
8.41852936870825,42.58000000000289,IL2,il2_menten_prolif,0,0.05
8.398349134462995,42.59000000000289,IL2,il2_menten_prolif,0,0.05
8.378217275595697,42.60000000000289,IL2,il2_menten_prolif,0,0.05
8.358133676094102,42.6100000000029,IL2,il2_menten_prolif,0,0.05
8.338098220213734,42.6200000000029,IL2,il2_menten_prolif,0,0.05
8.318110792476752,42.630000000002894,IL2,il2_menten_prolif,0,0.05
8.298171277670873,42.6400000000029,IL2,il2_menten_prolif,0,0.05
8.27827956084832,42.650000000002905,IL2,il2_menten_prolif,0,0.05
8.258435527324679,42.6600000000029,IL2,il2_menten_prolif,0,0.05
8.238639062677779,42.6700000000029,IL2,il2_menten_prolif,0,0.05
8.218890052746616,42.680000000002906,IL2,il2_menten_prolif,0,0.05
8.19918838363028,42.69000000000291,IL2,il2_menten_prolif,0,0.05
8.179533941686842,42.70000000000291,IL2,il2_menten_prolif,0,0.05
8.159926613532205,42.71000000000291,IL2,il2_menten_prolif,0,0.05
8.140366286039052,42.72000000000291,IL2,il2_menten_prolif,0,0.05
8.120852846335762,42.73000000000292,IL2,il2_menten_prolif,0,0.05
8.101386181805285,42.740000000002915,IL2,il2_menten_prolif,0,0.05
8.081966180084025,42.75000000000291,IL2,il2_menten_prolif,0,0.05
8.062592729060746,42.76000000000292,IL2,il2_menten_prolif,0,0.05
8.04326571687553,42.77000000000292,IL2,il2_menten_prolif,0,0.05
8.02398503191862,42.78000000000292,IL2,il2_menten_prolif,0,0.05
8.00475056282932,42.79000000000292,IL2,il2_menten_prolif,0,0.05
7.985562198494899,42.800000000002925,IL2,il2_menten_prolif,0,0.05
7.966419829385465,42.81000000000293,IL2,il2_menten_prolif,0,0.05
7.9473233470048985,42.82000000000293,IL2,il2_menten_prolif,0,0.05
7.928272641376983,42.830000000002926,IL2,il2_menten_prolif,0,0.05
7.909267602774637,42.84000000000293,IL2,il2_menten_prolif,0,0.05
7.8903081217327635,42.850000000002936,IL2,il2_menten_prolif,0,0.05
7.871394089047499,42.860000000002934,IL2,il2_menten_prolif,0,0.05
7.85252539577548,42.87000000000293,IL2,il2_menten_prolif,0,0.05
7.833701933233145,42.88000000000294,IL2,il2_menten_prolif,0,0.05
7.814923592996051,42.89000000000294,IL2,il2_menten_prolif,0,0.05
7.796190266898126,42.90000000000294,IL2,il2_menten_prolif,0,0.05
7.777501847030923,42.91000000000294,IL2,il2_menten_prolif,0,0.05
7.758858225742934,42.92000000000294,IL2,il2_menten_prolif,0,0.05
7.740259295638893,42.93000000000295,IL2,il2_menten_prolif,0,0.05
7.7217049495790455,42.94000000000295,IL2,il2_menten_prolif,0,0.05
7.703195080678388,42.950000000002944,IL2,il2_menten_prolif,0,0.05
7.684729582305996,42.96000000000295,IL2,il2_menten_prolif,0,0.05
7.666308348084311,42.970000000002955,IL2,il2_menten_prolif,0,0.05
7.647931271888417,42.98000000000295,IL2,il2_menten_prolif,0,0.05
7.629598247845291,42.99000000000295,IL2,il2_menten_prolif,0,0.05
7.611309170333105,43.000000000002956,IL2,il2_menten_prolif,0,0.05
7.593063933980548,43.01000000000296,IL2,il2_menten_prolif,0,0.05
7.574862433666068,43.02000000000296,IL2,il2_menten_prolif,0,0.05
7.556704564517144,43.03000000000296,IL2,il2_menten_prolif,0,0.05
7.538590221909581,43.04000000000296,IL2,il2_menten_prolif,0,0.05
7.520519301466833,43.05000000000297,IL2,il2_menten_prolif,0,0.05
7.502491699059245,43.060000000002965,IL2,il2_menten_prolif,0,0.05
7.484507310803327,43.07000000000296,IL2,il2_menten_prolif,0,0.05
7.466566033061045,43.08000000000297,IL2,il2_menten_prolif,0,0.05
7.44866776243914,43.09000000000297,IL2,il2_menten_prolif,0,0.05
7.430812395788388,43.10000000000297,IL2,il2_menten_prolif,0,0.05
7.412999830202848,43.11000000000297,IL2,il2_menten_prolif,0,0.05
7.395229963019181,43.120000000002975,IL2,il2_menten_prolif,0,0.05
7.377502692080053,43.13000000000298,IL2,il2_menten_prolif,0,0.05
7.359817915654048,43.14000000000298,IL2,il2_menten_prolif,0,0.05
7.342175531885168,43.150000000002976,IL2,il2_menten_prolif,0,0.05
7.324575439156948,43.16000000000298,IL2,il2_menten_prolif,0,0.05
7.307017536095987,43.170000000002986,IL2,il2_menten_prolif,0,0.05
7.289501721571287,43.180000000002984,IL2,il2_menten_prolif,0,0.05
7.27202789469359,43.19000000000298,IL2,il2_menten_prolif,0,0.05
7.2545959548147625,43.20000000000299,IL2,il2_menten_prolif,0,0.05
7.2372058015271845,43.21000000000299,IL2,il2_menten_prolif,0,0.05
7.219857334663086,43.22000000000299,IL2,il2_menten_prolif,0,0.05
7.202550454293883,43.23000000000299,IL2,il2_menten_prolif,0,0.05
7.185285060729571,43.24000000000299,IL2,il2_menten_prolif,0,0.05
7.168061054518098,43.250000000003,IL2,il2_menten_prolif,0,0.05
7.150878336444716,43.260000000003,IL2,il2_menten_prolif,0,0.05
7.133736807531314,43.270000000002995,IL2,il2_menten_prolif,0,0.05
7.1166363690358025,43.280000000003,IL2,il2_menten_prolif,0,0.05
7.099576922451497,43.290000000003005,IL2,il2_menten_prolif,0,0.05
7.082558369506466,43.300000000003,IL2,il2_menten_prolif,0,0.05
7.065580612162859,43.310000000003,IL2,il2_menten_prolif,0,0.05
7.048643552616298,43.320000000003006,IL2,il2_menten_prolif,0,0.05
7.03174709329526,43.33000000000301,IL2,il2_menten_prolif,0,0.05
7.01489113686042,43.34000000000301,IL2,il2_menten_prolif,0,0.05
6.998075586203987,43.35000000000301,IL2,il2_menten_prolif,0,0.05
6.9813003444490835,43.36000000000301,IL2,il2_menten_prolif,0,0.05
6.9645653149491435,43.37000000000302,IL2,il2_menten_prolif,0,0.05
6.947870401287242,43.380000000003015,IL2,il2_menten_prolif,0,0.05
6.931215507275435,43.39000000000301,IL2,il2_menten_prolif,0,0.05
6.914600536954148,43.40000000000302,IL2,il2_menten_prolif,0,0.05
6.898025394591556,43.41000000000302,IL2,il2_menten_prolif,0,0.05
6.881489984682936,43.42000000000302,IL2,il2_menten_prolif,0,0.05
6.864994211949982,43.43000000000302,IL2,il2_menten_prolif,0,0.05
6.848537981340211,43.440000000003025,IL2,il2_menten_prolif,0,0.05
6.832121198080913,43.45000000000303,IL2,il2_menten_prolif,0,0.05
6.815743767697642,43.46000000000303,IL2,il2_menten_prolif,0,0.05
6.799405595888485,43.470000000003026,IL2,il2_menten_prolif,0,0.05
6.783106588587508,43.48000000000303,IL2,il2_menten_prolif,0,0.05
6.766846651966219,43.490000000003036,IL2,il2_menten_prolif,0,0.05
6.750625692433918,43.500000000003034,IL2,il2_menten_prolif,0,0.05
6.73444361663803,43.51000000000303,IL2,il2_menten_prolif,0,0.05
6.7183003314644765,43.52000000000304,IL2,il2_menten_prolif,0,0.05
6.702195743931362,43.53000000000304,IL2,il2_menten_prolif,0,0.05
6.686129761148322,43.54000000000304,IL2,il2_menten_prolif,0,0.05
6.670102290566555,43.55000000000304,IL2,il2_menten_prolif,0,0.05
6.654113239852244,43.56000000000304,IL2,il2_menten_prolif,0,0.05
6.638162516882584,43.57000000000305,IL2,il2_menten_prolif,0,0.05
6.622250029744164,43.58000000000305,IL2,il2_menten_prolif,0,0.05
6.60637568673131,43.590000000003045,IL2,il2_menten_prolif,0,0.05
6.590539396344513,43.60000000000305,IL2,il2_menten_prolif,0,0.05
6.574741067366955,43.610000000003055,IL2,il2_menten_prolif,0,0.05
6.558980608895586,43.62000000000305,IL2,il2_menten_prolif,0,0.05
6.5432579301526825,43.63000000000305,IL2,il2_menten_prolif,0,0.05
6.527572940578603,43.640000000003056,IL2,il2_menten_prolif,0,0.05
6.511925549833535,43.65000000000306,IL2,il2_menten_prolif,0,0.05
6.496315667797314,43.66000000000306,IL2,il2_menten_prolif,0,0.05
6.4807432045692615,43.67000000000306,IL2,il2_menten_prolif,0,0.05
6.465208070468043,43.68000000000306,IL2,il2_menten_prolif,0,0.05
6.449710176010859,43.69000000000307,IL2,il2_menten_prolif,0,0.05
6.43424943190392,43.700000000003065,IL2,il2_menten_prolif,0,0.05
6.418825749092731,43.71000000000306,IL2,il2_menten_prolif,0,0.05
6.403439038736655,43.72000000000307,IL2,il2_menten_prolif,0,0.05
6.388089212207847,43.73000000000307,IL2,il2_menten_prolif,0,0.05
6.372776181090689,43.74000000000307,IL2,il2_menten_prolif,0,0.05
6.357499857181231,43.75000000000307,IL2,il2_menten_prolif,0,0.05
6.34226015248666,43.760000000003075,IL2,il2_menten_prolif,0,0.05
6.32705697922632,43.77000000000308,IL2,il2_menten_prolif,0,0.05
6.311890249831919,43.78000000000308,IL2,il2_menten_prolif,0,0.05
6.296759876943089,43.790000000003076,IL2,il2_menten_prolif,0,0.05
6.281665773408801,43.80000000000308,IL2,il2_menten_prolif,0,0.05
6.266607852286911,43.810000000003086,IL2,il2_menten_prolif,0,0.05
6.25158602684362,43.820000000003084,IL2,il2_menten_prolif,0,0.05
6.236600210552947,43.83000000000308,IL2,il2_menten_prolif,0,0.05
6.221650317096227,43.84000000000309,IL2,il2_menten_prolif,0,0.05
6.206736260282781,43.85000000000309,IL2,il2_menten_prolif,0,0.05
6.191857954408852,43.86000000000309,IL2,il2_menten_prolif,0,0.05
6.177015313634181,43.87000000000309,IL2,il2_menten_prolif,0,0.05
6.162208252473244,43.88000000000309,IL2,il2_menten_prolif,0,0.05
6.1474366856428215,43.8900000000031,IL2,il2_menten_prolif,0,0.05
6.132700528061973,43.9000000000031,IL2,il2_menten_prolif,0,0.05
6.117999694852023,43.910000000003095,IL2,il2_menten_prolif,0,0.05
6.103334101336582,43.9200000000031,IL2,il2_menten_prolif,0,0.05
6.088703663040986,43.930000000003105,IL2,il2_menten_prolif,0,0.05
6.074108295691998,43.9400000000031,IL2,il2_menten_prolif,0,0.05
6.059547915219363,43.9500000000031,IL2,il2_menten_prolif,0,0.05
6.0450224377550414,43.960000000003106,IL2,il2_menten_prolif,0,0.05
6.03053177963322,43.97000000000311,IL2,il2_menten_prolif,0,0.05
6.016075857390288,43.98000000000311,IL2,il2_menten_prolif,0,0.05
6.001654587764822,43.99000000000311,IL2,il2_menten_prolif,0,0.05
5.987267887695657,44.00000000000311,IL2,il2_menten_prolif,0,0.05
5.972915674296814,44.01000000000312,IL2,il2_menten_prolif,0,0.05
5.958597864892292,44.020000000003115,IL2,il2_menten_prolif,0,0.05
5.9443143770131215,44.03000000000311,IL2,il2_menten_prolif,0,0.05
5.930065128390787,44.04000000000312,IL2,il2_menten_prolif,0,0.05
5.915850036957239,44.05000000000312,IL2,il2_menten_prolif,0,0.05
5.9016690208448885,44.06000000000312,IL2,il2_menten_prolif,0,0.05
5.88752199838657,44.07000000000312,IL2,il2_menten_prolif,0,0.05
5.873408888090548,44.080000000003125,IL2,il2_menten_prolif,0,0.05
5.8593296086293165,44.09000000000313,IL2,il2_menten_prolif,0,0.05
5.845284078906007,44.10000000000313,IL2,il2_menten_prolif,0,0.05
5.831272218021608,44.110000000003126,IL2,il2_menten_prolif,0,0.05
5.817293945274123,44.12000000000313,IL2,il2_menten_prolif,0,0.05
5.803349180158609,44.130000000003136,IL2,il2_menten_prolif,0,0.05
5.789437842367159,44.140000000003134,IL2,il2_menten_prolif,0,0.05
5.775559851784966,44.15000000000313,IL2,il2_menten_prolif,0,0.05
5.76171512844005,44.16000000000314,IL2,il2_menten_prolif,0,0.05
5.747903592573055,44.17000000000314,IL2,il2_menten_prolif,0,0.05
5.734125164631374,44.18000000000314,IL2,il2_menten_prolif,0,0.05
5.720379765255901,44.19000000000314,IL2,il2_menten_prolif,0,0.05
5.706667315281049,44.20000000000314,IL2,il2_menten_prolif,0,0.05
5.692987735734758,44.21000000000315,IL2,il2_menten_prolif,0,0.05
5.67934094783849,44.22000000000315,IL2,il2_menten_prolif,0,0.05
5.665726857369796,44.230000000003145,IL2,il2_menten_prolif,0,0.05
5.652145424565033,44.24000000000315,IL2,il2_menten_prolif,0,0.05
5.638596545053481,44.250000000003155,IL2,il2_menten_prolif,0,0.05
5.6250801417780725,44.26000000000315,IL2,il2_menten_prolif,0,0.05
5.611596137681725,44.27000000000315,IL2,il2_menten_prolif,0,0.05
5.598144455707352,44.280000000003156,IL2,il2_menten_prolif,0,0.05
5.584725018797891,44.29000000000316,IL2,il2_menten_prolif,0,0.05
5.571337749966289,44.30000000000316,IL2,il2_menten_prolif,0,0.05
5.557982573127543,44.31000000000316,IL2,il2_menten_prolif,0,0.05
5.544659411740287,44.32000000000316,IL2,il2_menten_prolif,0,0.05
5.531368189010608,44.33000000000317,IL2,il2_menten_prolif,0,0.05
5.5181088281445785,44.340000000003165,IL2,il2_menten_prolif,0,0.05
5.504881252348266,44.35000000000316,IL2,il2_menten_prolif,0,0.05
5.491685384827731,44.36000000000317,IL2,il2_menten_prolif,0,0.05
5.478521148789053,44.370000000003174,IL2,il2_menten_prolif,0,0.05
5.465388467438313,44.38000000000317,IL2,il2_menten_prolif,0,0.05
5.4522872640745454,44.39000000000317,IL2,il2_menten_prolif,0,0.05
5.439217466346548,44.400000000003175,IL2,il2_menten_prolif,0,0.05
5.4261790009055275,44.41000000000318,IL2,il2_menten_prolif,0,0.05
5.413171792344736,44.42000000000318,IL2,il2_menten_prolif,0,0.05
5.400195765257411,44.430000000003176,IL2,il2_menten_prolif,0,0.05
5.387250844236794,44.44000000000318,IL2,il2_menten_prolif,0,0.05
5.374336953876135,44.450000000003186,IL2,il2_menten_prolif,0,0.05
5.361454018768693,44.460000000003184,IL2,il2_menten_prolif,0,0.05
5.348601963507704,44.47000000000318,IL2,il2_menten_prolif,0,0.05
5.335780712686448,44.48000000000319,IL2,il2_menten_prolif,0,0.05
5.322990194960994,44.49000000000319,IL2,il2_menten_prolif,0,0.05
5.310230340032219,44.50000000000319,IL2,il2_menten_prolif,0,0.05
5.297501074134868,44.51000000000319,IL2,il2_menten_prolif,0,0.05
5.28480232350368,44.52000000000319,IL2,il2_menten_prolif,0,0.05
5.2721340143734166,44.5300000000032,IL2,il2_menten_prolif,0,0.05
5.259496072978838,44.5400000000032,IL2,il2_menten_prolif,0,0.05
5.246888425554683,44.550000000003195,IL2,il2_menten_prolif,0,0.05
5.234310998335696,44.5600000000032,IL2,il2_menten_prolif,0,0.05
5.221763717556634,44.570000000003205,IL2,il2_menten_prolif,0,0.05
5.209246547311812,44.5800000000032,IL2,il2_menten_prolif,0,0.05
5.196759335383961,44.5900000000032,IL2,il2_menten_prolif,0,0.05
5.184302063623275,44.600000000003206,IL2,il2_menten_prolif,0,0.05
5.171874658673657,44.61000000000321,IL2,il2_menten_prolif,0,0.05
5.159477047354102,44.62000000000321,IL2,il2_menten_prolif,0,0.05
5.147109156658686,44.63000000000321,IL2,il2_menten_prolif,0,0.05
5.1347709137565865,44.64000000000321,IL2,il2_menten_prolif,0,0.05
5.122462245992091,44.65000000000322,IL2,il2_menten_prolif,0,0.05
5.110183080884589,44.660000000003215,IL2,il2_menten_prolif,0,0.05
5.097933347777909,44.67000000000321,IL2,il2_menten_prolif,0,0.05
5.085712980308292,44.68000000000322,IL2,il2_menten_prolif,0,0.05
5.073521907933921,44.690000000003224,IL2,il2_menten_prolif,0,0.05
5.061360059950452,44.70000000000322,IL2,il2_menten_prolif,0,0.05
5.049227365873403,44.71000000000322,IL2,il2_menten_prolif,0,0.05
5.03712375543818,44.720000000003225,IL2,il2_menten_prolif,0,0.05
5.02504915860009,44.73000000000323,IL2,il2_menten_prolif,0,0.05
5.013003505534321,44.74000000000323,IL2,il2_menten_prolif,0,0.05
5.000986726635929,44.750000000003226,IL2,il2_menten_prolif,0,0.05
4.988998752519855,44.76000000000323,IL2,il2_menten_prolif,0,0.05
4.977039514020942,44.770000000003236,IL2,il2_menten_prolif,0,0.05
4.965108942193912,44.780000000003234,IL2,il2_menten_prolif,0,0.05
4.953206968313358,44.79000000000323,IL2,il2_menten_prolif,0,0.05
4.941333523873758,44.80000000000324,IL2,il2_menten_prolif,0,0.05
4.929488540589485,44.81000000000324,IL2,il2_menten_prolif,0,0.05
4.917671950394803,44.82000000000324,IL2,il2_menten_prolif,0,0.05
4.905883685443836,44.83000000000324,IL2,il2_menten_prolif,0,0.05
4.894123678110599,44.84000000000324,IL2,il2_menten_prolif,0,0.05
4.882391860989003,44.85000000000325,IL2,il2_menten_prolif,0,0.05
4.870688166892842,44.86000000000325,IL2,il2_menten_prolif,0,0.05
4.859012528855783,44.870000000003245,IL2,il2_menten_prolif,0,0.05
4.847364880131369,44.88000000000325,IL2,il2_menten_prolif,0,0.05
4.835745152635169,44.890000000003255,IL2,il2_menten_prolif,0,0.05
4.824153276682635,44.90000000000325,IL2,il2_menten_prolif,0,0.05
4.812589185458505,44.91000000000325,IL2,il2_menten_prolif,0,0.05
4.80105281241348,44.920000000003256,IL2,il2_menten_prolif,0,0.05
4.7895440911899305,44.93000000000326,IL2,il2_menten_prolif,0,0.05
4.778062955621881,44.94000000000326,IL2,il2_menten_prolif,0,0.05
4.766609339734989,44.95000000000326,IL2,il2_menten_prolif,0,0.05
4.755183177746565,44.96000000000326,IL2,il2_menten_prolif,0,0.05
4.743784404065584,44.97000000000327,IL2,il2_menten_prolif,0,0.05
4.732412953292676,44.980000000003265,IL2,il2_menten_prolif,0,0.05
4.7210687602201045,44.99000000000326,IL2,il2_menten_prolif,0,0.05
4.709751759831785,45.00000000000327,IL2,il2_menten_prolif,0,0.05
4.698461887303296,45.010000000003274,IL2,il2_menten_prolif,0,0.05
4.687199078001875,45.02000000000327,IL2,il2_menten_prolif,0,0.05
4.675963267486389,45.03000000000327,IL2,il2_menten_prolif,0,0.05
4.66475439150736,45.040000000003275,IL2,il2_menten_prolif,0,0.05
4.653572386006976,45.05000000000328,IL2,il2_menten_prolif,0,0.05
4.642417187119074,45.06000000000328,IL2,il2_menten_prolif,0,0.05
4.631288731169131,45.070000000003276,IL2,il2_menten_prolif,0,0.05
4.620186954674271,45.08000000000328,IL2,il2_menten_prolif,0,0.05
4.609111794343289,45.090000000003286,IL2,il2_menten_prolif,0,0.05
4.598063187076628,45.100000000003284,IL2,il2_menten_prolif,0,0.05
4.587041067241544,45.11000000000328,IL2,il2_menten_prolif,0,0.05
4.576045368483716,45.12000000000329,IL2,il2_menten_prolif,0,0.05
4.565076027454062,45.13000000000329,IL2,il2_menten_prolif,0,0.05
4.554132980963415,45.14000000000329,IL2,il2_menten_prolif,0,0.05
4.543216165979032,45.15000000000329,IL2,il2_menten_prolif,0,0.05
4.532325519624614,45.16000000000329,IL2,il2_menten_prolif,0,0.05
4.521460979180316,45.1700000000033,IL2,il2_menten_prolif,0,0.05
4.510622482082734,45.1800000000033,IL2,il2_menten_prolif,0,0.05
4.499809965924893,45.190000000003295,IL2,il2_menten_prolif,0,0.05
4.489023368456257,45.2000000000033,IL2,il2_menten_prolif,0,0.05
4.478262627582745,45.210000000003305,IL2,il2_menten_prolif,0,0.05
4.467527681366722,45.2200000000033,IL2,il2_menten_prolif,0,0.05
4.456818468026972,45.2300000000033,IL2,il2_menten_prolif,0,0.05
4.446134925938727,45.240000000003306,IL2,il2_menten_prolif,0,0.05
4.435476993633673,45.25000000000331,IL2,il2_menten_prolif,0,0.05
4.424844609799935,45.26000000000331,IL2,il2_menten_prolif,0,0.05
4.414237713282069,45.27000000000331,IL2,il2_menten_prolif,0,0.05
4.403656243081066,45.28000000000331,IL2,il2_menten_prolif,0,0.05
4.393100138354377,45.29000000000332,IL2,il2_menten_prolif,0,0.05
4.382569338415897,45.300000000003315,IL2,il2_menten_prolif,0,0.05
4.3720637827359425,45.31000000000331,IL2,il2_menten_prolif,0,0.05
4.3615834109334966,45.32000000000332,IL2,il2_menten_prolif,0,0.05
4.351128162015617,45.330000000003324,IL2,il2_menten_prolif,0,0.05
4.340697975283456,45.34000000000332,IL2,il2_menten_prolif,0,0.05
4.330292790651885,45.35000000000332,IL2,il2_menten_prolif,0,0.05
4.31991254818449,45.360000000003325,IL2,il2_menten_prolif,0,0.05
4.309557188093586,45.37000000000333,IL2,il2_menten_prolif,0,0.05
4.299226650740213,45.38000000000333,IL2,il2_menten_prolif,0,0.05
4.288920876634113,45.390000000003326,IL2,il2_menten_prolif,0,0.05
4.278639806433743,45.40000000000333,IL2,il2_menten_prolif,0,0.05
4.268383380946295,45.410000000003336,IL2,il2_menten_prolif,0,0.05
4.258151541127681,45.420000000003334,IL2,il2_menten_prolif,0,0.05
4.247944228082515,45.43000000000333,IL2,il2_menten_prolif,0,0.05
4.23776138306413,45.44000000000334,IL2,il2_menten_prolif,0,0.05
4.2276029474745895,45.45000000000334,IL2,il2_menten_prolif,0,0.05
4.2174688628646795,45.46000000000334,IL2,il2_menten_prolif,0,0.05
4.207359070933888,45.47000000000334,IL2,il2_menten_prolif,0,0.05
4.197273513530422,45.48000000000334,IL2,il2_menten_prolif,0,0.05
4.187212132651217,45.49000000000335,IL2,il2_menten_prolif,0,0.05
4.1771748704419345,45.50000000000335,IL2,il2_menten_prolif,0,0.05
4.167161669196931,45.510000000003345,IL2,il2_menten_prolif,0,0.05
4.15717247135929,45.52000000000335,IL2,il2_menten_prolif,0,0.05
4.147207219520823,45.530000000003355,IL2,il2_menten_prolif,0,0.05
4.137265870069262,45.54000000000335,IL2,il2_menten_prolif,0,0.05
4.127348334729494,45.55000000000335,IL2,il2_menten_prolif,0,0.05
4.117454573132145,45.560000000003356,IL2,il2_menten_prolif,0,0.05
4.107584528212658,45.57000000000336,IL2,il2_menten_prolif,0,0.05
4.097738143054406,45.58000000000336,IL2,il2_menten_prolif,0,0.05
4.087915360888329,45.59000000000336,IL2,il2_menten_prolif,0,0.05
4.078116125092591,45.60000000000336,IL2,il2_menten_prolif,0,0.05
4.068340379192249,45.61000000000337,IL2,il2_menten_prolif,0,0.05
4.05858806685889,45.620000000003365,IL2,il2_menten_prolif,0,0.05
4.048859131910264,45.63000000000336,IL2,il2_menten_prolif,0,0.05
4.039153518309945,45.64000000000337,IL2,il2_menten_prolif,0,0.05
4.029471170167007,45.650000000003374,IL2,il2_menten_prolif,0,0.05
4.019812031735644,45.66000000000337,IL2,il2_menten_prolif,0,0.05
4.010176047414822,45.67000000000337,IL2,il2_menten_prolif,0,0.05
4.00056316174793,45.680000000003375,IL2,il2_menten_prolif,0,0.05
3.99097331942245,45.69000000000338,IL2,il2_menten_prolif,0,0.05
3.981406465269596,45.70000000000338,IL2,il2_menten_prolif,0,0.05
3.971862544263942,45.710000000003376,IL2,il2_menten_prolif,0,0.05
3.9623415015230945,45.72000000000338,IL2,il2_menten_prolif,0,0.05
3.9528432823073505,45.730000000003386,IL2,il2_menten_prolif,0,0.05
3.943367832019338,45.740000000003384,IL2,il2_menten_prolif,0,0.05
3.933915096203648,45.75000000000338,IL2,il2_menten_prolif,0,0.05
3.9244850204156165,45.76000000000339,IL2,il2_menten_prolif,0,0.05
3.915077549261343,45.77000000000339,IL2,il2_menten_prolif,0,0.05
3.905692628286152,45.78000000000339,IL2,il2_menten_prolif,0,0.05
3.89633020343871,45.79000000000339,IL2,il2_menten_prolif,0,0.05
3.8869902208013762,45.80000000000339,IL2,il2_menten_prolif,0,0.05
3.8776726265897494,45.8100000000034,IL2,il2_menten_prolif,0,0.05
3.868377367152208,45.8200000000034,IL2,il2_menten_prolif,0,0.05
3.8591043889694263,45.830000000003395,IL2,il2_menten_prolif,0,0.05
3.8498536386539377,45.8400000000034,IL2,il2_menten_prolif,0,0.05
3.8406250629496856,45.850000000003405,IL2,il2_menten_prolif,0,0.05
3.8314186087315525,45.8600000000034,IL2,il2_menten_prolif,0,0.05
3.8222342230048914,45.8700000000034,IL2,il2_menten_prolif,0,0.05
3.8130718529050736,45.880000000003406,IL2,il2_menten_prolif,0,0.05
3.803931445697052,45.89000000000341,IL2,il2_menten_prolif,0,0.05
3.794812948774884,45.90000000000341,IL2,il2_menten_prolif,0,0.05
3.7857163096612627,45.91000000000341,IL2,il2_menten_prolif,0,0.05
3.7766414760070712,45.92000000000341,IL2,il2_menten_prolif,0,0.05
3.767588395590934,45.93000000000342,IL2,il2_menten_prolif,0,0.05
3.758557016318751,45.940000000003415,IL2,il2_menten_prolif,0,0.05
3.7495472862232226,45.95000000000341,IL2,il2_menten_prolif,0,0.05
3.740559153463405,45.96000000000342,IL2,il2_menten_prolif,0,0.05
3.7315925663242684,45.970000000003424,IL2,il2_menten_prolif,0,0.05
3.7226474732162176,45.98000000000342,IL2,il2_menten_prolif,0,0.05
3.7137238226746296,45.99000000000342,IL2,il2_menten_prolif,0,0.05
3.704821563359401,46.000000000003425,IL2,il2_menten_prolif,0,0.05
3.6959406440545086,46.01000000000343,IL2,il2_menten_prolif,0,0.05
3.6870810136675347,46.02000000000343,IL2,il2_menten_prolif,0,0.05
3.678242621229195,46.030000000003426,IL2,il2_menten_prolif,0,0.05
3.669425415892896,46.04000000000343,IL2,il2_menten_prolif,0,0.05
3.6606293469342894,46.050000000003436,IL2,il2_menten_prolif,0,0.05
3.6518543637507963,46.060000000003434,IL2,il2_menten_prolif,0,0.05
3.643100415861143,46.07000000000343,IL2,il2_menten_prolif,0,0.05
3.6343674529049093,46.08000000000344,IL2,il2_menten_prolif,0,0.05
3.625655424642088,46.09000000000344,IL2,il2_menten_prolif,0,0.05
3.616964280952608,46.10000000000344,IL2,il2_menten_prolif,0,0.05
3.608293971835873,46.11000000000344,IL2,il2_menten_prolif,0,0.05
3.5996444474103013,46.120000000003444,IL2,il2_menten_prolif,0,0.05
3.591015657912893,46.13000000000345,IL2,il2_menten_prolif,0,0.05
3.582407553698756,46.14000000000345,IL2,il2_menten_prolif,0,0.05
3.573820085134,46.150000000003445,IL2,il2_menten_prolif,0,0.05
3.5652532025676145,46.16000000000345,IL2,il2_menten_prolif,0,0.05
3.5567068566664117,46.170000000003455,IL2,il2_menten_prolif,0,0.05
3.5481809982189896,46.18000000000345,IL2,il2_menten_prolif,0,0.05
3.5396755781283566,46.19000000000345,IL2,il2_menten_prolif,0,0.05
3.531190547411466,46.200000000003456,IL2,il2_menten_prolif,0,0.05
3.5227258571987496,46.21000000000346,IL2,il2_menten_prolif,0,0.05
3.514281458733619,46.22000000000346,IL2,il2_menten_prolif,0,0.05
3.5058573033719775,46.23000000000346,IL2,il2_menten_prolif,0,0.05
3.497453342581747,46.24000000000346,IL2,il2_menten_prolif,0,0.05
3.4890695279424015,46.25000000000347,IL2,il2_menten_prolif,0,0.05
3.4807058111444715,46.260000000003465,IL2,il2_menten_prolif,0,0.05
3.472362143989055,46.27000000000346,IL2,il2_menten_prolif,0,0.05
3.46403847838734,46.28000000000347,IL2,il2_menten_prolif,0,0.05
3.4557347663601474,46.290000000003474,IL2,il2_menten_prolif,0,0.05
3.4474509600374277,46.30000000000347,IL2,il2_menten_prolif,0,0.05
3.4391870116577694,46.31000000000347,IL2,il2_menten_prolif,0,0.05
3.4309428735679353,46.320000000003475,IL2,il2_menten_prolif,0,0.05
3.422718498222387,46.33000000000348,IL2,il2_menten_prolif,0,0.05
3.414513838182797,46.34000000000348,IL2,il2_menten_prolif,0,0.05
3.406328846117549,46.350000000003476,IL2,il2_menten_prolif,0,0.05
3.398163474801277,46.36000000000348,IL2,il2_menten_prolif,0,0.05
3.390017677114387,46.370000000003486,IL2,il2_menten_prolif,0,0.05
3.3818914060425715,46.380000000003484,IL2,il2_menten_prolif,0,0.05
3.373784614676313,46.39000000000348,IL2,il2_menten_prolif,0,0.05
3.3656972562104155,46.40000000000349,IL2,il2_menten_prolif,0,0.05
3.3576292839435316,46.41000000000349,IL2,il2_menten_prolif,0,0.05
3.349580651277675,46.42000000000349,IL2,il2_menten_prolif,0,0.05
3.341551311717726,46.43000000000349,IL2,il2_menten_prolif,0,0.05
3.3335412188709594,46.440000000003494,IL2,il2_menten_prolif,0,0.05
3.325550326446576,46.4500000000035,IL2,il2_menten_prolif,0,0.05
3.3175785882552127,46.4600000000035,IL2,il2_menten_prolif,0,0.05
3.309625958208446,46.470000000003495,IL2,il2_menten_prolif,0,0.05
3.3016923903183244,46.4800000000035,IL2,il2_menten_prolif,0,0.05
3.293777838696897,46.490000000003505,IL2,il2_menten_prolif,0,0.05
3.285882257555724,46.5000000000035,IL2,il2_menten_prolif,0,0.05
3.278005601205379,46.5100000000035,IL2,il2_menten_prolif,0,0.05
3.270147824054985,46.520000000003506,IL2,il2_menten_prolif,0,0.05
3.262308880638666,46.53000000000351,IL2,il2_menten_prolif,0,0.05
3.2544887266818097,46.54000000000351,IL2,il2_menten_prolif,0,0.05
3.2466873177220714,46.55000000000351,IL2,il2_menten_prolif,0,0.05
3.23890460891423,46.56000000000351,IL2,il2_menten_prolif,0,0.05
3.231140555531687,46.57000000000352,IL2,il2_menten_prolif,0,0.05
3.2233951129664575,46.580000000003515,IL2,il2_menten_prolif,0,0.05
3.2156682367291527,46.59000000000351,IL2,il2_menten_prolif,0,0.05
3.207959882449001,46.60000000000352,IL2,il2_menten_prolif,0,0.05
3.2002700058738505,46.610000000003524,IL2,il2_menten_prolif,0,0.05
3.1925985628701605,46.62000000000352,IL2,il2_menten_prolif,0,0.05
3.1849455094229926,46.63000000000352,IL2,il2_menten_prolif,0,0.05
3.1773108016360196,46.640000000003525,IL2,il2_menten_prolif,0,0.05
3.169694395731537,46.65000000000353,IL2,il2_menten_prolif,0,0.05
3.162096248050453,46.66000000000353,IL2,il2_menten_prolif,0,0.05
3.1545163150522737,46.670000000003526,IL2,il2_menten_prolif,0,0.05
3.1469545532677854,46.68000000000353,IL2,il2_menten_prolif,0,0.05
3.1394109184041623,46.690000000003536,IL2,il2_menten_prolif,0,0.05
3.131885366672586,46.700000000003534,IL2,il2_menten_prolif,0,0.05
3.124377854715606,46.71000000000353,IL2,il2_menten_prolif,0,0.05
3.116888339276917,46.72000000000354,IL2,il2_menten_prolif,0,0.05
3.1094167772013686,46.73000000000354,IL2,il2_menten_prolif,0,0.05
3.1019631254349513,46.74000000000354,IL2,il2_menten_prolif,0,0.05
3.094527341024795,46.75000000000354,IL2,il2_menten_prolif,0,0.05
3.08710938111917,46.760000000003544,IL2,il2_menten_prolif,0,0.05
3.0797092029675026,46.77000000000355,IL2,il2_menten_prolif,0,0.05
3.072326763920365,46.78000000000355,IL2,il2_menten_prolif,0,0.05
3.0649620214294617,46.790000000003545,IL2,il2_menten_prolif,0,0.05
3.0576149330476428,46.80000000000355,IL2,il2_menten_prolif,0,0.05
3.0502854564289135,46.810000000003555,IL2,il2_menten_prolif,0,0.05
3.042973549328422,46.82000000000355,IL2,il2_menten_prolif,0,0.05
3.035679169609545,46.83000000000355,IL2,il2_menten_prolif,0,0.05
3.028402275319675,46.840000000003556,IL2,il2_menten_prolif,0,0.05
3.021142824563338,46.85000000000356,IL2,il2_menten_prolif,0,0.05
3.0139007755254146,46.86000000000356,IL2,il2_menten_prolif,0,0.05
3.0066760864934188,46.87000000000356,IL2,il2_menten_prolif,0,0.05
2.99946871585751,46.88000000000356,IL2,il2_menten_prolif,0,0.05
2.9922786221105016,46.89000000000357,IL2,il2_menten_prolif,0,0.05
2.9851057638478524,46.900000000003566,IL2,il2_menten_prolif,0,0.05
2.9779500997676536,46.91000000000356,IL2,il2_menten_prolif,0,0.05
2.970811588670645,46.92000000000357,IL2,il2_menten_prolif,0,0.05
2.9636901894602166,46.930000000003574,IL2,il2_menten_prolif,0,0.05
2.9565858611424045,46.94000000000357,IL2,il2_menten_prolif,0,0.05
2.949498562825881,46.95000000000357,IL2,il2_menten_prolif,0,0.05
2.942428253721961,46.960000000003575,IL2,il2_menten_prolif,0,0.05
2.9353748931446155,46.97000000000358,IL2,il2_menten_prolif,0,0.05
2.928338440484057,46.98000000000358,IL2,il2_menten_prolif,0,0.05
2.9213188550348885,46.990000000003576,IL2,il2_menten_prolif,0,0.05
2.9143160963211225,47.00000000000358,IL2,il2_menten_prolif,0,0.05
2.9073301240065064,47.010000000003586,IL2,il2_menten_prolif,0,0.05
2.9003608978538216,47.020000000003584,IL2,il2_menten_prolif,0,0.05
2.8934083777248807,47.03000000000358,IL2,il2_menten_prolif,0,0.05
2.8864725235805295,47.04000000000359,IL2,il2_menten_prolif,0,0.05
2.879553295480662,47.05000000000359,IL2,il2_menten_prolif,0,0.05
2.872650653584209,47.06000000000359,IL2,il2_menten_prolif,0,0.05
2.8657645581491265,47.07000000000359,IL2,il2_menten_prolif,0,0.05
2.8588949695324115,47.080000000003594,IL2,il2_menten_prolif,0,0.05
2.8520418481901024,47.0900000000036,IL2,il2_menten_prolif,0,0.05
2.8452051546772776,47.1000000000036,IL2,il2_menten_prolif,0,0.05
2.8383848496480426,47.110000000003595,IL2,il2_menten_prolif,0,0.05
2.831580893855537,47.1200000000036,IL2,il2_menten_prolif,0,0.05
2.824793077312438,47.130000000003605,IL2,il2_menten_prolif,0,0.05
2.8180217451022274,47.1400000000036,IL2,il2_menten_prolif,0,0.05
2.8112666360637704,47.1500000000036,IL2,il2_menten_prolif,0,0.05
2.8045277125189103,47.160000000003606,IL2,il2_menten_prolif,0,0.05
2.7978049367895004,47.17000000000361,IL2,il2_menten_prolif,0,0.05
2.791098271197395,47.18000000000361,IL2,il2_menten_prolif,0,0.05
2.7844076780644373,47.19000000000361,IL2,il2_menten_prolif,0,0.05
2.7777331197124706,47.20000000000361,IL2,il2_menten_prolif,0,0.05
2.7710745584633494,47.21000000000362,IL2,il2_menten_prolif,0,0.05
2.7644319566389264,47.220000000003616,IL2,il2_menten_prolif,0,0.05
2.7578052765610446,47.23000000000361,IL2,il2_menten_prolif,0,0.05
2.7511944805515496,47.24000000000362,IL2,il2_menten_prolif,0,0.05
2.744599530932294,47.250000000003624,IL2,il2_menten_prolif,0,0.05
2.738020390025131,47.26000000000362,IL2,il2_menten_prolif,0,0.05
2.731457020151904,47.27000000000362,IL2,il2_menten_prolif,0,0.05
2.7249093837171046,47.280000000003625,IL2,il2_menten_prolif,0,0.05
2.718377443413272,47.29000000000363,IL2,il2_menten_prolif,0,0.05
2.7118611616877812,47.30000000000363,IL2,il2_menten_prolif,0,0.05
2.705360500955976,47.310000000003626,IL2,il2_menten_prolif,0,0.05
2.698875423633196,47.32000000000363,IL2,il2_menten_prolif,0,0.05
2.6924058921347944,47.330000000003636,IL2,il2_menten_prolif,0,0.05
2.6859518688761206,47.340000000003634,IL2,il2_menten_prolif,0,0.05
2.6795133162725167,47.35000000000363,IL2,il2_menten_prolif,0,0.05
2.673090196739325,47.36000000000364,IL2,il2_menten_prolif,0,0.05
2.6666824730046796,47.37000000000364,IL2,il2_menten_prolif,0,0.05
2.6602901101192895,47.38000000000364,IL2,il2_menten_prolif,0,0.05
2.6539130716448964,47.39000000000364,IL2,il2_menten_prolif,0,0.05
2.6475513206764965,47.400000000003644,IL2,il2_menten_prolif,0,0.05
2.641204820309095,47.41000000000365,IL2,il2_menten_prolif,0,0.05
2.6348735336376987,47.42000000000365,IL2,il2_menten_prolif,0,0.05
2.6285574237573037,47.430000000003645,IL2,il2_menten_prolif,0,0.05
2.6222564537629083,47.44000000000365,IL2,il2_menten_prolif,0,0.05
2.615970586749517,47.450000000003655,IL2,il2_menten_prolif,0,0.05
2.609699785953566,47.46000000000365,IL2,il2_menten_prolif,0,0.05
2.6034440173130977,47.47000000000365,IL2,il2_menten_prolif,0,0.05
2.5972032456445096,47.480000000003656,IL2,il2_menten_prolif,0,0.05
2.5909774348461623,47.49000000000366,IL2,il2_menten_prolif,0,0.05
2.5847665488164164,47.50000000000366,IL2,il2_menten_prolif,0,0.05
2.5785705514536263,47.51000000000366,IL2,il2_menten_prolif,0,0.05
2.572389406656143,47.52000000000366,IL2,il2_menten_prolif,0,0.05
2.56622307832233,47.53000000000367,IL2,il2_menten_prolif,0,0.05
2.560071530350546,47.540000000003666,IL2,il2_menten_prolif,0,0.05
2.553934750706267,47.550000000003664,IL2,il2_menten_prolif,0,0.05
2.547812648534263,47.56000000000367,IL2,il2_menten_prolif,0,0.05
2.5417052256798196,47.570000000003674,IL2,il2_menten_prolif,0,0.05
2.535612446179075,47.58000000000367,IL2,il2_menten_prolif,0,0.05
2.5295342741538542,47.59000000000367,IL2,il2_menten_prolif,0,0.05
2.5234706738116777,47.600000000003675,IL2,il2_menten_prolif,0,0.05
2.5174216094457686,47.61000000000368,IL2,il2_menten_prolif,0,0.05
2.511387045435045,47.62000000000368,IL2,il2_menten_prolif,0,0.05
2.505366946244112,47.630000000003676,IL2,il2_menten_prolif,0,0.05
2.4993612764232678,47.64000000000368,IL2,il2_menten_prolif,0,0.05
2.4933700018725906,47.650000000003686,IL2,il2_menten_prolif,0,0.05
2.487393089249679,47.660000000003684,IL2,il2_menten_prolif,0,0.05
2.4814305039499946,47.67000000000368,IL2,il2_menten_prolif,0,0.05
2.4754822114852852,47.68000000000369,IL2,il2_menten_prolif,0,0.05
2.4695481774882326,47.69000000000369,IL2,il2_menten_prolif,0,0.05
2.4636283677124395,47.70000000000369,IL2,il2_menten_prolif,0,0.05
2.4577227480324253,47.71000000000369,IL2,il2_menten_prolif,0,0.05
2.4518312844436307,47.720000000003694,IL2,il2_menten_prolif,0,0.05
2.44595394306243,47.7300000000037,IL2,il2_menten_prolif,0,0.05
2.4400906901261203,47.7400000000037,IL2,il2_menten_prolif,0,0.05
2.4342414919929123,47.750000000003695,IL2,il2_menten_prolif,0,0.05
2.4284063151419413,47.7600000000037,IL2,il2_menten_prolif,0,0.05
2.4225851261732734,47.770000000003705,IL2,il2_menten_prolif,0,0.05
2.4167778918078993,47.7800000000037,IL2,il2_menten_prolif,0,0.05
2.4109845788877227,47.7900000000037,IL2,il2_menten_prolif,0,0.05
2.405205153725217,47.800000000003706,IL2,il2_menten_prolif,0,0.05
2.3994395819443746,47.81000000000371,IL2,il2_menten_prolif,0,0.05
2.393687830325728,47.82000000000371,IL2,il2_menten_prolif,0,0.05
2.387949865775828,47.83000000000371,IL2,il2_menten_prolif,0,0.05
2.3822256552981216,47.84000000000371,IL2,il2_menten_prolif,0,0.05
2.3765151659929638,47.85000000000372,IL2,il2_menten_prolif,0,0.05
2.370818365057603,47.860000000003716,IL2,il2_menten_prolif,0,0.05
2.365135219786177,47.870000000003714,IL2,il2_menten_prolif,0,0.05
2.359465697569723,47.88000000000372,IL2,il2_menten_prolif,0,0.05
2.3538097658961803,47.890000000003724,IL2,il2_menten_prolif,0,0.05
2.3481673923503874,47.90000000000372,IL2,il2_menten_prolif,0,0.05
2.3425385446140687,47.91000000000372,IL2,il2_menten_prolif,0,0.05
2.336923190465849,47.920000000003725,IL2,il2_menten_prolif,0,0.05
2.3313212977812556,47.93000000000373,IL2,il2_menten_prolif,0,0.05
2.3257328345327126,47.94000000000373,IL2,il2_menten_prolif,0,0.05
2.3201577684292376,47.950000000003726,IL2,il2_menten_prolif,0,0.05
2.314596066453419,47.96000000000373,IL2,il2_menten_prolif,0,0.05
2.3090476965055884,47.970000000003736,IL2,il2_menten_prolif,0,0.05
2.3035126266265014,47.980000000003734,IL2,il2_menten_prolif,0,0.05
2.2979908249353693,47.99000000000373,IL2,il2_menten_prolif,0,0.05
2.29248225962987,48.00000000000374,IL2,il2_menten_prolif,0,0.05
2.286986898986151,48.01000000000374,IL2,il2_menten_prolif,0,0.05
2.2815047113588287,48.02000000000374,IL2,il2_menten_prolif,0,0.05
2.2760356651809714,48.03000000000374,IL2,il2_menten_prolif,0,0.05
2.2705797289641154,48.040000000003744,IL2,il2_menten_prolif,0,0.05
2.2651368712982674,48.05000000000375,IL2,il2_menten_prolif,0,0.05
2.2597070608519023,48.06000000000375,IL2,il2_menten_prolif,0,0.05
2.254290266371947,48.070000000003745,IL2,il2_menten_prolif,0,0.05
2.248886456683796,48.08000000000375,IL2,il2_menten_prolif,0,0.05
2.2434956006913147,48.090000000003755,IL2,il2_menten_prolif,0,0.05
2.238117667340989,48.10000000000375,IL2,il2_menten_prolif,0,0.05
2.232752625517278,48.11000000000375,IL2,il2_menten_prolif,0,0.05
2.227400444298069,48.120000000003756,IL2,il2_menten_prolif,0,0.05
2.2220610928546964,48.13000000000376,IL2,il2_menten_prolif,0,0.05
2.216734540434267,48.14000000000376,IL2,il2_menten_prolif,0,0.05
2.211420756359643,48.15000000000376,IL2,il2_menten_prolif,0,0.05
2.206119710029455,48.16000000000376,IL2,il2_menten_prolif,0,0.05
2.20083137091811,48.17000000000377,IL2,il2_menten_prolif,0,0.05
2.195555708575783,48.180000000003766,IL2,il2_menten_prolif,0,0.05
2.1902926926284074,48.190000000003764,IL2,il2_menten_prolif,0,0.05
2.185042292777686,48.20000000000377,IL2,il2_menten_prolif,0,0.05
2.1798044788010946,48.210000000003774,IL2,il2_menten_prolif,0,0.05
2.1745792205518795,48.22000000000377,IL2,il2_menten_prolif,0,0.05
2.1693664879590435,48.23000000000377,IL2,il2_menten_prolif,0,0.05
2.1641662510273614,48.240000000003775,IL2,il2_menten_prolif,0,0.05
2.1589783391886397,48.25000000000378,IL2,il2_menten_prolif,0,0.05
2.1538030382921183,48.26000000000378,IL2,il2_menten_prolif,0,0.05
2.148640136432334,48.270000000003776,IL2,il2_menten_prolif,0,0.05
2.1434896048318177,48.28000000000378,IL2,il2_menten_prolif,0,0.05
2.1383514147131018,48.290000000003786,IL2,il2_menten_prolif,0,0.05
2.1332255372987228,48.300000000003784,IL2,il2_menten_prolif,0,0.05
2.1281119438112084,48.31000000000378,IL2,il2_menten_prolif,0,0.05
2.123010605473086,48.32000000000379,IL2,il2_menten_prolif,0,0.05
2.1179214935068913,48.33000000000379,IL2,il2_menten_prolif,0,0.05
2.112844579135159,48.34000000000379,IL2,il2_menten_prolif,0,0.05
2.1077798335804165,48.35000000000379,IL2,il2_menten_prolif,0,0.05
2.102727228065193,48.360000000003794,IL2,il2_menten_prolif,0,0.05
2.0976867338120226,48.3700000000038,IL2,il2_menten_prolif,0,0.05
2.092658322043441,48.3800000000038,IL2,il2_menten_prolif,0,0.05
2.0876419639819757,48.390000000003795,IL2,il2_menten_prolif,0,0.05
2.082637630868984,48.4000000000038,IL2,il2_menten_prolif,0,0.05
2.077645294185972,48.410000000003805,IL2,il2_menten_prolif,0,0.05
2.0726649252923757,48.4200000000038,IL2,il2_menten_prolif,0,0.05
2.067696495480754,48.4300000000038,IL2,il2_menten_prolif,0,0.05
2.062739976043666,48.440000000003806,IL2,il2_menten_prolif,0,0.05
2.057795338273676,48.45000000000381,IL2,il2_menten_prolif,0,0.05
2.052862553463351,48.46000000000381,IL2,il2_menten_prolif,0,0.05
2.0479415929052482,48.47000000000381,IL2,il2_menten_prolif,0,0.05
2.0430324278919274,48.48000000000381,IL2,il2_menten_prolif,0,0.05
2.038135029751487,48.49000000000382,IL2,il2_menten_prolif,0,0.05
2.033249371443076,48.500000000003816,IL2,il2_menten_prolif,0,0.05
2.02837542554587,48.510000000003814,IL2,il2_menten_prolif,0,0.05
2.023513163871752,48.52000000000382,IL2,il2_menten_prolif,0,0.05
2.0186625582326103,48.530000000003824,IL2,il2_menten_prolif,0,0.05
2.0138235804403335,48.54000000000382,IL2,il2_menten_prolif,0,0.05
2.008996202306805,48.55000000000382,IL2,il2_menten_prolif,0,0.05
2.004180395643906,48.560000000003825,IL2,il2_menten_prolif,0,0.05
1.9993761322635248,48.57000000000383,IL2,il2_menten_prolif,0,0.05
1.9945833839775884,48.58000000000383,IL2,il2_menten_prolif,0,0.05
1.9898021241221153,48.590000000003826,IL2,il2_menten_prolif,0,0.05
1.9850323264138652,48.60000000000383,IL2,il2_menten_prolif,0,0.05
1.9802739632783286,48.610000000003836,IL2,il2_menten_prolif,0,0.05
1.9755270071409976,48.620000000003834,IL2,il2_menten_prolif,0,0.05
1.9707914304273577,48.63000000000383,IL2,il2_menten_prolif,0,0.05
1.9660672055628936,48.64000000000384,IL2,il2_menten_prolif,0,0.05
1.9613543049730975,48.65000000000384,IL2,il2_menten_prolif,0,0.05
1.9566527010834611,48.66000000000384,IL2,il2_menten_prolif,0,0.05
1.9519623663194694,48.67000000000384,IL2,il2_menten_prolif,0,0.05
1.9472832741320036,48.680000000003844,IL2,il2_menten_prolif,0,0.05
1.9426153991386639,48.69000000000385,IL2,il2_menten_prolif,0,0.05
1.937958714400428,48.70000000000385,IL2,il2_menten_prolif,0,0.05
1.933313192942773,48.710000000003845,IL2,il2_menten_prolif,0,0.05
1.928678807791179,48.72000000000385,IL2,il2_menten_prolif,0,0.05
1.9240555319711299,48.730000000003855,IL2,il2_menten_prolif,0,0.05
1.919443338508111,48.74000000000385,IL2,il2_menten_prolif,0,0.05
1.9148422004276022,48.75000000000385,IL2,il2_menten_prolif,0,0.05
1.9102520907550806,48.760000000003856,IL2,il2_menten_prolif,0,0.05
1.9056729834008657,48.77000000000386,IL2,il2_menten_prolif,0,0.05
1.9011048544808944,48.78000000000386,IL2,il2_menten_prolif,0,0.05
1.8965476777897723,48.79000000000386,IL2,il2_menten_prolif,0,0.05
1.892001426920973,48.80000000000386,IL2,il2_menten_prolif,0,0.05
1.8874660754679748,48.81000000000387,IL2,il2_menten_prolif,0,0.05
1.8829415970242562,48.820000000003866,IL2,il2_menten_prolif,0,0.05
1.8784279651832898,48.830000000003864,IL2,il2_menten_prolif,0,0.05
1.8739251535385486,48.84000000000387,IL2,il2_menten_prolif,0,0.05
1.8694331356835105,48.850000000003874,IL2,il2_menten_prolif,0,0.05
1.8649518852116544,48.86000000000387,IL2,il2_menten_prolif,0,0.05
1.860481375716453,48.87000000000387,IL2,il2_menten_prolif,0,0.05
1.8560215807913785,48.880000000003875,IL2,il2_menten_prolif,0,0.05
1.85157247402991,48.89000000000388,IL2,il2_menten_prolif,0,0.05
1.8471340293015963,48.90000000000388,IL2,il2_menten_prolif,0,0.05
1.8427062245618342,48.910000000003876,IL2,il2_menten_prolif,0,0.05
1.8382890355639545,48.92000000000388,IL2,il2_menten_prolif,0,0.05
1.8338824367521762,48.930000000003886,IL2,il2_menten_prolif,0,0.05
1.8294864025707196,48.940000000003884,IL2,il2_menten_prolif,0,0.05
1.8251009074637974,48.95000000000388,IL2,il2_menten_prolif,0,0.05
1.8207259258756239,48.96000000000389,IL2,il2_menten_prolif,0,0.05
1.8163614322504182,48.97000000000389,IL2,il2_menten_prolif,0,0.05
1.8120074010324005,48.98000000000389,IL2,il2_menten_prolif,0,0.05
1.8076638066657842,48.99000000000389,IL2,il2_menten_prolif,0,0.05
1.8033306235947826,49.000000000003894,IL2,il2_menten_prolif,0,0.05
1.7990078262636158,49.0100000000039,IL2,il2_menten_prolif,0,0.05
1.794695389116503,49.0200000000039,IL2,il2_menten_prolif,0,0.05
1.7903932865976575,49.030000000003895,IL2,il2_menten_prolif,0,0.05
1.786101495681078,49.0400000000039,IL2,il2_menten_prolif,0,0.05
1.7818199944260416,49.050000000003905,IL2,il2_menten_prolif,0,0.05
1.7775487580909046,49.0600000000039,IL2,il2_menten_prolif,0,0.05
1.7732877619264293,49.0700000000039,IL2,il2_menten_prolif,0,0.05
1.7690369811833802,49.080000000003906,IL2,il2_menten_prolif,0,0.05
1.7647963911125255,49.09000000000391,IL2,il2_menten_prolif,0,0.05
1.7605659669646356,49.10000000000391,IL2,il2_menten_prolif,0,0.05
1.756345683990474,49.11000000000391,IL2,il2_menten_prolif,0,0.05
1.7521355174408035,49.12000000000391,IL2,il2_menten_prolif,0,0.05
1.747935442566394,49.13000000000392,IL2,il2_menten_prolif,0,0.05
1.7437454346180146,49.140000000003916,IL2,il2_menten_prolif,0,0.05
1.7395654688464286,49.150000000003914,IL2,il2_menten_prolif,0,0.05
1.7353955205023999,49.16000000000392,IL2,il2_menten_prolif,0,0.05
1.7312356306816878,49.170000000003924,IL2,il2_menten_prolif,0,0.05
1.727085631034893,49.18000000000392,IL2,il2_menten_prolif,0,0.05
1.7229455850829039,49.19000000000392,IL2,il2_menten_prolif,0,0.05
1.718815468198321,49.200000000003925,IL2,il2_menten_prolif,0,0.05
1.7146952558122046,49.21000000000393,IL2,il2_menten_prolif,0,0.05
1.7105849234140624,49.22000000000393,IL2,il2_menten_prolif,0,0.05
1.7064844465518512,49.230000000003926,IL2,il2_menten_prolif,0,0.05
1.7023938008319757,49.24000000000393,IL2,il2_menten_prolif,0,0.05
1.6983129619192994,49.250000000003936,IL2,il2_menten_prolif,0,0.05
1.6942419055371367,49.260000000003934,IL2,il2_menten_prolif,0,0.05
1.6901806074672474,49.27000000000393,IL2,il2_menten_prolif,0,0.05
1.6861290435498413,49.28000000000394,IL2,il2_menten_prolif,0,0.05
1.6820871896835867,49.29000000000394,IL2,il2_menten_prolif,0,0.05
1.678055021932987,49.30000000000394,IL2,il2_menten_prolif,0,0.05
1.674032519369106,49.31000000000394,IL2,il2_menten_prolif,0,0.05
1.670019659841544,49.320000000003944,IL2,il2_menten_prolif,0,0.05
1.6660164200079999,49.33000000000395,IL2,il2_menten_prolif,0,0.05
1.6620227766033706,49.34000000000395,IL2,il2_menten_prolif,0,0.05
1.658038706439747,49.350000000003945,IL2,il2_menten_prolif,0,0.05
1.6540641864064158,49.36000000000395,IL2,il2_menten_prolif,0,0.05
1.6500991934698706,49.370000000003955,IL2,il2_menten_prolif,0,0.05
1.6461437046738014,49.38000000000395,IL2,il2_menten_prolif,0,0.05
1.6421976971390913,49.39000000000395,IL2,il2_menten_prolif,0,0.05
1.6382611480638216,49.400000000003956,IL2,il2_menten_prolif,0,0.05
1.634334034723279,49.41000000000396,IL2,il2_menten_prolif,0,0.05
1.6304163344699465,49.42000000000396,IL2,il2_menten_prolif,0,0.05
1.6265080247335009,49.43000000000396,IL2,il2_menten_prolif,0,0.05
1.6226090830208175,49.44000000000396,IL2,il2_menten_prolif,0,0.05
1.6187194869159753,49.45000000000397,IL2,il2_menten_prolif,0,0.05
1.6148392140802517,49.460000000003966,IL2,il2_menten_prolif,0,0.05
1.6109682422521165,49.470000000003964,IL2,il2_menten_prolif,0,0.05
1.6071065492472385,49.48000000000397,IL2,il2_menten_prolif,0,0.05
1.6032541129584899,49.490000000003974,IL2,il2_menten_prolif,0,0.05
1.5994109113559412,49.50000000000397,IL2,il2_menten_prolif,0,0.05
1.5955769224868561,49.51000000000397,IL2,il2_menten_prolif,0,0.05
1.5917521244756965,49.520000000003975,IL2,il2_menten_prolif,0,0.05
1.5879364955241284,49.53000000000398,IL2,il2_menten_prolif,0,0.05
1.5841300139110157,49.54000000000398,IL2,il2_menten_prolif,0,0.05
1.580332657992415,49.550000000003976,IL2,il2_menten_prolif,0,0.05
1.5765444062015828,49.56000000000398,IL2,il2_menten_prolif,0,0.05
1.572765235678228,49.570000000003986,IL2,il2_menten_prolif,0,0.05
1.5689951229810708,49.580000000003984,IL2,il2_menten_prolif,0,0.05
1.5652340463970456,49.59000000000398,IL2,il2_menten_prolif,0,0.05
1.5614819842849346,49.60000000000399,IL2,il2_menten_prolif,0,0.05
1.5577389150673788,49.61000000000399,IL2,il2_menten_prolif,0,0.05
1.554004817230875,49.62000000000399,IL2,il2_menten_prolif,0,0.05
1.5502796693257674,49.63000000000399,IL2,il2_menten_prolif,0,0.05
1.5465634499662557,49.640000000003994,IL2,il2_menten_prolif,0,0.05
1.5428561378303987,49.650000000004,IL2,il2_menten_prolif,0,0.05
1.5391577116601096,49.660000000004,IL2,il2_menten_prolif,0,0.05
1.535468150261151,49.670000000003995,IL2,il2_menten_prolif,0,0.05
1.5317874325031395,49.680000000004,IL2,il2_menten_prolif,0,0.05
1.5281155373195519,49.690000000004005,IL2,il2_menten_prolif,0,0.05
1.5244524437077183,49.700000000004,IL2,il2_menten_prolif,0,0.05
1.5207981307288183,49.710000000004,IL2,il2_menten_prolif,0,0.05
1.517152577507887,49.720000000004006,IL2,il2_menten_prolif,0,0.05
1.5135157632338165,49.73000000000401,IL2,il2_menten_prolif,0,0.05
1.5098876671593562,49.74000000000401,IL2,il2_menten_prolif,0,0.05
1.506268268601103,49.75000000000401,IL2,il2_menten_prolif,0,0.05
1.502657546939508,49.76000000000401,IL2,il2_menten_prolif,0,0.05
1.4990554816188824,49.77000000000402,IL2,il2_menten_prolif,0,0.05
1.4954620521473916,49.780000000004016,IL2,il2_menten_prolif,0,0.05
1.4918772380970502,49.790000000004014,IL2,il2_menten_prolif,0,0.05
1.488301019103727,49.80000000000402,IL2,il2_menten_prolif,0,0.05
1.4847333748671505,49.810000000004024,IL2,il2_menten_prolif,0,0.05
1.4811742851509035,49.82000000000402,IL2,il2_menten_prolif,0,0.05
1.4776237291543823,49.83000000000402,IL2,il2_menten_prolif,0,0.05
1.4740816843196218,49.840000000004025,IL2,il2_menten_prolif,0,0.05
1.4705481300359673,49.85000000000403,IL2,il2_menten_prolif,0,0.05
1.4670230459455915,49.86000000000403,IL2,il2_menten_prolif,0,0.05
1.4635064117412595,49.870000000004026,IL2,il2_menten_prolif,0,0.05
1.4599982071663362,49.88000000000403,IL2,il2_menten_prolif,0,0.05
1.4564984120147895,49.89000000000404,IL2,il2_menten_prolif,0,0.05
1.453007006131186,49.900000000004034,IL2,il2_menten_prolif,0,0.05
1.449523969410687,49.91000000000403,IL2,il2_menten_prolif,0,0.05
1.4460492817990511,49.92000000000404,IL2,il2_menten_prolif,0,0.05
1.4425829232926421,49.93000000000404,IL2,il2_menten_prolif,0,0.05
1.4391248739384208,49.94000000000404,IL2,il2_menten_prolif,0,0.05
1.4356751138339434,49.95000000000404,IL2,il2_menten_prolif,0,0.05
1.4322336231273647,49.960000000004044,IL2,il2_menten_prolif,0,0.05
1.4288003820174415,49.97000000000405,IL2,il2_menten_prolif,0,0.05
1.4253753707535313,49.98000000000405,IL2,il2_menten_prolif,0,0.05
1.421958569635584,49.990000000004045,IL2,il2_menten_prolif,0,0.05
1.4185499590141488,50.00000000000405,IL2,il2_menten_prolif,0,0.05
1.4151495192903791,50.010000000004055,IL2,il2_menten_prolif,0,0.05
1.411757230916026,50.02000000000405,IL2,il2_menten_prolif,0,0.05
1.408373074393435,50.03000000000405,IL2,il2_menten_prolif,0,0.05
1.4049970302755503,50.040000000004056,IL2,il2_menten_prolif,0,0.05
1.4016290791659194,50.05000000000406,IL2,il2_menten_prolif,0,0.05
1.3982692017186884,50.06000000000406,IL2,il2_menten_prolif,0,0.05
1.3949173786385987,50.07000000000406,IL2,il2_menten_prolif,0,0.05
1.3915735906809883,50.08000000000406,IL2,il2_menten_prolif,0,0.05
1.3882378186120095,50.09000000000407,IL2,il2_menten_prolif,0,0.05
1.3849100427641625,50.100000000004066,IL2,il2_menten_prolif,0,0.05
1.3815902438191334,50.110000000004064,IL2,il2_menten_prolif,0,0.05
1.3782784026513848,50.12000000000407,IL2,il2_menten_prolif,0,0.05
1.3749745001830211,50.130000000004074,IL2,il2_menten_prolif,0,0.05
1.3716785173837862,50.14000000000407,IL2,il2_menten_prolif,0,0.05
1.3683904352710607,50.15000000000407,IL2,il2_menten_prolif,0,0.05
1.36511023490986,50.160000000004075,IL2,il2_menten_prolif,0,0.05
1.361837897412846,50.17000000000408,IL2,il2_menten_prolif,0,0.05
1.358573403940319,50.18000000000408,IL2,il2_menten_prolif,0,0.05
1.3553167357002116,50.190000000004076,IL2,il2_menten_prolif,0,0.05
1.3520678739480976,50.20000000000408,IL2,il2_menten_prolif,0,0.05
1.3488267999871928,50.21000000000409,IL2,il2_menten_prolif,0,0.05
1.3455934951683524,50.220000000004084,IL2,il2_menten_prolif,0,0.05
1.3423679408900662,50.23000000000408,IL2,il2_menten_prolif,0,0.05
1.3391501185984622,50.24000000000409,IL2,il2_menten_prolif,0,0.05
1.3359400097873115,50.25000000000409,IL2,il2_menten_prolif,0,0.05
1.3327375959980254,50.26000000000409,IL2,il2_menten_prolif,0,0.05
1.3295428588196483,50.27000000000409,IL2,il2_menten_prolif,0,0.05
1.326355779888864,50.280000000004094,IL2,il2_menten_prolif,0,0.05
1.32317634089,50.2900000000041,IL2,il2_menten_prolif,0,0.05
1.3200045235550204,50.3000000000041,IL2,il2_menten_prolif,0,0.05
1.3168403096635275,50.310000000004095,IL2,il2_menten_prolif,0,0.05
1.3136836810427592,50.3200000000041,IL2,il2_menten_prolif,0,0.05
1.3105346195675986,50.330000000004105,IL2,il2_menten_prolif,0,0.05
1.3073931071605664,50.3400000000041,IL2,il2_menten_prolif,0,0.05
1.3042591374072998,50.3500000000041,IL2,il2_menten_prolif,0,0.05
1.3011326666598415,50.360000000004106,IL2,il2_menten_prolif,0,0.05
1.298013690573697,50.37000000000411,IL2,il2_menten_prolif,0,0.05
1.2949021911457872,50.38000000000411,IL2,il2_menten_prolif,0,0.05
1.2917981504204392,50.39000000000411,IL2,il2_menten_prolif,0,0.05
1.2887015504892774,50.40000000000411,IL2,il2_menten_prolif,0,0.05
1.285612373491119,50.41000000000412,IL2,il2_menten_prolif,0,0.05
1.282530601611853,50.420000000004116,IL2,il2_menten_prolif,0,0.05
1.2794562170843296,50.430000000004114,IL2,il2_menten_prolif,0,0.05
1.2763892021882473,50.44000000000412,IL2,il2_menten_prolif,0,0.05
1.273329539250049,50.450000000004124,IL2,il2_menten_prolif,0,0.05
1.2702772106428044,50.46000000000412,IL2,il2_menten_prolif,0,0.05
1.2672321987860946,50.47000000000412,IL2,il2_menten_prolif,0,0.05
1.2641944861459034,50.480000000004125,IL2,il2_menten_prolif,0,0.05
1.2611640552345098,50.49000000000413,IL2,il2_menten_prolif,0,0.05
1.2581408886103744,50.50000000000413,IL2,il2_menten_prolif,0,0.05
1.2551249688780197,50.510000000004126,IL2,il2_menten_prolif,0,0.05
1.2521162786879239,50.52000000000413,IL2,il2_menten_prolif,0,0.05
1.2491148007364141,50.53000000000414,IL2,il2_menten_prolif,0,0.05
1.2461205177655503,50.540000000004135,IL2,il2_menten_prolif,0,0.05
1.2431334125630076,50.55000000000413,IL2,il2_menten_prolif,0,0.05
1.240153467961969,50.56000000000414,IL2,il2_menten_prolif,0,0.05
1.2371806668410195,50.57000000000414,IL2,il2_menten_prolif,0,0.05
1.2342149921240289,50.58000000000414,IL2,il2_menten_prolif,0,0.05
1.2312564267800346,50.59000000000414,IL2,il2_menten_prolif,0,0.05
1.2283049538231354,50.600000000004144,IL2,il2_menten_prolif,0,0.05
1.2253605563123837,50.61000000000415,IL2,il2_menten_prolif,0,0.05
1.2224232172735938,50.62000000000415,IL2,il2_menten_prolif,0,0.05
1.219492919624669,50.630000000004145,IL2,il2_menten_prolif,0,0.05
1.216569646465716,50.64000000000415,IL2,il2_menten_prolif,0,0.05
1.2136533809390477,50.650000000004155,IL2,il2_menten_prolif,0,0.05
1.2107441062207727,50.66000000000415,IL2,il2_menten_prolif,0,0.05
1.2078418055201983,50.67000000000415,IL2,il2_menten_prolif,0,0.05
1.2049464620792445,50.680000000004156,IL2,il2_menten_prolif,0,0.05
1.202058059171859,50.69000000000416,IL2,il2_menten_prolif,0,0.05
1.1991765801034209,50.70000000000416,IL2,il2_menten_prolif,0,0.05
1.1963020082101448,50.71000000000416,IL2,il2_menten_prolif,0,0.05
1.1934343268584984,50.72000000000416,IL2,il2_menten_prolif,0,0.05
1.1905735194446114,50.73000000000417,IL2,il2_menten_prolif,0,0.05
1.1877195693936833,50.740000000004166,IL2,il2_menten_prolif,0,0.05
1.1848724603069003,50.750000000004164,IL2,il2_menten_prolif,0,0.05
1.1820321760075272,50.76000000000417,IL2,il2_menten_prolif,0,0.05
1.1791987001418334,50.770000000004174,IL2,il2_menten_prolif,0,0.05
1.1763720163927898,50.78000000000417,IL2,il2_menten_prolif,0,0.05
1.1735521084857647,50.79000000000417,IL2,il2_menten_prolif,0,0.05
1.170738960188671,50.800000000004175,IL2,il2_menten_prolif,0,0.05
1.1679325553121127,50.81000000000418,IL2,il2_menten_prolif,0,0.05
1.1651328777095218,50.82000000000418,IL2,il2_menten_prolif,0,0.05
1.1623399112773,50.830000000004176,IL2,il2_menten_prolif,0,0.05
1.1595536399549635,50.84000000000418,IL2,il2_menten_prolif,0,0.05
1.1567740477252886,50.85000000000419,IL2,il2_menten_prolif,0,0.05
1.1540011186144523,50.860000000004185,IL2,il2_menten_prolif,0,0.05
1.1512348366921703,50.87000000000418,IL2,il2_menten_prolif,0,0.05
1.1484751859934332,50.88000000000419,IL2,il2_menten_prolif,0,0.05
1.1457221505329669,50.89000000000419,IL2,il2_menten_prolif,0,0.05
1.142975714452879,50.90000000000419,IL2,il2_menten_prolif,0,0.05
1.1402358619332098,50.91000000000419,IL2,il2_menten_prolif,0,0.05
1.1375025771910814,50.920000000004194,IL2,il2_menten_prolif,0,0.05
1.134775844480521,50.9300000000042,IL2,il2_menten_prolif,0,0.05
1.1320556480922772,50.9400000000042,IL2,il2_menten_prolif,0,0.05
1.1293419723536362,50.950000000004195,IL2,il2_menten_prolif,0,0.05
1.1266348016282488,50.9600000000042,IL2,il2_menten_prolif,0,0.05
1.1239341203159527,50.970000000004205,IL2,il2_menten_prolif,0,0.05
1.12123991285259,50.9800000000042,IL2,il2_menten_prolif,0,0.05
1.1185521637098246,50.9900000000042,IL2,il2_menten_prolif,0,0.05
1.115870857394966,51.000000000004206,IL2,il2_menten_prolif,0,0.05
1.113195978476877,51.01000000000421,IL2,il2_menten_prolif,0,0.05
1.1105275115706035,51.02000000000421,IL2,il2_menten_prolif,0,0.05
1.1078654413057687,51.03000000000421,IL2,il2_menten_prolif,0,0.05
1.1052097523488407,51.04000000000421,IL2,il2_menten_prolif,0,0.05
1.1025604294030502,51.05000000000422,IL2,il2_menten_prolif,0,0.05
1.0999174572082975,51.060000000004216,IL2,il2_menten_prolif,0,0.05
1.0972808205410574,51.070000000004214,IL2,il2_menten_prolif,0,0.05
1.0946505042142969,51.08000000000422,IL2,il2_menten_prolif,0,0.05
1.0920264930773858,51.090000000004224,IL2,il2_menten_prolif,0,0.05
1.0894087720160057,51.10000000000422,IL2,il2_menten_prolif,0,0.05
1.0867973259520567,51.11000000000422,IL2,il2_menten_prolif,0,0.05
1.0841921398435699,51.120000000004225,IL2,il2_menten_prolif,0,0.05
1.0815931986846254,51.13000000000423,IL2,il2_menten_prolif,0,0.05
1.07900048750551,51.14000000000423,IL2,il2_menten_prolif,0,0.05
1.0764139913724007,51.150000000004226,IL2,il2_menten_prolif,0,0.05
1.073833695387104,51.16000000000423,IL2,il2_menten_prolif,0,0.05
1.0712595846871298,51.17000000000424,IL2,il2_menten_prolif,0,0.05
1.0686916444456023,51.180000000004235,IL2,il2_menten_prolif,0,0.05
1.066129859871164,51.19000000000423,IL2,il2_menten_prolif,0,0.05
1.0635742162078932,51.20000000000424,IL2,il2_menten_prolif,0,0.05
1.0610246987352174,51.21000000000424,IL2,il2_menten_prolif,0,0.05
1.058481292767822,51.22000000000424,IL2,il2_menten_prolif,0,0.05
1.0559439836555575,51.23000000000424,IL2,il2_menten_prolif,0,0.05
1.0534127567833544,51.240000000004244,IL2,il2_menten_prolif,0,0.05
1.050887597571138,51.25000000000425,IL2,il2_menten_prolif,0,0.05
1.0483684912294216,51.26000000000425,IL2,il2_menten_prolif,0,0.05
1.0458554238192068,51.270000000004245,IL2,il2_menten_prolif,0,0.05
1.0433483805159676,51.28000000000425,IL2,il2_menten_prolif,0,0.05
1.0408473468846404,51.290000000004255,IL2,il2_menten_prolif,0,0.05
1.0383523085238284,51.30000000000425,IL2,il2_menten_prolif,0,0.05
1.0358632510657995,51.31000000000425,IL2,il2_menten_prolif,0,0.05
1.0333801601764898,51.320000000004256,IL2,il2_menten_prolif,0,0.05
1.0309030215555068,51.33000000000426,IL2,il2_menten_prolif,0,0.05
1.0284318209361258,51.34000000000426,IL2,il2_menten_prolif,0,0.05
1.025966544085287,51.35000000000426,IL2,il2_menten_prolif,0,0.05
1.0235071768035973,51.36000000000426,IL2,il2_menten_prolif,0,0.05
1.0210537049253365,51.37000000000427,IL2,il2_menten_prolif,0,0.05
1.0186061143184513,51.380000000004266,IL2,il2_menten_prolif,0,0.05
1.0161643908845734,51.390000000004264,IL2,il2_menten_prolif,0,0.05
1.0137285205595399,51.40000000000427,IL2,il2_menten_prolif,0,0.05
1.0112984893127912,51.410000000004274,IL2,il2_menten_prolif,0,0.05
1.0088742831472888,51.42000000000427,IL2,il2_menten_prolif,0,0.05
1.0064558880996948,51.43000000000427,IL2,il2_menten_prolif,0,0.05
1.0040432902403755,51.440000000004275,IL2,il2_menten_prolif,0,0.05
1.0016364756734075,51.45000000000428,IL2,il2_menten_prolif,0,0.05
0.9992354305365712,51.46000000000428,IL2,il2_menten_prolif,0,0.05
0.9968401409996657,51.470000000004276,IL2,il2_menten_prolif,0,0.05
0.9944505932622536,51.48000000000428,IL2,il2_menten_prolif,0,0.05
0.9920667735603663,51.49000000000429,IL2,il2_menten_prolif,0,0.05
0.9896886681636329,51.500000000004285,IL2,il2_menten_prolif,0,0.05
0.987316263375079,51.51000000000428,IL2,il2_menten_prolif,0,0.05
0.9849495455311306,51.52000000000429,IL2,il2_menten_prolif,0,0.05
0.9825885010016158,51.53000000000429,IL2,il2_menten_prolif,0,0.05
0.9802331161894713,51.54000000000429,IL2,il2_menten_prolif,0,0.05
0.977883377522802,51.55000000000429,IL2,il2_menten_prolif,0,0.05
0.9755392714641717,51.560000000004294,IL2,il2_menten_prolif,0,0.05
0.9732007845117965,51.5700000000043,IL2,il2_menten_prolif,0,0.05
0.9708679031967269,51.5800000000043,IL2,il2_menten_prolif,0,0.05
0.968540614082847,51.590000000004295,IL2,il2_menten_prolif,0,0.05
0.9662189037668755,51.6000000000043,IL2,il2_menten_prolif,0,0.05
0.9639027588783688,51.610000000004305,IL2,il2_menten_prolif,0,0.05
0.961592166076491,51.6200000000043,IL2,il2_menten_prolif,0,0.05
0.959287112045679,51.6300000000043,IL2,il2_menten_prolif,0,0.05
0.9569875835084962,51.64000000000431,IL2,il2_menten_prolif,0,0.05
0.9546935672201425,51.65000000000431,IL2,il2_menten_prolif,0,0.05
0.9524050499680657,51.66000000000431,IL2,il2_menten_prolif,0,0.05
0.9501220185719608,51.67000000000431,IL2,il2_menten_prolif,0,0.05
0.947844459883772,51.68000000000431,IL2,il2_menten_prolif,0,0.05
0.9455723571032483,51.69000000000432,IL2,il2_menten_prolif,0,0.05
0.9433057061525216,51.700000000004316,IL2,il2_menten_prolif,0,0.05
0.9410444880174678,51.710000000004314,IL2,il2_menten_prolif,0,0.05
0.9387886898564406,51.72000000000432,IL2,il2_menten_prolif,0,0.05
0.936538298827797,51.730000000004324,IL2,il2_menten_prolif,0,0.05
0.934293302089894,51.74000000000432,IL2,il2_menten_prolif,0,0.05
0.9320536868010855,51.75000000000432,IL2,il2_menten_prolif,0,0.05
0.9298194401197252,51.760000000004325,IL2,il2_menten_prolif,0,0.05
0.9275905492607653,51.77000000000433,IL2,il2_menten_prolif,0,0.05
0.9253670015519129,51.78000000000433,IL2,il2_menten_prolif,0,0.05
0.9231487842024926,51.790000000004326,IL2,il2_menten_prolif,0,0.05
0.920935884414712,51.80000000000433,IL2,il2_menten_prolif,0,0.05
0.9187282893907817,51.81000000000434,IL2,il2_menten_prolif,0,0.05
0.916525986332912,51.820000000004335,IL2,il2_menten_prolif,0,0.05
0.9143289624433104,51.83000000000433,IL2,il2_menten_prolif,0,0.05
0.9121372049241843,51.84000000000434,IL2,il2_menten_prolif,0,0.05
0.909950700977744,51.85000000000434,IL2,il2_menten_prolif,0,0.05
0.9077694379819952,51.86000000000434,IL2,il2_menten_prolif,0,0.05
0.9055934040561495,51.87000000000434,IL2,il2_menten_prolif,0,0.05
0.9034225867308527,51.880000000004344,IL2,il2_menten_prolif,0,0.05
0.9012569734394889,51.89000000000435,IL2,il2_menten_prolif,0,0.05
0.899096551615443,51.90000000000435,IL2,il2_menten_prolif,0,0.05
0.8969413086920964,51.910000000004345,IL2,il2_menten_prolif,0,0.05
0.8947912321028311,51.92000000000435,IL2,il2_menten_prolif,0,0.05
0.8926463092810316,51.930000000004355,IL2,il2_menten_prolif,0,0.05
0.8905065276600824,51.94000000000435,IL2,il2_menten_prolif,0,0.05
0.8883718747754952,51.95000000000435,IL2,il2_menten_prolif,0,0.05
0.886242339103869,51.96000000000436,IL2,il2_menten_prolif,0,0.05
0.8841179085694594,51.97000000000436,IL2,il2_menten_prolif,0,0.05
0.8819985708792097,51.98000000000436,IL2,il2_menten_prolif,0,0.05
0.8798843137400603,51.99000000000436,IL2,il2_menten_prolif,0,0.05
0.877775124858951,52.00000000000436,IL2,il2_menten_prolif,0,0.05
0.8756709919428252,52.01000000000437,IL2,il2_menten_prolif,0,0.05
0.8735719026986257,52.020000000004366,IL2,il2_menten_prolif,0,0.05
0.8714778448332928,52.030000000004364,IL2,il2_menten_prolif,0,0.05
0.8693888138377646,52.04000000000437,IL2,il2_menten_prolif,0,0.05
0.8673047799007038,52.050000000004374,IL2,il2_menten_prolif,0,0.05
0.865225742939837,52.06000000000437,IL2,il2_menten_prolif,0,0.05
0.8631516907126224,52.07000000000437,IL2,il2_menten_prolif,0,0.05
0.8610826110056984,52.080000000004375,IL2,il2_menten_prolif,0,0.05
0.8590184916348864,52.09000000000438,IL2,il2_menten_prolif,0,0.05
0.8569593204451884,52.10000000000438,IL2,il2_menten_prolif,0,0.05
0.8549050853107836,52.110000000004376,IL2,il2_menten_prolif,0,0.05
0.8528557741350309,52.12000000000438,IL2,il2_menten_prolif,0,0.05
0.8508113748536034,52.13000000000439,IL2,il2_menten_prolif,0,0.05
0.8487718762984424,52.140000000004385,IL2,il2_menten_prolif,0,0.05
0.846737267249162,52.15000000000438,IL2,il2_menten_prolif,0,0.05
0.8447075358844818,52.16000000000439,IL2,il2_menten_prolif,0,0.05
0.8426826704173598,52.17000000000439,IL2,il2_menten_prolif,0,0.05
0.8406626590949877,52.18000000000439,IL2,il2_menten_prolif,0,0.05
0.8386474901987905,52.19000000000439,IL2,il2_menten_prolif,0,0.05
0.8366371520444267,52.200000000004394,IL2,il2_menten_prolif,0,0.05
0.8346316329817935,52.2100000000044,IL2,il2_menten_prolif,0,0.05
0.8326309213950221,52.2200000000044,IL2,il2_menten_prolif,0,0.05
0.8306350057024765,52.230000000004395,IL2,il2_menten_prolif,0,0.05
0.8286438743567546,52.2400000000044,IL2,il2_menten_prolif,0,0.05
0.8266575158446922,52.250000000004405,IL2,il2_menten_prolif,0,0.05
0.8246759186873605,52.2600000000044,IL2,il2_menten_prolif,0,0.05
0.8226990714400623,52.2700000000044,IL2,il2_menten_prolif,0,0.05
0.8207269626923348,52.28000000000441,IL2,il2_menten_prolif,0,0.05
0.818759581067953,52.29000000000441,IL2,il2_menten_prolif,0,0.05
0.8167969152249275,52.30000000000441,IL2,il2_menten_prolif,0,0.05
0.8148389538554999,52.31000000000441,IL2,il2_menten_prolif,0,0.05
0.8128856856861468,52.32000000000441,IL2,il2_menten_prolif,0,0.05
0.8109370994775831,52.33000000000442,IL2,il2_menten_prolif,0,0.05
0.8089931840247573,52.340000000004416,IL2,il2_menten_prolif,0,0.05
0.8070539281568513,52.350000000004414,IL2,il2_menten_prolif,0,0.05
0.8051193207372803,52.36000000000442,IL2,il2_menten_prolif,0,0.05
0.8031893506636989,52.370000000004424,IL2,il2_menten_prolif,0,0.05
0.8012640068679944,52.38000000000442,IL2,il2_menten_prolif,0,0.05
0.7993432783162882,52.39000000000442,IL2,il2_menten_prolif,0,0.05
0.7974271540089347,52.400000000004425,IL2,il2_menten_prolif,0,0.05
0.7955156229805272,52.41000000000443,IL2,il2_menten_prolif,0,0.05
0.7936086742998931,52.42000000000443,IL2,il2_menten_prolif,0,0.05
0.791706297040065,52.430000000004426,IL2,il2_menten_prolif,0,0.05
0.7898084796199996,52.44000000000443,IL2,il2_menten_prolif,0,0.05
0.787915210828166,52.45000000000444,IL2,il2_menten_prolif,0,0.05
0.7860264797635254,52.460000000004435,IL2,il2_menten_prolif,0,0.05
0.7841422755558868,52.47000000000443,IL2,il2_menten_prolif,0,0.05
0.7822625873659105,52.48000000000444,IL2,il2_menten_prolif,0,0.05
0.7803874043851107,52.49000000000444,IL2,il2_menten_prolif,0,0.05
0.7785167158358525,52.50000000000444,IL2,il2_menten_prolif,0,0.05
0.7766505109713493,52.51000000000444,IL2,il2_menten_prolif,0,0.05
0.7747887790756658,52.520000000004444,IL2,il2_menten_prolif,0,0.05
0.7729315094637199,52.53000000000445,IL2,il2_menten_prolif,0,0.05
0.7710786914812818,52.54000000000445,IL2,il2_menten_prolif,0,0.05
0.769230314504969,52.550000000004445,IL2,il2_menten_prolif,0,0.05
0.7673863679422501,52.56000000000445,IL2,il2_menten_prolif,0,0.05
0.7655468412314481,52.570000000004455,IL2,il2_menten_prolif,0,0.05
0.7637117238417366,52.58000000000445,IL2,il2_menten_prolif,0,0.05
0.7618810052731375,52.59000000000445,IL2,il2_menten_prolif,0,0.05
0.7600546750565245,52.60000000000446,IL2,il2_menten_prolif,0,0.05
0.7582327227536244,52.61000000000446,IL2,il2_menten_prolif,0,0.05
0.7564151379570148,52.62000000000446,IL2,il2_menten_prolif,0,0.05
0.7546019102901225,52.63000000000446,IL2,il2_menten_prolif,0,0.05
0.7527930294072249,52.64000000000446,IL2,il2_menten_prolif,0,0.05
0.7509884849934533,52.65000000000447,IL2,il2_menten_prolif,0,0.05
0.7491882667647902,52.660000000004466,IL2,il2_menten_prolif,0,0.05
0.7473923644680658,52.670000000004464,IL2,il2_menten_prolif,0,0.05
0.7456007678809624,52.68000000000447,IL2,il2_menten_prolif,0,0.05
0.7438134668120153,52.690000000004474,IL2,il2_menten_prolif,0,0.05
0.7420304511006115,52.70000000000447,IL2,il2_menten_prolif,0,0.05
0.7402517106169854,52.71000000000447,IL2,il2_menten_prolif,0,0.05
0.7384772352622233,52.720000000004475,IL2,il2_menten_prolif,0,0.05
0.7367070148199315,52.73000000000448,IL2,il2_menten_prolif,0,0.05
0.7349410379617567,52.74000000000448,IL2,il2_menten_prolif,0,0.05
0.7331792942443343,52.750000000004476,IL2,il2_menten_prolif,0,0.05
0.7314217735169358,52.76000000000448,IL2,il2_menten_prolif,0,0.05
0.7296684656541652,52.77000000000449,IL2,il2_menten_prolif,0,0.05
0.7279193605559587,52.780000000004485,IL2,il2_menten_prolif,0,0.05
0.7261744481475809,52.79000000000448,IL2,il2_menten_prolif,0,0.05
0.7244337183796281,52.80000000000449,IL2,il2_menten_prolif,0,0.05
0.7226971612280297,52.81000000000449,IL2,il2_menten_prolif,0,0.05
0.7209647666940469,52.82000000000449,IL2,il2_menten_prolif,0,0.05
0.7192365248042691,52.83000000000449,IL2,il2_menten_prolif,0,0.05
0.7175124256106175,52.840000000004494,IL2,il2_menten_prolif,0,0.05
0.7157924591903471,52.8500000000045,IL2,il2_menten_prolif,0,0.05
0.7140766156460434,52.8600000000045,IL2,il2_menten_prolif,0,0.05
0.7123648851056212,52.870000000004495,IL2,il2_menten_prolif,0,0.05
0.710657257722327,52.8800000000045,IL2,il2_menten_prolif,0,0.05
0.7089537236747399,52.890000000004505,IL2,il2_menten_prolif,0,0.05
0.7072542731667713,52.9000000000045,IL2,il2_menten_prolif,0,0.05
0.7055588964276609,52.9100000000045,IL2,il2_menten_prolif,0,0.05
0.7038675837119793,52.92000000000451,IL2,il2_menten_prolif,0,0.05
0.7021803252996318,52.93000000000451,IL2,il2_menten_prolif,0,0.05
0.700497111495854,52.94000000000451,IL2,il2_menten_prolif,0,0.05
0.698817932631211,52.95000000000451,IL2,il2_menten_prolif,0,0.05
0.6971427790615987,52.96000000000451,IL2,il2_menten_prolif,0,0.05
0.695471641168247,52.97000000000452,IL2,il2_menten_prolif,0,0.05
0.6938045093577163,52.980000000004516,IL2,il2_menten_prolif,0,0.05
0.6921413740618972,52.990000000004514,IL2,il2_menten_prolif,0,0.05
0.6904822257380101,53.00000000000452,IL2,il2_menten_prolif,0,0.05
0.6888270548686102,53.010000000004524,IL2,il2_menten_prolif,0,0.05
0.6871758519615832,53.02000000000452,IL2,il2_menten_prolif,0,0.05
0.6855286074571743,53.03000000000452,IL2,il2_menten_prolif,0,0.05
0.6838853115123248,53.040000000004525,IL2,il2_menten_prolif,0,0.05
0.6822459546191213,53.05000000000453,IL2,il2_menten_prolif,0,0.05
0.6806105273326073,53.06000000000453,IL2,il2_menten_prolif,0,0.05
0.6789790202314581,53.070000000004526,IL2,il2_menten_prolif,0,0.05
0.6773514239179836,53.08000000000453,IL2,il2_menten_prolif,0,0.05
0.67572772901813,53.09000000000454,IL2,il2_menten_prolif,0,0.05
0.6741079261814786,53.100000000004535,IL2,il2_menten_prolif,0,0.05
0.672492006081242,53.11000000000453,IL2,il2_menten_prolif,0,0.05
0.6708799594142678,53.12000000000454,IL2,il2_menten_prolif,0,0.05
0.6692717769010403,53.13000000000454,IL2,il2_menten_prolif,0,0.05
0.6676674492856782,53.14000000000454,IL2,il2_menten_prolif,0,0.05
0.6660669673359318,53.15000000000454,IL2,il2_menten_prolif,0,0.05
0.6644703218431867,53.160000000004544,IL2,il2_menten_prolif,0,0.05
0.6628775036224643,53.17000000000455,IL2,il2_menten_prolif,0,0.05
0.6612885035124212,53.18000000000455,IL2,il2_menten_prolif,0,0.05
0.6597033123753455,53.190000000004545,IL2,il2_menten_prolif,0,0.05
0.6581219210971605,53.20000000000455,IL2,il2_menten_prolif,0,0.05
0.6565443205874253,53.210000000004555,IL2,il2_menten_prolif,0,0.05
0.6549705017793339,53.22000000000455,IL2,il2_menten_prolif,0,0.05
0.6534004556297124,53.23000000000455,IL2,il2_menten_prolif,0,0.05
0.6518341731190214,53.24000000000456,IL2,il2_menten_prolif,0,0.05
0.6502716452513582,53.25000000000456,IL2,il2_menten_prolif,0,0.05
0.6487128630544539,53.26000000000456,IL2,il2_menten_prolif,0,0.05
0.6471578175796726,53.27000000000456,IL2,il2_menten_prolif,0,0.05
0.6456064999020128,53.28000000000456,IL2,il2_menten_prolif,0,0.05
0.6440589011201087,53.29000000000457,IL2,il2_menten_prolif,0,0.05
0.64251501235623,53.300000000004566,IL2,il2_menten_prolif,0,0.05
0.640974824756278,53.310000000004564,IL2,il2_menten_prolif,0,0.05
0.6394383294897887,53.32000000000457,IL2,il2_menten_prolif,0,0.05
0.6379055270447678,53.330000000004574,IL2,il2_menten_prolif,0,0.05
0.6363763878657421,53.34000000000457,IL2,il2_menten_prolif,0,0.05
0.6348509142975246,53.35000000000457,IL2,il2_menten_prolif,0,0.05
0.6333290975308201,53.360000000004575,IL2,il2_menten_prolif,0,0.05
0.6318109287798173,53.37000000000458,IL2,il2_menten_prolif,0,0.05
0.6302963992821317,53.38000000000458,IL2,il2_menten_prolif,0,0.05
0.628785500298749,53.39000000000458,IL2,il2_menten_prolif,0,0.05
0.6272782231139715,53.40000000000458,IL2,il2_menten_prolif,0,0.05
0.625774559035366,53.41000000000459,IL2,il2_menten_prolif,0,0.05
0.6242744993937073,53.420000000004585,IL2,il2_menten_prolif,0,0.05
0.6227780355429191,53.43000000000458,IL2,il2_menten_prolif,0,0.05
0.6212851588600242,53.44000000000459,IL2,il2_menten_prolif,0,0.05
0.619795860745089,53.45000000000459,IL2,il2_menten_prolif,0,0.05
0.6183101326211681,53.46000000000459,IL2,il2_menten_prolif,0,0.05
0.6168279659342468,53.47000000000459,IL2,il2_menten_prolif,0,0.05
0.6153493521531886,53.480000000004594,IL2,il2_menten_prolif,0,0.05
0.613874282769682,53.4900000000046,IL2,il2_menten_prolif,0,0.05
0.6124027492981835,53.5000000000046,IL2,il2_menten_prolif,0,0.05
0.6109347432758613,53.510000000004595,IL2,il2_menten_prolif,0,0.05
0.6094702562625414,53.5200000000046,IL2,il2_menten_prolif,0,0.05
0.608009279840656,53.530000000004605,IL2,il2_menten_prolif,0,0.05
0.6065518056151855,53.5400000000046,IL2,il2_menten_prolif,0,0.05
0.6050978252136026,53.5500000000046,IL2,il2_menten_prolif,0,0.05
0.6036473302858177,53.56000000000461,IL2,il2_menten_prolif,0,0.05
0.6022003125041286,53.57000000000461,IL2,il2_menten_prolif,0,0.05
0.6007567635631614,53.58000000000461,IL2,il2_menten_prolif,0,0.05
0.5993166751798144,53.59000000000461,IL2,il2_menten_prolif,0,0.05
0.5978800390932053,53.60000000000461,IL2,il2_menten_prolif,0,0.05
0.5964468470646181,53.61000000000462,IL2,il2_menten_prolif,0,0.05
0.5950170908774468,53.620000000004616,IL2,il2_menten_prolif,0,0.05
0.5935907620407204,53.630000000004614,IL2,il2_menten_prolif,0,0.05
0.5921678520078466,53.64000000000462,IL2,il2_menten_prolif,0,0.05
0.5907483525831588,53.650000000004624,IL2,il2_menten_prolif,0,0.05
0.589332255592057,53.66000000000462,IL2,il2_menten_prolif,0,0.05
0.5879195528804371,53.67000000000462,IL2,il2_menten_prolif,0,0.05
0.5865102363146218,53.680000000004625,IL2,il2_menten_prolif,0,0.05
0.5851042977812917,53.69000000000463,IL2,il2_menten_prolif,0,0.05
0.5837017291874126,53.70000000000463,IL2,il2_menten_prolif,0,0.05
0.5823025224601622,53.71000000000463,IL2,il2_menten_prolif,0,0.05
0.5809066695468623,53.72000000000463,IL2,il2_menten_prolif,0,0.05
0.5795141624149095,53.73000000000464,IL2,il2_menten_prolif,0,0.05
0.5781249930517018,53.740000000004635,IL2,il2_menten_prolif,0,0.05
0.5767391534645667,53.75000000000463,IL2,il2_menten_prolif,0,0.05
0.5753566356806921,53.76000000000464,IL2,il2_menten_prolif,0,0.05
0.5739774317470574,53.77000000000464,IL2,il2_menten_prolif,0,0.05
0.5726015337303606,53.78000000000464,IL2,il2_menten_prolif,0,0.05
0.5712289337169459,53.79000000000464,IL2,il2_menten_prolif,0,0.05
0.5698596238127348,53.800000000004644,IL2,il2_menten_prolif,0,0.05
0.5684935961431568,53.81000000000465,IL2,il2_menten_prolif,0,0.05
0.5671308428530772,53.82000000000465,IL2,il2_menten_prolif,0,0.05
0.5657713561067245,53.830000000004645,IL2,il2_menten_prolif,0,0.05
0.5644151280876205,53.84000000000465,IL2,il2_menten_prolif,0,0.05
0.5630621509985126,53.850000000004655,IL2,il2_menten_prolif,0,0.05
0.5617124170613006,53.86000000000465,IL2,il2_menten_prolif,0,0.05
0.5603659185169636,53.87000000000465,IL2,il2_menten_prolif,0,0.05
0.5590226476254923,53.88000000000466,IL2,il2_menten_prolif,0,0.05
0.5576825966658188,53.89000000000466,IL2,il2_menten_prolif,0,0.05
0.5563457579357443,53.90000000000466,IL2,il2_menten_prolif,0,0.05
0.5550121237518667,53.91000000000466,IL2,il2_menten_prolif,0,0.05
0.553681686449512,53.92000000000466,IL2,il2_menten_prolif,0,0.05
0.5523544383826645,53.93000000000467,IL2,il2_menten_prolif,0,0.05
0.5510303719238945,53.940000000004666,IL2,il2_menten_prolif,0,0.05
0.5497094794642856,53.950000000004664,IL2,il2_menten_prolif,0,0.05
0.5483917534133664,53.96000000000467,IL2,il2_menten_prolif,0,0.05
0.5470771861990407,53.970000000004674,IL2,il2_menten_prolif,0,0.05
0.5457657702675152,53.98000000000467,IL2,il2_menten_prolif,0,0.05
0.5444574980832265,53.99000000000467,IL2,il2_menten_prolif,0,0.05
0.5431523621287734,54.000000000004675,IL2,il2_menten_prolif,0,0.05
0.5418503549048459,54.01000000000468,IL2,il2_menten_prolif,0,0.05
0.5405514689301546,54.02000000000468,IL2,il2_menten_prolif,0,0.05
0.5392556967413566,54.03000000000468,IL2,il2_menten_prolif,0,0.05
0.5379630308929877,54.04000000000468,IL2,il2_menten_prolif,0,0.05
0.5366734639573923,54.05000000000469,IL2,il2_menten_prolif,0,0.05
0.5353869885246513,54.060000000004685,IL2,il2_menten_prolif,0,0.05
0.5341035972025101,54.07000000000468,IL2,il2_menten_prolif,0,0.05
0.5328232826163084,54.08000000000469,IL2,il2_menten_prolif,0,0.05
0.5315460374089122,54.09000000000469,IL2,il2_menten_prolif,0,0.05
0.5302718542406406,54.10000000000469,IL2,il2_menten_prolif,0,0.05
0.5290007257891938,54.11000000000469,IL2,il2_menten_prolif,0,0.05
0.5277326447495834,54.120000000004694,IL2,il2_menten_prolif,0,0.05
0.5264676038340638,54.1300000000047,IL2,il2_menten_prolif,0,0.05
0.52520559577206,54.1400000000047,IL2,il2_menten_prolif,0,0.05
0.523946613310094,54.150000000004695,IL2,il2_menten_prolif,0,0.05
0.5226906492117166,54.1600000000047,IL2,il2_menten_prolif,0,0.05
0.5214376962153777,54.170000000004705,IL2,il2_menten_prolif,0,0.05
0.5201877470456853,54.1800000000047,IL2,il2_menten_prolif,0,0.05
0.5189407945082005,54.1900000000047,IL2,il2_menten_prolif,0,0.05
0.5176968314259363,54.20000000000471,IL2,il2_menten_prolif,0,0.05
0.5164558506383498,54.21000000000471,IL2,il2_menten_prolif,0,0.05
0.5152178450012675,54.22000000000471,IL2,il2_menten_prolif,0,0.05
0.5139828073868096,54.23000000000471,IL2,il2_menten_prolif,0,0.05
0.5127507306833179,54.24000000000471,IL2,il2_menten_prolif,0,0.05
0.5115216077952852,54.25000000000472,IL2,il2_menten_prolif,0,0.05
0.5102954316432786,54.260000000004716,IL2,il2_menten_prolif,0,0.05
0.5090721951638648,54.270000000004714,IL2,il2_menten_prolif,0,0.05
0.5078518913095382,54.28000000000472,IL2,il2_menten_prolif,0,0.05
0.5066345130486494,54.290000000004724,IL2,il2_menten_prolif,0,0.05
0.5054200533653294,54.30000000000472,IL2,il2_menten_prolif,0,0.05
0.5042085052594146,54.31000000000472,IL2,il2_menten_prolif,0,0.05
0.5029998617463756,54.320000000004725,IL2,il2_menten_prolif,0,0.05
0.5017941158572434,54.33000000000473,IL2,il2_menten_prolif,0,0.05
0.5005912606385362,54.34000000000473,IL2,il2_menten_prolif,0,0.05
0.49939128915218356,54.35000000000473,IL2,il2_menten_prolif,0,0.05
0.498194194475454,54.36000000000473,IL2,il2_menten_prolif,0,0.05
0.4969999697008832,54.37000000000474,IL2,il2_menten_prolif,0,0.05
0.4958086079362001,54.380000000004735,IL2,il2_menten_prolif,0,0.05
0.4946201023042493,54.39000000000473,IL2,il2_menten_prolif,0,0.05
0.4934344459429212,54.40000000000474,IL2,il2_menten_prolif,0,0.05
0.4922516320050794,54.41000000000474,IL2,il2_menten_prolif,0,0.05
0.4910716536584854,54.42000000000474,IL2,il2_menten_prolif,0,0.05
0.4898945040857232,54.43000000000474,IL2,il2_menten_prolif,0,0.05
0.488720176484128,54.440000000004744,IL2,il2_menten_prolif,0,0.05
0.4875486640657139,54.45000000000475,IL2,il2_menten_prolif,0,0.05
0.4863799600570986,54.46000000000475,IL2,il2_menten_prolif,0,0.05
0.48521405769942855,54.470000000004745,IL2,il2_menten_prolif,0,0.05
0.48405095024830647,54.48000000000475,IL2,il2_menten_prolif,0,0.05
0.48289063097372037,54.490000000004756,IL2,il2_menten_prolif,0,0.05
0.4817330931599672,54.50000000000475,IL2,il2_menten_prolif,0,0.05
0.4805783301055787,54.51000000000475,IL2,il2_menten_prolif,0,0.05
0.47942633512324895,54.52000000000476,IL2,il2_menten_prolif,0,0.05
0.4782771015397623,54.53000000000476,IL2,il2_menten_prolif,0,0.05
0.4771306226959182,54.54000000000476,IL2,il2_menten_prolif,0,0.05
0.47598689194645705,54.55000000000476,IL2,il2_menten_prolif,0,0.05
0.47484590265998683,54.56000000000476,IL2,il2_menten_prolif,0,0.05
0.47370764821891165,54.57000000000477,IL2,il2_menten_prolif,0,0.05
0.47257212201935705,54.580000000004766,IL2,il2_menten_prolif,0,0.05
0.47143931747109447,54.590000000004764,IL2,il2_menten_prolif,0,0.05
0.4703092279974691,54.60000000000477,IL2,il2_menten_prolif,0,0.05
0.4691818470353284,54.610000000004774,IL2,il2_menten_prolif,0,0.05
0.46805716803494635,54.62000000000477,IL2,il2_menten_prolif,0,0.05
0.46693518445994886,54.63000000000477,IL2,il2_menten_prolif,0,0.05
0.4658158897872416,54.640000000004775,IL2,il2_menten_prolif,0,0.05
0.46469927750693796,54.65000000000478,IL2,il2_menten_prolif,0,0.05
0.463585341122284,54.66000000000478,IL2,il2_menten_prolif,0,0.05
0.46247407414958325,54.67000000000478,IL2,il2_menten_prolif,0,0.05
0.4613654701181248,54.68000000000478,IL2,il2_menten_prolif,0,0.05
0.46025952257011116,54.69000000000479,IL2,il2_menten_prolif,0,0.05
0.4591562250605833,54.700000000004785,IL2,il2_menten_prolif,0,0.05
0.4580555713007256,54.71000000000478,IL2,il2_menten_prolif,0,0.05
0.4569575552581644,54.72000000000479,IL2,il2_menten_prolif,0,0.05
0.45586217067584955,54.73000000000479,IL2,il2_menten_prolif,0,0.05
0.45476941131435245,54.74000000000479,IL2,il2_menten_prolif,0,0.05
0.45367927096321103,54.75000000000479,IL2,il2_menten_prolif,0,0.05
0.4525917434415737,54.760000000004794,IL2,il2_menten_prolif,0,0.05
0.4515068225988425,54.7700000000048,IL2,il2_menten_prolif,0,0.05
0.4504245023153134,54.7800000000048,IL2,il2_menten_prolif,0,0.05
0.4493447765028161,54.790000000004795,IL2,il2_menten_prolif,0,0.05
0.4482676391053585,54.8000000000048,IL2,il2_menten_prolif,0,0.05
0.44719308409976866,54.810000000004806,IL2,il2_menten_prolif,0,0.05
0.4461211054963361,54.820000000004804,IL2,il2_menten_prolif,0,0.05
0.4450516973394518,54.8300000000048,IL2,il2_menten_prolif,0,0.05
0.443984853677319,54.84000000000481,IL2,il2_menten_prolif,0,0.05
0.4429205678984637,54.85000000000481,IL2,il2_menten_prolif,0,0.05
0.441858833636339,54.86000000000481,IL2,il2_menten_prolif,0,0.05
0.4407996447698591,54.87000000000481,IL2,il2_menten_prolif,0,0.05
0.4397429951813345,54.88000000000481,IL2,il2_menten_prolif,0,0.05
0.43868887875561013,54.89000000000482,IL2,il2_menten_prolif,0,0.05
0.4376372893792022,54.900000000004816,IL2,il2_menten_prolif,0,0.05
0.4365882209394324,54.910000000004814,IL2,il2_menten_prolif,0,0.05
0.43554166732356714,54.92000000000482,IL2,il2_menten_prolif,0,0.05
0.4344976224179564,54.930000000004824,IL2,il2_menten_prolif,0,0.05
0.4334560801071685,54.94000000000482,IL2,il2_menten_prolif,0,0.05
0.4324170342731263,54.95000000000482,IL2,il2_menten_prolif,0,0.05
0.4313804787942453,54.960000000004825,IL2,il2_menten_prolif,0,0.05
0.4303464075445729,54.97000000000483,IL2,il2_menten_prolif,0,0.05
0.4293148145894497,54.98000000000483,IL2,il2_menten_prolif,0,0.05
0.4282856944022384,54.99000000000483,IL2,il2_menten_prolif,0,0.05
0.42725904107772217,55.00000000000483,IL2,il2_menten_prolif,0,0.05
0.42623484870327555,55.01000000000484,IL2,il2_menten_prolif,0,0.05
0.4252131113831583,55.020000000004835,IL2,il2_menten_prolif,0,0.05
0.42419382323876265,55.03000000000483,IL2,il2_menten_prolif,0,0.05
0.42317697840886304,55.04000000000484,IL2,il2_menten_prolif,0,0.05
0.42216257104986465,55.05000000000484,IL2,il2_menten_prolif,0,0.05
0.42115059533605076,55.06000000000484,IL2,il2_menten_prolif,0,0.05
0.4201410454598292,55.07000000000484,IL2,il2_menten_prolif,0,0.05
0.41913391563198166,55.080000000004844,IL2,il2_menten_prolif,0,0.05
0.41812920008191323,55.09000000000485,IL2,il2_menten_prolif,0,0.05
0.4171268930578991,55.10000000000485,IL2,il2_menten_prolif,0,0.05
0.4161269888234005,55.110000000004845,IL2,il2_menten_prolif,0,0.05
0.41512948153365503,55.12000000000485,IL2,il2_menten_prolif,0,0.05
0.41413436539191684,55.130000000004856,IL2,il2_menten_prolif,0,0.05
0.4131416346663671,55.140000000004854,IL2,il2_menten_prolif,0,0.05
0.4121512836388907,55.15000000000485,IL2,il2_menten_prolif,0,0.05
0.4111633066050414,55.16000000000486,IL2,il2_menten_prolif,0,0.05
0.4101776978740066,55.17000000000486,IL2,il2_menten_prolif,0,0.05
0.4091944517685685,55.18000000000486,IL2,il2_menten_prolif,0,0.05
0.408213562625067,55.19000000000486,IL2,il2_menten_prolif,0,0.05
0.40723502479336326,55.20000000000486,IL2,il2_menten_prolif,0,0.05
0.4062588326368056,55.21000000000487,IL2,il2_menten_prolif,0,0.05
0.4052849805321904,55.220000000004866,IL2,il2_menten_prolif,0,0.05
0.4043134628697246,55.230000000004864,IL2,il2_menten_prolif,0,0.05
0.40334427405299,55.24000000000487,IL2,il2_menten_prolif,0,0.05
0.40237740849945314,55.250000000004874,IL2,il2_menten_prolif,0,0.05
0.40141286064129167,55.26000000000487,IL2,il2_menten_prolif,0,0.05
0.4004506249227734,55.27000000000487,IL2,il2_menten_prolif,0,0.05
0.3994906958013681,55.280000000004875,IL2,il2_menten_prolif,0,0.05
0.3985330677478188,55.29000000000488,IL2,il2_menten_prolif,0,0.05
0.39757773524610857,55.30000000000488,IL2,il2_menten_prolif,0,0.05
0.39662469279342416,55.31000000000488,IL2,il2_menten_prolif,0,0.05
0.3956739349001257,55.32000000000488,IL2,il2_menten_prolif,0,0.05
0.394725456089714,55.33000000000489,IL2,il2_menten_prolif,0,0.05
0.3937792508987964,55.340000000004885,IL2,il2_menten_prolif,0,0.05
0.39283531387705206,55.35000000000488,IL2,il2_menten_prolif,0,0.05
0.39189363958720025,55.36000000000489,IL2,il2_menten_prolif,0,0.05
0.3909542226049685,55.37000000000489,IL2,il2_menten_prolif,0,0.05
0.39001705740791515,55.38000000000489,IL2,il2_menten_prolif,0,0.05
0.3890821388566267,55.39000000000489,IL2,il2_menten_prolif,0,0.05
0.38814946140947304,55.400000000004894,IL2,il2_menten_prolif,0,0.05
0.3872190196964581,55.4100000000049,IL2,il2_menten_prolif,0,0.05
0.3862908083601118,55.4200000000049,IL2,il2_menten_prolif,0,0.05
0.38536482205548866,55.430000000004895,IL2,il2_menten_prolif,0,0.05
0.3844410554501694,55.4400000000049,IL2,il2_menten_prolif,0,0.05
0.38351950322426187,55.450000000004906,IL2,il2_menten_prolif,0,0.05
0.3826001600704003,55.460000000004904,IL2,il2_menten_prolif,0,0.05
0.3816830206937434,55.4700000000049,IL2,il2_menten_prolif,0,0.05
0.38076807981197586,55.48000000000491,IL2,il2_menten_prolif,0,0.05
0.37985533215530976,55.49000000000491,IL2,il2_menten_prolif,0,0.05
0.3789447724664833,55.50000000000491,IL2,il2_menten_prolif,0,0.05
0.37803639550075935,55.51000000000491,IL2,il2_menten_prolif,0,0.05
0.37713019602586895,55.52000000000491,IL2,il2_menten_prolif,0,0.05
0.37622616882187065,55.53000000000492,IL2,il2_menten_prolif,0,0.05
0.37532430868147093,55.540000000004916,IL2,il2_menten_prolif,0,0.05
0.3744246104099028,55.550000000004914,IL2,il2_menten_prolif,0,0.05
0.3735270688249117,55.56000000000492,IL2,il2_menten_prolif,0,0.05
0.3726316787567562,55.570000000004924,IL2,il2_menten_prolif,0,0.05
0.3717384350482069,55.58000000000492,IL2,il2_menten_prolif,0,0.05
0.37084733255452673,55.59000000000492,IL2,il2_menten_prolif,0,0.05
0.3699583661421476,55.600000000004925,IL2,il2_menten_prolif,0,0.05
0.36907153068994225,55.61000000000493,IL2,il2_menten_prolif,0,0.05
0.3681868210898124,55.62000000000493,IL2,il2_menten_prolif,0,0.05
0.3673042322460702,55.63000000000493,IL2,il2_menten_prolif,0,0.05
0.36642375907543945,55.64000000000493,IL2,il2_menten_prolif,0,0.05
0.365545396507057,55.65000000000494,IL2,il2_menten_prolif,0,0.05
0.36466913948247165,55.660000000004935,IL2,il2_menten_prolif,0,0.05
0.3637949829547483,55.67000000000493,IL2,il2_menten_prolif,0,0.05
0.36292292188630415,55.68000000000494,IL2,il2_menten_prolif,0,0.05
0.36205295125383186,55.69000000000494,IL2,il2_menten_prolif,0,0.05
0.36118506604646744,55.70000000000494,IL2,il2_menten_prolif,0,0.05
0.3603192612655443,55.71000000000494,IL2,il2_menten_prolif,0,0.05
0.3594555319245938,55.720000000004944,IL2,il2_menten_prolif,0,0.05
0.35859387304934653,55.73000000000495,IL2,il2_menten_prolif,0,0.05
0.35773427967769034,55.74000000000495,IL2,il2_menten_prolif,0,0.05
0.3568767468568005,55.750000000004945,IL2,il2_menten_prolif,0,0.05
0.35602126964589187,55.76000000000495,IL2,il2_menten_prolif,0,0.05
0.3551678431174994,55.770000000004956,IL2,il2_menten_prolif,0,0.05
0.35431646235613834,55.780000000004954,IL2,il2_menten_prolif,0,0.05
0.35346712245830314,55.79000000000495,IL2,il2_menten_prolif,0,0.05
0.35261981853246915,55.80000000000496,IL2,il2_menten_prolif,0,0.05
0.3517745456990932,55.81000000000496,IL2,il2_menten_prolif,0,0.05
0.35093129800450984,55.82000000000496,IL2,il2_menten_prolif,0,0.05
0.3500900732670199,55.83000000000496,IL2,il2_menten_prolif,0,0.05
0.34925086484534584,55.84000000000496,IL2,il2_menten_prolif,0,0.05
0.3484136679688662,55.85000000000497,IL2,il2_menten_prolif,0,0.05
0.3475784778669595,55.860000000004966,IL2,il2_menten_prolif,0,0.05
0.34674528976900354,55.870000000004964,IL2,il2_menten_prolif,0,0.05
0.3459140989043757,55.88000000000497,IL2,il2_menten_prolif,0,0.05
0.34508490050320384,55.890000000004974,IL2,il2_menten_prolif,0,0.05
0.3442576898452504,55.90000000000497,IL2,il2_menten_prolif,0,0.05
0.34343246220201623,55.91000000000497,IL2,il2_menten_prolif,0,0.05
0.34260921281917034,55.920000000004976,IL2,il2_menten_prolif,0,0.05
0.34178793694238285,55.93000000000498,IL2,il2_menten_prolif,0,0.05
0.3409686298173239,55.94000000000498,IL2,il2_menten_prolif,0,0.05
0.3401512866896623,55.95000000000498,IL2,il2_menten_prolif,0,0.05
0.33933590280506715,55.96000000000498,IL2,il2_menten_prolif,0,0.05
0.33852247340920844,55.97000000000499,IL2,il2_menten_prolif,0,0.05
0.33771099374775637,55.980000000004985,IL2,il2_menten_prolif,0,0.05
0.33690145926642223,55.99000000000498,IL2,il2_menten_prolif,0,0.05
0.33609386548798975,56.00000000000499,IL2,il2_menten_prolif,0,0.05
0.3352882077441397,56.01000000000499,IL2,il2_menten_prolif,0,0.05
0.33448448136642284,56.02000000000499,IL2,il2_menten_prolif,0,0.05
0.33368268168638826,56.03000000000499,IL2,il2_menten_prolif,0,0.05
0.3328828040355852,56.040000000004994,IL2,il2_menten_prolif,0,0.05
0.3320848437455642,56.050000000005,IL2,il2_menten_prolif,0,0.05
0.33128879614787565,56.060000000005,IL2,il2_menten_prolif,0,0.05
0.33049465657406896,56.070000000004995,IL2,il2_menten_prolif,0,0.05
0.329702420516507,56.080000000005,IL2,il2_menten_prolif,0,0.05
0.3289120836852826,56.090000000005006,IL2,il2_menten_prolif,0,0.05
0.3281236415220731,56.100000000005004,IL2,il2_menten_prolif,0,0.05
0.3273370894600538,56.11000000000501,IL2,il2_menten_prolif,0,0.05
0.3265524229324013,56.12000000000501,IL2,il2_menten_prolif,0,0.05
0.3257696373722908,56.130000000005005,IL2,il2_menten_prolif,0,0.05
0.3249887282128977,56.14000000000501,IL2,il2_menten_prolif,0,0.05
0.32420969088739815,56.150000000005015,IL2,il2_menten_prolif,0,0.05
0.3234325208289687,56.16000000000501,IL2,il2_menten_prolif,0,0.05
0.3226572135686891,56.17000000000501,IL2,il2_menten_prolif,0,0.05
0.3218837649323685,56.180000000005016,IL2,il2_menten_prolif,0,0.05
0.32111217048114804,56.19000000000502,IL2,il2_menten_prolif,0,0.05
0.3203424257475743,56.20000000000502,IL2,il2_menten_prolif,0,0.05
0.31957452626419236,56.21000000000502,IL2,il2_menten_prolif,0,0.05
0.3188084675635472,56.22000000000502,IL2,il2_menten_prolif,0,0.05
0.3180442451781851,56.23000000000503,IL2,il2_menten_prolif,0,0.05
0.3172818546406523,56.240000000005026,IL2,il2_menten_prolif,0,0.05
0.316521291483494,56.25000000000502,IL2,il2_menten_prolif,0,0.05
0.31576255129108893,56.26000000000503,IL2,il2_menten_prolif,0,0.05
0.3150056299765724,56.270000000005034,IL2,il2_menten_prolif,0,0.05
0.3142505232289211,56.28000000000503,IL2,il2_menten_prolif,0,0.05
0.3134972266778897,56.29000000000503,IL2,il2_menten_prolif,0,0.05
0.31274573595323224,56.300000000005035,IL2,il2_menten_prolif,0,0.05
0.31199604668470415,56.31000000000504,IL2,il2_menten_prolif,0,0.05
0.311248154502061,56.32000000000504,IL2,il2_menten_prolif,0,0.05
0.31050205503505707,56.330000000005036,IL2,il2_menten_prolif,0,0.05
0.3097577439134467,56.34000000000504,IL2,il2_menten_prolif,0,0.05
0.30901521678806476,56.350000000005046,IL2,il2_menten_prolif,0,0.05
0.3082744696334715,56.360000000005044,IL2,il2_menten_prolif,0,0.05
0.30753549827373694,56.37000000000504,IL2,il2_menten_prolif,0,0.05
0.30679829843371076,56.38000000000505,IL2,il2_menten_prolif,0,0.05
0.30606286583824416,56.39000000000505,IL2,il2_menten_prolif,0,0.05
0.3053291962121878,56.40000000000505,IL2,il2_menten_prolif,0,0.05
0.3045972852803915,56.41000000000505,IL2,il2_menten_prolif,0,0.05
0.30386712876770505,56.420000000005054,IL2,il2_menten_prolif,0,0.05
0.3031387223989795,56.43000000000506,IL2,il2_menten_prolif,0,0.05
0.3024120619033427,56.44000000000506,IL2,il2_menten_prolif,0,0.05
0.30168714329334306,56.450000000005055,IL2,il2_menten_prolif,0,0.05
0.30096396253436053,56.46000000000506,IL2,il2_menten_prolif,0,0.05
0.30024251544427205,56.470000000005065,IL2,il2_menten_prolif,0,0.05
0.2995227978409549,56.48000000000506,IL2,il2_menten_prolif,0,0.05
0.298804805542285,56.49000000000506,IL2,il2_menten_prolif,0,0.05
0.29808853436613847,56.500000000005066,IL2,il2_menten_prolif,0,0.05
0.2973739801303924,56.51000000000507,IL2,il2_menten_prolif,0,0.05
0.29666113865292365,56.52000000000507,IL2,il2_menten_prolif,0,0.05
0.29595000575160846,56.53000000000507,IL2,il2_menten_prolif,0,0.05
0.2952405793195625,56.54000000000507,IL2,il2_menten_prolif,0,0.05
0.29453285098544724,56.55000000000508,IL2,il2_menten_prolif,0,0.05
0.29382681953547507,56.560000000005076,IL2,il2_menten_prolif,0,0.05
0.2931224808120849,56.570000000005074,IL2,il2_menten_prolif,0,0.05
0.2924198306676436,56.58000000000508,IL2,il2_menten_prolif,0,0.05
0.2917188649644464,56.590000000005084,IL2,il2_menten_prolif,0,0.05
0.2910195795747158,56.60000000000508,IL2,il2_menten_prolif,0,0.05
0.2903219703806011,56.61000000000508,IL2,il2_menten_prolif,0,0.05
0.2896260332741787,56.620000000005085,IL2,il2_menten_prolif,0,0.05
0.28893176435685336,56.63000000000509,IL2,il2_menten_prolif,0,0.05
0.28823915996827776,56.64000000000509,IL2,il2_menten_prolif,0,0.05
0.2875482160917188,56.650000000005086,IL2,il2_menten_prolif,0,0.05
0.2868589287106728,56.66000000000509,IL2,il2_menten_prolif,0,0.05
0.28617129381988415,56.670000000005096,IL2,il2_menten_prolif,0,0.05
0.28548530742534417,56.680000000005094,IL2,il2_menten_prolif,0,0.05
0.28480096554429,56.69000000000509,IL2,il2_menten_prolif,0,0.05
0.28411826420520614,56.7000000000051,IL2,il2_menten_prolif,0,0.05
0.2834371994478244,56.7100000000051,IL2,il2_menten_prolif,0,0.05
0.28275776732312413,56.7200000000051,IL2,il2_menten_prolif,0,0.05
0.28207996389333034,56.7300000000051,IL2,il2_menten_prolif,0,0.05
0.2814037852319151,56.740000000005104,IL2,il2_menten_prolif,0,0.05
0.2807292274235983,56.75000000000511,IL2,il2_menten_prolif,0,0.05
0.2800562865643469,56.76000000000511,IL2,il2_menten_prolif,0,0.05
0.2793849587613737,56.770000000005105,IL2,il2_menten_prolif,0,0.05
0.27871524013313864,56.78000000000511,IL2,il2_menten_prolif,0,0.05
0.2780471268093494,56.790000000005115,IL2,il2_menten_prolif,0,0.05
0.2773806149309609,56.80000000000511,IL2,il2_menten_prolif,0,0.05
0.2767157006501735,56.81000000000511,IL2,il2_menten_prolif,0,0.05
0.2760523801304351,56.820000000005116,IL2,il2_menten_prolif,0,0.05
0.27539064954644116,56.83000000000512,IL2,il2_menten_prolif,0,0.05
0.27473050508413427,56.84000000000512,IL2,il2_menten_prolif,0,0.05
0.2740719429407028,56.85000000000512,IL2,il2_menten_prolif,0,0.05
0.27341495932458243,56.86000000000512,IL2,il2_menten_prolif,0,0.05
0.2727595504554563,56.87000000000513,IL2,il2_menten_prolif,0,0.05
0.2721057125642549,56.880000000005126,IL2,il2_menten_prolif,0,0.05
0.2714534418931544,56.890000000005124,IL2,il2_menten_prolif,0,0.05
0.27080273469557825,56.90000000000513,IL2,il2_menten_prolif,0,0.05
0.27015358723619753,56.910000000005134,IL2,il2_menten_prolif,0,0.05
0.26950599579093026,56.92000000000513,IL2,il2_menten_prolif,0,0.05
0.2688599566469406,56.93000000000513,IL2,il2_menten_prolif,0,0.05
0.2682154661026398,56.940000000005135,IL2,il2_menten_prolif,0,0.05
0.26757252046768665,56.95000000000514,IL2,il2_menten_prolif,0,0.05
0.26693111606298725,56.96000000000514,IL2,il2_menten_prolif,0,0.05
0.2662912492206933,56.970000000005136,IL2,il2_menten_prolif,0,0.05
0.26565291628420384,56.98000000000514,IL2,il2_menten_prolif,0,0.05
0.2650161136081657,56.990000000005146,IL2,il2_menten_prolif,0,0.05
0.2643808373574045,57.000000000005144,IL2,il2_menten_prolif,0,0.05
0.2637470836181126,57.01000000000514,IL2,il2_menten_prolif,0,0.05
0.263114848738677,57.02000000000515,IL2,il2_menten_prolif,0,0.05
0.26248412907900376,57.03000000000515,IL2,il2_menten_prolif,0,0.05
0.26185492100923513,57.04000000000515,IL2,il2_menten_prolif,0,0.05
0.2612272209097488,57.05000000000515,IL2,il2_menten_prolif,0,0.05
0.26060102517115863,57.060000000005154,IL2,il2_menten_prolif,0,0.05
0.25997633019431565,57.07000000000516,IL2,il2_menten_prolif,0,0.05
0.25935313239030705,57.08000000000516,IL2,il2_menten_prolif,0,0.05
0.2587314281804555,57.090000000005155,IL2,il2_menten_prolif,0,0.05
0.2581112139963199,57.10000000000516,IL2,il2_menten_prolif,0,0.05
0.25749248627969623,57.110000000005165,IL2,il2_menten_prolif,0,0.05
0.2568752414826167,57.12000000000516,IL2,il2_menten_prolif,0,0.05
0.25625947606734895,57.13000000000516,IL2,il2_menten_prolif,0,0.05
0.2556451865063968,57.140000000005166,IL2,il2_menten_prolif,0,0.05
0.2550323692825011,57.15000000000517,IL2,il2_menten_prolif,0,0.05
0.25442102088863927,57.16000000000517,IL2,il2_menten_prolif,0,0.05
0.25381113782802367,57.17000000000517,IL2,il2_menten_prolif,0,0.05
0.2532027166141032,57.18000000000517,IL2,il2_menten_prolif,0,0.05
0.2525957537705638,57.19000000000518,IL2,il2_menten_prolif,0,0.05
0.25199024583132773,57.200000000005176,IL2,il2_menten_prolif,0,0.05
0.25138618934055235,57.210000000005174,IL2,il2_menten_prolif,0,0.05
0.25078358085263164,57.22000000000518,IL2,il2_menten_prolif,0,0.05
0.2501824169321963,57.230000000005184,IL2,il2_menten_prolif,0,0.05
0.24958269415411366,57.24000000000518,IL2,il2_menten_prolif,0,0.05
0.2489844091034861,57.25000000000518,IL2,il2_menten_prolif,0,0.05
0.24838755837565246,57.260000000005185,IL2,il2_menten_prolif,0,0.05
0.24779213857618865,57.27000000000519,IL2,il2_menten_prolif,0,0.05
0.2471981463209067,57.28000000000519,IL2,il2_menten_prolif,0,0.05
0.2466055782358541,57.290000000005186,IL2,il2_menten_prolif,0,0.05
0.24601443095731473,57.30000000000519,IL2,il2_menten_prolif,0,0.05
0.2454247011318093,57.310000000005196,IL2,il2_menten_prolif,0,0.05
0.24483638541609498,57.320000000005194,IL2,il2_menten_prolif,0,0.05
0.24424948047716408,57.33000000000519,IL2,il2_menten_prolif,0,0.05
0.2436639829922455,57.3400000000052,IL2,il2_menten_prolif,0,0.05
0.24307988964880495,57.3500000000052,IL2,il2_menten_prolif,0,0.05
0.2424971971437863,57.3600000000052,IL2,il2_menten_prolif,0,0.05
0.2419159017223092,57.3700000000052,IL2,il2_menten_prolif,0,0.05
0.2413359996624853,57.380000000005204,IL2,il2_menten_prolif,0,0.05
0.24075748762222624,57.39000000000521,IL2,il2_menten_prolif,0,0.05
0.24018036226784514,57.40000000000521,IL2,il2_menten_prolif,0,0.05
0.23960462027405555,57.410000000005205,IL2,il2_menten_prolif,0,0.05
0.2390302583239729,57.42000000000521,IL2,il2_menten_prolif,0,0.05
0.23845727310911474,57.430000000005215,IL2,il2_menten_prolif,0,0.05
0.23788566132940037,57.44000000000521,IL2,il2_menten_prolif,0,0.05
0.23731541969314945,57.45000000000521,IL2,il2_menten_prolif,0,0.05
0.23674654491708355,57.460000000005216,IL2,il2_menten_prolif,0,0.05
0.2361790337263262,57.47000000000522,IL2,il2_menten_prolif,0,0.05
0.23561288285440285,57.48000000000522,IL2,il2_menten_prolif,0,0.05
0.23504808904323932,57.49000000000522,IL2,il2_menten_prolif,0,0.05
0.23448464904316318,57.50000000000522,IL2,il2_menten_prolif,0,0.05
0.2339225596129042,57.51000000000523,IL2,il2_menten_prolif,0,0.05
0.23336181751959384,57.520000000005226,IL2,il2_menten_prolif,0,0.05
0.23280241953876407,57.530000000005224,IL2,il2_menten_prolif,0,0.05
0.23224436245434849,57.54000000000523,IL2,il2_menten_prolif,0,0.05
0.23168764305868303,57.550000000005234,IL2,il2_menten_prolif,0,0.05
0.2311322581525052,57.56000000000523,IL2,il2_menten_prolif,0,0.05
0.23057820454495317,57.57000000000523,IL2,il2_menten_prolif,0,0.05
0.23002547905356663,57.580000000005235,IL2,il2_menten_prolif,0,0.05
0.22947407850428758,57.59000000000524,IL2,il2_menten_prolif,0,0.05
0.2289239997314596,57.60000000000524,IL2,il2_menten_prolif,0,0.05
0.22837523957782696,57.610000000005236,IL2,il2_menten_prolif,0,0.05
0.22782779489453553,57.62000000000524,IL2,il2_menten_prolif,0,0.05
0.22728166254113333,57.630000000005246,IL2,il2_menten_prolif,0,0.05
0.2267368393855701,57.640000000005244,IL2,il2_menten_prolif,0,0.05
0.22619332230419625,57.65000000000524,IL2,il2_menten_prolif,0,0.05
0.2256511081817636,57.66000000000525,IL2,il2_menten_prolif,0,0.05
0.22511019391142645,57.67000000000525,IL2,il2_menten_prolif,0,0.05
0.22457057639474054,57.68000000000525,IL2,il2_menten_prolif,0,0.05
0.22403225254166242,57.69000000000525,IL2,il2_menten_prolif,0,0.05
0.22349521927055,57.700000000005254,IL2,il2_menten_prolif,0,0.05
0.2229594735081637,57.71000000000526,IL2,il2_menten_prolif,0,0.05
0.22242501218966532,57.72000000000526,IL2,il2_menten_prolif,0,0.05
0.22189183225457315,57.730000000005255,IL2,il2_menten_prolif,0,0.05
0.22135993044909252,57.74000000000526,IL2,il2_menten_prolif,0,0.05
0.22082930359946074,57.750000000005265,IL2,il2_menten_prolif,0,0.05
0.2202999486477728,57.76000000000526,IL2,il2_menten_prolif,0,0.05
0.21977186254383255,57.77000000000526,IL2,il2_menten_prolif,0,0.05
0.21924504224515318,57.780000000005266,IL2,il2_menten_prolif,0,0.05
0.21871948471695826,57.79000000000527,IL2,il2_menten_prolif,0,0.05
0.21819518693218073,57.80000000000527,IL2,il2_menten_prolif,0,0.05
0.21767214587146233,57.81000000000527,IL2,il2_menten_prolif,0,0.05
0.21715035852315442,57.82000000000527,IL2,il2_menten_prolif,0,0.05
0.2166298218833183,57.83000000000528,IL2,il2_menten_prolif,0,0.05
0.21611053295572497,57.840000000005276,IL2,il2_menten_prolif,0,0.05
0.21559248875185416,57.850000000005274,IL2,il2_menten_prolif,0,0.05
0.2150756862908951,57.86000000000528,IL2,il2_menten_prolif,0,0.05
0.2145601225997471,57.870000000005284,IL2,il2_menten_prolif,0,0.05
0.21404579471301916,57.88000000000528,IL2,il2_menten_prolif,0,0.05
0.2135326996730289,57.89000000000528,IL2,il2_menten_prolif,0,0.05
0.21302083452980353,57.900000000005285,IL2,il2_menten_prolif,0,0.05
0.21251019634108037,57.91000000000529,IL2,il2_menten_prolif,0,0.05
0.21200078217230633,57.92000000000529,IL2,il2_menten_prolif,0,0.05
0.21149258909663698,57.930000000005286,IL2,il2_menten_prolif,0,0.05
0.2109856141949375,57.94000000000529,IL2,il2_menten_prolif,0,0.05
0.21047985455578314,57.950000000005296,IL2,il2_menten_prolif,0,0.05
0.20997530727545888,57.960000000005294,IL2,il2_menten_prolif,0,0.05
0.20947196945795815,57.97000000000529,IL2,il2_menten_prolif,0,0.05
0.2089698382149842,57.9800000000053,IL2,il2_menten_prolif,0,0.05
0.20846891066595014,57.9900000000053,IL2,il2_menten_prolif,0,0.05
0.20796918393797884,58.0000000000053,IL2,il2_menten_prolif,0,0.05
0.20747065516590182,58.0100000000053,IL2,il2_menten_prolif,0,0.05
0.20697332149226022,58.020000000005304,IL2,il2_menten_prolif,0,0.05
0.2064771800673052,58.03000000000531,IL2,il2_menten_prolif,0,0.05
0.20598222804899746,58.04000000000531,IL2,il2_menten_prolif,0,0.05
0.20548846260300663,58.050000000005305,IL2,il2_menten_prolif,0,0.05
0.2049958809027116,58.06000000000531,IL2,il2_menten_prolif,0,0.05
0.20450448012920175,58.070000000005315,IL2,il2_menten_prolif,0,0.05
0.20401425747127555,58.08000000000531,IL2,il2_menten_prolif,0,0.05
0.20352521012544067,58.09000000000531,IL2,il2_menten_prolif,0,0.05
0.2030373449846062,58.100000000005316,IL2,il2_menten_prolif,0,0.05
0.20255063839001838,58.11000000000532,IL2,il2_menten_prolif,0,0.05
0.20206509854900462,58.12000000000532,IL2,il2_menten_prolif,0,0.05
0.20158072265273846,58.13000000000532,IL2,il2_menten_prolif,0,0.05
0.20109750790006273,58.14000000000532,IL2,il2_menten_prolif,0,0.05
0.2006154514974723,58.15000000000533,IL2,il2_menten_prolif,0,0.05
0.2001345506590957,58.160000000005326,IL2,il2_menten_prolif,0,0.05
0.19965480260667695,58.170000000005324,IL2,il2_menten_prolif,0,0.05
0.19917620456955823,58.18000000000533,IL2,il2_menten_prolif,0,0.05
0.198698753784663,58.190000000005334,IL2,il2_menten_prolif,0,0.05
0.19822244749647766,58.20000000000533,IL2,il2_menten_prolif,0,0.05
0.19774728295703298,58.21000000000533,IL2,il2_menten_prolif,0,0.05
0.19727325742588736,58.220000000005335,IL2,il2_menten_prolif,0,0.05
0.19680036817010937,58.23000000000534,IL2,il2_menten_prolif,0,0.05
0.19632861246425984,58.24000000000534,IL2,il2_menten_prolif,0,0.05
0.195857987590373,58.250000000005336,IL2,il2_menten_prolif,0,0.05
0.19538849083793997,58.26000000000534,IL2,il2_menten_prolif,0,0.05
0.1949201195038911,58.270000000005346,IL2,il2_menten_prolif,0,0.05
0.19445287089257818,58.280000000005344,IL2,il2_menten_prolif,0,0.05
0.19398674231575558,58.29000000000534,IL2,il2_menten_prolif,0,0.05
0.1935217310925636,58.30000000000535,IL2,il2_menten_prolif,0,0.05
0.19305783454951114,58.31000000000535,IL2,il2_menten_prolif,0,0.05
0.1925950500204574,58.32000000000535,IL2,il2_menten_prolif,0,0.05
0.19213337484659365,58.33000000000535,IL2,il2_menten_prolif,0,0.05
0.19167280637642592,58.340000000005354,IL2,il2_menten_prolif,0,0.05
0.19121334196575818,58.35000000000536,IL2,il2_menten_prolif,0,0.05
0.1907549789776738,58.36000000000536,IL2,il2_menten_prolif,0,0.05
0.19029771478251734,58.370000000005355,IL2,il2_menten_prolif,0,0.05
0.1898415467578773,58.38000000000536,IL2,il2_menten_prolif,0,0.05
0.1893864722885693,58.390000000005365,IL2,il2_menten_prolif,0,0.05
0.18893248876661753,58.40000000000536,IL2,il2_menten_prolif,0,0.05
0.18847959359123637,58.41000000000536,IL2,il2_menten_prolif,0,0.05
0.18802778416881347,58.420000000005366,IL2,il2_menten_prolif,0,0.05
0.1875770579128926,58.43000000000537,IL2,il2_menten_prolif,0,0.05
0.18712741224415533,58.44000000000537,IL2,il2_menten_prolif,0,0.05
0.18667884459040257,58.45000000000537,IL2,il2_menten_prolif,0,0.05
0.18623135238653774,58.46000000000537,IL2,il2_menten_prolif,0,0.05
0.18578493306731636,58.47000000000538,IL2,il2_menten_prolif,0,0.05
0.18533958400378833,58.480000000005376,IL2,il2_menten_prolif,0,0.05
0.18489530260545436,58.490000000005374,IL2,il2_menten_prolif,0,0.05
0.18445208629991428,58.50000000000538,IL2,il2_menten_prolif,0,0.05
0.18400993251738187,58.510000000005384,IL2,il2_menten_prolif,0,0.05
0.183568838690447,58.52000000000538,IL2,il2_menten_prolif,0,0.05
0.18312880225383665,58.53000000000538,IL2,il2_menten_prolif,0,0.05
0.18268982064417813,58.540000000005385,IL2,il2_menten_prolif,0,0.05
0.18225189129976194,58.55000000000539,IL2,il2_menten_prolif,0,0.05
0.18181501166030312,58.56000000000539,IL2,il2_menten_prolif,0,0.05
0.18137917916670315,58.570000000005386,IL2,il2_menten_prolif,0,0.05
0.18094439126081238,58.58000000000539,IL2,il2_menten_prolif,0,0.05
0.18051064542684098,58.590000000005396,IL2,il2_menten_prolif,0,0.05
0.1800779392732008,58.600000000005394,IL2,il2_menten_prolif,0,0.05
0.1796462703178589,58.61000000000539,IL2,il2_menten_prolif,0,0.05
0.17921563607744126,58.6200000000054,IL2,il2_menten_prolif,0,0.05
0.1787860340772502,58.6300000000054,IL2,il2_menten_prolif,0,0.05
0.1783574618514664,58.6400000000054,IL2,il2_menten_prolif,0,0.05
0.1779299169433504,58.6500000000054,IL2,il2_menten_prolif,0,0.05
0.17750339690544548,58.660000000005404,IL2,il2_menten_prolif,0,0.05
0.17707789929978032,58.67000000000541,IL2,il2_menten_prolif,0,0.05
0.17665342169807102,58.68000000000541,IL2,il2_menten_prolif,0,0.05
0.1762299616819225,58.690000000005405,IL2,il2_menten_prolif,0,0.05
0.17580751684303125,58.70000000000541,IL2,il2_menten_prolif,0,0.05
0.1753860847272602,58.710000000005415,IL2,il2_menten_prolif,0,0.05
0.17496566284795756,58.72000000000541,IL2,il2_menten_prolif,0,0.05
0.1745462487832668,58.73000000000541,IL2,il2_menten_prolif,0,0.05
0.17412784011680682,58.740000000005416,IL2,il2_menten_prolif,0,0.05
0.17371043443727696,58.75000000000542,IL2,il2_menten_prolif,0,0.05
0.1732940293383655,58.76000000000542,IL2,il2_menten_prolif,0,0.05
0.17287862241865784,58.77000000000542,IL2,il2_menten_prolif,0,0.05
0.17246421128154615,58.78000000000542,IL2,il2_menten_prolif,0,0.05
0.17205079353513836,58.79000000000543,IL2,il2_menten_prolif,0,0.05
0.17163836679216693,58.800000000005426,IL2,il2_menten_prolif,0,0.05
0.17122692866989692,58.810000000005424,IL2,il2_menten_prolif,0,0.05
0.17081647679066003,58.82000000000543,IL2,il2_menten_prolif,0,0.05
0.17040700880472562,58.830000000005434,IL2,il2_menten_prolif,0,0.05
0.1699985223631774,58.84000000000543,IL2,il2_menten_prolif,0,0.05
0.16959101511313057,58.85000000000543,IL2,il2_menten_prolif,0,0.05
0.16918448470736425,58.860000000005435,IL2,il2_menten_prolif,0,0.05
0.16877892880431095,58.87000000000544,IL2,il2_menten_prolif,0,0.05
0.16837434506804472,58.88000000000544,IL2,il2_menten_prolif,0,0.05
0.16797073116827016,58.890000000005436,IL2,il2_menten_prolif,0,0.05
0.1675680847803113,58.90000000000544,IL2,il2_menten_prolif,0,0.05
0.16716640358510182,58.91000000000545,IL2,il2_menten_prolif,0,0.05
0.16676568526917296,58.920000000005444,IL2,il2_menten_prolif,0,0.05
0.1663659275246421,58.93000000000544,IL2,il2_menten_prolif,0,0.05
0.165967128049083,58.94000000000545,IL2,il2_menten_prolif,0,0.05
0.16556928454478542,58.95000000000545,IL2,il2_menten_prolif,0,0.05
0.16517239472003276,58.96000000000545,IL2,il2_menten_prolif,0,0.05
0.16477645628874743,58.97000000000545,IL2,il2_menten_prolif,0,0.05
0.16438146697033024,58.980000000005454,IL2,il2_menten_prolif,0,0.05
0.16398742448964732,58.99000000000546,IL2,il2_menten_prolif,0,0.05
0.16359432657701592,59.00000000000546,IL2,il2_menten_prolif,0,0.05
0.16320217096819034,59.010000000005455,IL2,il2_menten_prolif,0,0.05
0.1628109554043486,59.02000000000546,IL2,il2_menten_prolif,0,0.05
0.16242067763207946,59.030000000005465,IL2,il2_menten_prolif,0,0.05
0.16203133540336817,59.04000000000546,IL2,il2_menten_prolif,0,0.05
0.16164292647558226,59.05000000000546,IL2,il2_menten_prolif,0,0.05
0.16125544859349716,59.060000000005466,IL2,il2_menten_prolif,0,0.05
0.16086889956812164,59.07000000000547,IL2,il2_menten_prolif,0,0.05
0.16048327714588098,59.08000000000547,IL2,il2_menten_prolif,0,0.05
0.16009857910619218,59.09000000000547,IL2,il2_menten_prolif,0,0.05
0.1597148032336721,59.10000000000547,IL2,il2_menten_prolif,0,0.05
0.1593319473181383,59.11000000000548,IL2,il2_menten_prolif,0,0.05
0.15895000915460825,59.120000000005476,IL2,il2_menten_prolif,0,0.05
0.158568986543299,59.130000000005474,IL2,il2_menten_prolif,0,0.05
0.15818887728962763,59.14000000000548,IL2,il2_menten_prolif,0,0.05
0.15780967920421168,59.150000000005484,IL2,il2_menten_prolif,0,0.05
0.15743139010286888,59.16000000000548,IL2,il2_menten_prolif,0,0.05
0.1570540078066162,59.17000000000548,IL2,il2_menten_prolif,0,0.05
0.15667753014173608,59.180000000005485,IL2,il2_menten_prolif,0,0.05
0.15630195493974608,59.19000000000549,IL2,il2_menten_prolif,0,0.05
0.15592728003731968,59.20000000000549,IL2,il2_menten_prolif,0,0.05
0.15555350327633566,59.210000000005486,IL2,il2_menten_prolif,0,0.05
0.15518062250387926,59.22000000000549,IL2,il2_menten_prolif,0,0.05
0.15480863557224217,59.2300000000055,IL2,il2_menten_prolif,0,0.05
0.15443754033892249,59.240000000005494,IL2,il2_menten_prolif,0,0.05
0.1540673346665094,59.25000000000549,IL2,il2_menten_prolif,0,0.05
0.15369801642206843,59.2600000000055,IL2,il2_menten_prolif,0,0.05
0.15332958347821196,59.2700000000055,IL2,il2_menten_prolif,0,0.05
0.15296203371281697,59.2800000000055,IL2,il2_menten_prolif,0,0.05
0.15259536500891913,59.2900000000055,IL2,il2_menten_prolif,0,0.05
0.15222957525471337,59.300000000005504,IL2,il2_menten_prolif,0,0.05
0.15186466234355428,59.31000000000551,IL2,il2_menten_prolif,0,0.05
0.15150062417395574,59.32000000000551,IL2,il2_menten_prolif,0,0.05
0.15113745864867195,59.330000000005505,IL2,il2_menten_prolif,0,0.05
0.15077516367511612,59.34000000000551,IL2,il2_menten_prolif,0,0.05
0.15041373716649517,59.350000000005515,IL2,il2_menten_prolif,0,0.05
0.1500531770410878,59.36000000000551,IL2,il2_menten_prolif,0,0.05
0.14969348122224424,59.37000000000551,IL2,il2_menten_prolif,0,0.05
0.1493346476383866,59.380000000005516,IL2,il2_menten_prolif,0,0.05
0.1489766742230096,59.39000000000552,IL2,il2_menten_prolif,0,0.05
0.1486195589144593,59.40000000000552,IL2,il2_menten_prolif,0,0.05
0.14826329965474752,59.41000000000552,IL2,il2_menten_prolif,0,0.05
0.14790789439161314,59.42000000000552,IL2,il2_menten_prolif,0,0.05
0.14755334107798002,59.43000000000553,IL2,il2_menten_prolif,0,0.05
0.14719963767175331,59.440000000005526,IL2,il2_menten_prolif,0,0.05
0.14684678213581934,59.450000000005524,IL2,il2_menten_prolif,0,0.05
0.1464947724380459,59.46000000000553,IL2,il2_menten_prolif,0,0.05
0.14614360655128283,59.470000000005534,IL2,il2_menten_prolif,0,0.05
0.14579328208712705,59.48000000000553,IL2,il2_menten_prolif,0,0.05
0.1454437979354532,59.49000000000553,IL2,il2_menten_prolif,0,0.05
0.1450951514654718,59.500000000005535,IL2,il2_menten_prolif,0,0.05
0.14474734069356426,59.51000000000554,IL2,il2_menten_prolif,0,0.05
0.1444003636361123,59.52000000000554,IL2,il2_menten_prolif,0,0.05
0.14405421830949683,59.530000000005536,IL2,il2_menten_prolif,0,0.05
0.14370890273009904,59.54000000000554,IL2,il2_menten_prolif,0,0.05
0.1433644149182213,59.55000000000555,IL2,il2_menten_prolif,0,0.05
0.14302075291688474,59.560000000005545,IL2,il2_menten_prolif,0,0.05
0.14267791475307606,59.57000000000554,IL2,il2_menten_prolif,0,0.05
0.14233589844995026,59.58000000000555,IL2,il2_menten_prolif,0,0.05
0.14199470203066286,59.59000000000555,IL2,il2_menten_prolif,0,0.05
0.14165432351836935,59.60000000000555,IL2,il2_menten_prolif,0,0.05
0.14131476093622478,59.61000000000555,IL2,il2_menten_prolif,0,0.05
0.14097601230738405,59.620000000005554,IL2,il2_menten_prolif,0,0.05
0.14063807565500286,59.63000000000556,IL2,il2_menten_prolif,0,0.05
0.14030094901120127,59.64000000000556,IL2,il2_menten_prolif,0,0.05
0.1399646305302775,59.650000000005555,IL2,il2_menten_prolif,0,0.05
0.1396291183063344,59.66000000000556,IL2,il2_menten_prolif,0,0.05
0.13929441039823648,59.670000000005565,IL2,il2_menten_prolif,0,0.05
0.13896050486484818,59.68000000000556,IL2,il2_menten_prolif,0,0.05
0.1386273997650334,59.69000000000556,IL2,il2_menten_prolif,0,0.05
0.13829509315765626,59.700000000005566,IL2,il2_menten_prolif,0,0.05
0.137963583101581,59.71000000000557,IL2,il2_menten_prolif,0,0.05
0.13763286765567218,59.72000000000557,IL2,il2_menten_prolif,0,0.05
0.13730294488131572,59.73000000000557,IL2,il2_menten_prolif,0,0.05
0.13697381297121852,59.74000000000557,IL2,il2_menten_prolif,0,0.05
0.13664547009058886,59.75000000000558,IL2,il2_menten_prolif,0,0.05
0.13631791434054708,59.760000000005576,IL2,il2_menten_prolif,0,0.05
0.13599114382221306,59.770000000005574,IL2,il2_menten_prolif,0,0.05
0.13566515663670672,59.78000000000558,IL2,il2_menten_prolif,0,0.05
0.1353399508851484,59.790000000005584,IL2,il2_menten_prolif,0,0.05
0.13501552466865852,59.80000000000558,IL2,il2_menten_prolif,0,0.05
0.13469187608835698,59.81000000000558,IL2,il2_menten_prolif,0,0.05
0.1343690032453636,59.820000000005585,IL2,il2_menten_prolif,0,0.05
0.13404690434106983,59.83000000000559,IL2,il2_menten_prolif,0,0.05
0.1337255776067557,59.84000000000559,IL2,il2_menten_prolif,0,0.05
0.13340502118486275,59.850000000005586,IL2,il2_menten_prolif,0,0.05
0.13308523321782875,59.86000000000559,IL2,il2_menten_prolif,0,0.05
0.1327662118480919,59.8700000000056,IL2,il2_menten_prolif,0,0.05
0.1324479552180905,59.880000000005595,IL2,il2_menten_prolif,0,0.05
0.1321304614702623,59.89000000000559,IL2,il2_menten_prolif,0,0.05
0.13181372874704506,59.9000000000056,IL2,il2_menten_prolif,0,0.05
0.13149775519087703,59.9100000000056,IL2,il2_menten_prolif,0,0.05
0.1311825390113765,59.9200000000056,IL2,il2_menten_prolif,0,0.05
0.13086807849975463,59.9300000000056,IL2,il2_menten_prolif,0,0.05
0.13055437184160257,59.940000000005604,IL2,il2_menten_prolif,0,0.05
0.130241417219778,59.95000000000561,IL2,il2_menten_prolif,0,0.05
0.1299292128171386,59.96000000000561,IL2,il2_menten_prolif,0,0.05
0.1296177568165417,59.970000000005605,IL2,il2_menten_prolif,0,0.05
0.12930704740084445,59.98000000000561,IL2,il2_menten_prolif,0,0.05
0.12899708275290467,59.990000000005615,IL2,il2_menten_prolif,0,0.05
0.12868786105557997,60.00000000000561,IL2,il2_menten_prolif,0,0.05
0.12837938053315084,60.01000000000561,IL2,il2_menten_prolif,0,0.05
0.1280716395242038,60.020000000005616,IL2,il2_menten_prolif,0,0.05
0.12776463626132667,60.03000000000562,IL2,il2_menten_prolif,0,0.05
0.1274583689669178,60.04000000000562,IL2,il2_menten_prolif,0,0.05
0.12715283586337497,60.05000000000562,IL2,il2_menten_prolif,0,0.05
0.12684803517309604,60.06000000000562,IL2,il2_menten_prolif,0,0.05
0.12654396511847926,60.07000000000563,IL2,il2_menten_prolif,0,0.05
0.12624062392192287,60.080000000005626,IL2,il2_menten_prolif,0,0.05
0.1259380098058248,60.090000000005624,IL2,il2_menten_prolif,0,0.05
0.1256361210149715,60.10000000000563,IL2,il2_menten_prolif,0,0.05
0.12533495592387706,60.110000000005634,IL2,il2_menten_prolif,0,0.05
0.12503451281549904,60.12000000000563,IL2,il2_menten_prolif,0,0.05
0.12473478995091558,60.13000000000563,IL2,il2_menten_prolif,0,0.05
0.12443578559120458,60.140000000005635,IL2,il2_menten_prolif,0,0.05
0.12413749799744454,60.15000000000564,IL2,il2_menten_prolif,0,0.05
0.12383992543071393,60.16000000000564,IL2,il2_menten_prolif,0,0.05
0.12354306615209076,60.170000000005636,IL2,il2_menten_prolif,0,0.05
0.12324691842265303,60.18000000000564,IL2,il2_menten_prolif,0,0.05
0.12295148156308389,60.19000000000565,IL2,il2_menten_prolif,0,0.05
0.12265675147275604,60.200000000005645,IL2,il2_menten_prolif,0,0.05
0.12236272806568058,60.21000000000564,IL2,il2_menten_prolif,0,0.05
0.12206940961047766,60.22000000000565,IL2,il2_menten_prolif,0,0.05
0.12177679437989551,60.23000000000565,IL2,il2_menten_prolif,0,0.05
0.12148488065081031,60.24000000000565,IL2,il2_menten_prolif,0,0.05
0.12119366670422557,60.25000000000565,IL2,il2_menten_prolif,0,0.05
0.1209031508252728,60.260000000005654,IL2,il2_menten_prolif,0,0.05
0.12061333130321153,60.27000000000566,IL2,il2_menten_prolif,0,0.05
0.12032420643508533,60.28000000000566,IL2,il2_menten_prolif,0,0.05
0.12003577470306759,60.290000000005655,IL2,il2_menten_prolif,0,0.05
0.11974803452628752,60.30000000000566,IL2,il2_menten_prolif,0,0.05
0.11946098423060578,60.310000000005665,IL2,il2_menten_prolif,0,0.05
0.11917462214645227,60.32000000000566,IL2,il2_menten_prolif,0,0.05
0.1188889466088256,60.33000000000566,IL2,il2_menten_prolif,0,0.05
0.11860395595729353,60.340000000005666,IL2,il2_menten_prolif,0,0.05
0.11831964853599339,60.35000000000567,IL2,il2_menten_prolif,0,0.05
0.1180360226936317,60.36000000000567,IL2,il2_menten_prolif,0,0.05
0.11775307678348376,60.37000000000567,IL2,il2_menten_prolif,0,0.05
0.11747080916339393,60.38000000000567,IL2,il2_menten_prolif,0,0.05
0.11718921819577624,60.39000000000568,IL2,il2_menten_prolif,0,0.05
0.11690830224761381,60.400000000005676,IL2,il2_menten_prolif,0,0.05
0.11662805969045859,60.410000000005674,IL2,il2_menten_prolif,0,0.05
0.11634848890043162,60.42000000000568,IL2,il2_menten_prolif,0,0.05
0.11606958825822351,60.430000000005684,IL2,il2_menten_prolif,0,0.05
0.11579135614909414,60.44000000000568,IL2,il2_menten_prolif,0,0.05
0.11551379096287197,60.45000000000568,IL2,il2_menten_prolif,0,0.05
0.11523689109395474,60.460000000005685,IL2,il2_menten_prolif,0,0.05
0.11496065494130979,60.47000000000569,IL2,il2_menten_prolif,0,0.05
0.11468508090847347,60.48000000000569,IL2,il2_menten_prolif,0,0.05
0.11441016740355102,60.490000000005686,IL2,il2_menten_prolif,0,0.05
0.11413591283921684,60.50000000000569,IL2,il2_menten_prolif,0,0.05
0.11386231563271479,60.5100000000057,IL2,il2_menten_prolif,0,0.05
0.11358937420585796,60.520000000005695,IL2,il2_menten_prolif,0,0.05
0.11331708698502826,60.53000000000569,IL2,il2_menten_prolif,0,0.05
0.1130454524011767,60.5400000000057,IL2,il2_menten_prolif,0,0.05
0.11277446888982372,60.5500000000057,IL2,il2_menten_prolif,0,0.05
0.11250413489105918,60.5600000000057,IL2,il2_menten_prolif,0,0.05
0.11223444884954153,60.5700000000057,IL2,il2_menten_prolif,0,0.05
0.11196540921449843,60.580000000005704,IL2,il2_menten_prolif,0,0.05
0.11169701443972707,60.59000000000571,IL2,il2_menten_prolif,0,0.05
0.11142926298359383,60.60000000000571,IL2,il2_menten_prolif,0,0.05
0.1111621533090339,60.610000000005705,IL2,il2_menten_prolif,0,0.05
0.11089568388355153,60.62000000000571,IL2,il2_menten_prolif,0,0.05
0.11062985317922061,60.630000000005715,IL2,il2_menten_prolif,0,0.05
0.11036465967268409,60.64000000000571,IL2,il2_menten_prolif,0,0.05
0.11010010184515386,60.65000000000571,IL2,il2_menten_prolif,0,0.05
0.10983617818241079,60.66000000000572,IL2,il2_menten_prolif,0,0.05
0.1095728871748054,60.67000000000572,IL2,il2_menten_prolif,0,0.05
0.1093102273172574,60.68000000000572,IL2,il2_menten_prolif,0,0.05
0.10904819710925517,60.69000000000572,IL2,il2_menten_prolif,0,0.05
0.10878679505485633,60.70000000000572,IL2,il2_menten_prolif,0,0.05
0.10852601966268802,60.71000000000573,IL2,il2_menten_prolif,0,0.05
0.10826586943434359,60.720000000005726,IL2,il2_menten_prolif,0,0.05
0.10800634269890341,60.730000000005724,IL2,il2_menten_prolif,0,0.05
0.10774743789872737,60.74000000000573,IL2,il2_menten_prolif,0,0.05
0.10748915354241674,60.750000000005734,IL2,il2_menten_prolif,0,0.05
0.10723148814274097,60.76000000000573,IL2,il2_menten_prolif,0,0.05
0.10697444021663756,60.77000000000573,IL2,il2_menten_prolif,0,0.05
0.10671800828521232,60.780000000005735,IL2,il2_menten_prolif,0,0.05
0.1064621908737397,60.79000000000574,IL2,il2_menten_prolif,0,0.05
0.10620698651166256,60.80000000000574,IL2,il2_menten_prolif,0,0.05
0.10595239373259162,60.810000000005736,IL2,il2_menten_prolif,0,0.05
0.10569841107430598,60.82000000000574,IL2,il2_menten_prolif,0,0.05
0.1054450370787534,60.83000000000575,IL2,il2_menten_prolif,0,0.05
0.10519227029204993,60.840000000005745,IL2,il2_menten_prolif,0,0.05
0.10494010926447969,60.85000000000574,IL2,il2_menten_prolif,0,0.05
0.10468855255049495,60.86000000000575,IL2,il2_menten_prolif,0,0.05
0.10443759870871684,60.87000000000575,IL2,il2_menten_prolif,0,0.05
0.10418724630193467,60.88000000000575,IL2,il2_menten_prolif,0,0.05
0.10393749389710574,60.89000000000575,IL2,il2_menten_prolif,0,0.05
0.10368834006535582,60.900000000005754,IL2,il2_menten_prolif,0,0.05
0.10343978338197912,60.91000000000576,IL2,il2_menten_prolif,0,0.05
0.1031918224264383,60.92000000000576,IL2,il2_menten_prolif,0,0.05
0.10294445578236398,60.930000000005755,IL2,il2_menten_prolif,0,0.05
0.10269768203755512,60.94000000000576,IL2,il2_menten_prolif,0,0.05
0.10245149978397933,60.950000000005765,IL2,il2_menten_prolif,0,0.05
0.10220590761777247,60.96000000000576,IL2,il2_menten_prolif,0,0.05
0.10196090413923847,60.97000000000576,IL2,il2_menten_prolif,0,0.05
0.10171648795284957,60.98000000000577,IL2,il2_menten_prolif,0,0.05
0.10147265766724659,60.99000000000577,IL2,il2_menten_prolif,0,0.05
0.10122941189523885,61.00000000000577,IL2,il2_menten_prolif,0,0.05
0.10098674925380338,61.01000000000577,IL2,il2_menten_prolif,0,0.05
0.10074466836408578,61.02000000000577,IL2,il2_menten_prolif,0,0.05
0.10050316785140018,61.03000000000578,IL2,il2_menten_prolif,0,0.05
0.1002622463452291,61.040000000005776,IL2,il2_menten_prolif,0,0.05
0.10002190247922293,61.050000000005774,IL2,il2_menten_prolif,0,0.05
0.09978213489120048,61.06000000000578,IL2,il2_menten_prolif,0,0.05
0.09954294222314922,61.070000000005784,IL2,il2_menten_prolif,0,0.05
0.09930432312122489,61.08000000000578,IL2,il2_menten_prolif,0,0.05
0.09906627623575123,61.09000000000578,IL2,il2_menten_prolif,0,0.05
0.09882880022122037,61.100000000005785,IL2,il2_menten_prolif,0,0.05
0.09859189373629293,61.11000000000579,IL2,il2_menten_prolif,0,0.05
0.09835555544379802,61.12000000000579,IL2,il2_menten_prolif,0,0.05
0.09811978401073267,61.130000000005786,IL2,il2_menten_prolif,0,0.05
0.09788457810826218,61.14000000000579,IL2,il2_menten_prolif,0,0.05
0.09764993641172062,61.1500000000058,IL2,il2_menten_prolif,0,0.05
0.09741585755321094,61.160000000005795,IL2,il2_menten_prolif,0,0.05
0.09718233983677017,61.17000000000579,IL2,il2_menten_prolif,0,0.05
0.0969493818401237,61.1800000000058,IL2,il2_menten_prolif,0,0.05
0.09671698222040714,61.1900000000058,IL2,il2_menten_prolif,0,0.05
0.09648513963816308,61.2000000000058,IL2,il2_menten_prolif,0,0.05
0.09625385275734058,61.2100000000058,IL2,il2_menten_prolif,0,0.05
0.09602312024529572,61.220000000005804,IL2,il2_menten_prolif,0,0.05
0.09579294077279182,61.23000000000581,IL2,il2_menten_prolif,0,0.05
0.09556331301399902,61.24000000000581,IL2,il2_menten_prolif,0,0.05
0.09533423564649424,61.250000000005805,IL2,il2_menten_prolif,0,0.05
0.09510570735126114,61.26000000000581,IL2,il2_menten_prolif,0,0.05
0.09487772681269072,61.270000000005815,IL2,il2_menten_prolif,0,0.05
0.09465029271858093,61.28000000000581,IL2,il2_menten_prolif,0,0.05
0.09442340376013617,61.29000000000581,IL2,il2_menten_prolif,0,0.05
0.09419705863196792,61.30000000000582,IL2,il2_menten_prolif,0,0.05
0.09397125603209486,61.31000000000582,IL2,il2_menten_prolif,0,0.05
0.09374599466194253,61.32000000000582,IL2,il2_menten_prolif,0,0.05
0.09352127322634315,61.33000000000582,IL2,il2_menten_prolif,0,0.05
0.09329709043353579,61.34000000000582,IL2,il2_menten_prolif,0,0.05
0.09307344499516684,61.35000000000583,IL2,il2_menten_prolif,0,0.05
0.09285033562628953,61.360000000005826,IL2,il2_menten_prolif,0,0.05
0.09262776104536374,61.370000000005824,IL2,il2_menten_prolif,0,0.05
0.09240571997425628,61.38000000000583,IL2,il2_menten_prolif,0,0.05
0.09218421113824118,61.390000000005834,IL2,il2_menten_prolif,0,0.05
0.09196323326599934,61.40000000000583,IL2,il2_menten_prolif,0,0.05
0.09174278508961836,61.41000000000583,IL2,il2_menten_prolif,0,0.05
0.09152286534459271,61.420000000005835,IL2,il2_menten_prolif,0,0.05
0.09130347276982412,61.43000000000584,IL2,il2_menten_prolif,0,0.05
0.09108460610762117,61.44000000000584,IL2,il2_menten_prolif,0,0.05
0.09086626410369913,61.450000000005836,IL2,il2_menten_prolif,0,0.05
0.09064844550718018,61.46000000000584,IL2,il2_menten_prolif,0,0.05
0.09043114907059369,61.47000000000585,IL2,il2_menten_prolif,0,0.05
0.09021437354987599,61.480000000005845,IL2,il2_menten_prolif,0,0.05
0.08999811770437,61.49000000000584,IL2,il2_menten_prolif,0,0.05
0.08978238029682556,61.50000000000585,IL2,il2_menten_prolif,0,0.05
0.08956716009339975,61.51000000000585,IL2,il2_menten_prolif,0,0.05
0.0893524558636566,61.52000000000585,IL2,il2_menten_prolif,0,0.05
0.08913826638056667,61.53000000000585,IL2,il2_menten_prolif,0,0.05
0.08892459042050754,61.540000000005854,IL2,il2_menten_prolif,0,0.05
0.08871142676326393,61.55000000000586,IL2,il2_menten_prolif,0,0.05
0.08849877419202755,61.56000000000586,IL2,il2_menten_prolif,0,0.05
0.0882866314933967,61.570000000005855,IL2,il2_menten_prolif,0,0.05
0.08807499745737657,61.58000000000586,IL2,il2_menten_prolif,0,0.05
0.08786387087737961,61.590000000005865,IL2,il2_menten_prolif,0,0.05
0.08765325051430717,61.60000000000586,IL2,il2_menten_prolif,0,0.05
0.08744313500199012,61.61000000000586,IL2,il2_menten_prolif,0,0.05
0.08723352311035926,61.62000000000587,IL2,il2_menten_prolif,0,0.05
0.08702441363122221,61.63000000000587,IL2,il2_menten_prolif,0,0.05
0.08681580535946189,61.64000000000587,IL2,il2_menten_prolif,0,0.05
0.08660769709303628,61.65000000000587,IL2,il2_menten_prolif,0,0.05
0.0864000876329787,61.66000000000587,IL2,il2_menten_prolif,0,0.05
0.08619297578339812,61.67000000000588,IL2,il2_menten_prolif,0,0.05
0.0859863603514788,61.680000000005876,IL2,il2_menten_prolif,0,0.05
0.08578024014748006,61.690000000005874,IL2,il2_menten_prolif,0,0.05
0.08557461398473659,61.70000000000588,IL2,il2_menten_prolif,0,0.05
0.08536948067965862,61.710000000005884,IL2,il2_menten_prolif,0,0.05
0.08516483905173186,61.72000000000588,IL2,il2_menten_prolif,0,0.05
0.08496068792351688,61.73000000000588,IL2,il2_menten_prolif,0,0.05
0.08475702612064975,61.740000000005885,IL2,il2_menten_prolif,0,0.05
0.08455385247184208,61.75000000000589,IL2,il2_menten_prolif,0,0.05
0.08435116580888086,61.76000000000589,IL2,il2_menten_prolif,0,0.05
0.08414896496662806,61.770000000005886,IL2,il2_menten_prolif,0,0.05
0.08394724878302104,61.78000000000589,IL2,il2_menten_prolif,0,0.05
0.08374601609907278,61.7900000000059,IL2,il2_menten_prolif,0,0.05
0.0835452657588716,61.800000000005895,IL2,il2_menten_prolif,0,0.05
0.08334499660958082,61.81000000000589,IL2,il2_menten_prolif,0,0.05
0.08314520750143915,61.8200000000059,IL2,il2_menten_prolif,0,0.05
0.0829458972877609,61.8300000000059,IL2,il2_menten_prolif,0,0.05
0.08274706482493571,61.8400000000059,IL2,il2_menten_prolif,0,0.05
0.0825487089724283,61.8500000000059,IL2,il2_menten_prolif,0,0.05
0.0823508285927787,61.860000000005904,IL2,il2_menten_prolif,0,0.05
0.08215342255160255,61.87000000000591,IL2,il2_menten_prolif,0,0.05
0.08195648971759081,61.88000000000591,IL2,il2_menten_prolif,0,0.05
0.08176002896250958,61.890000000005905,IL2,il2_menten_prolif,0,0.05
0.08156403916120021,61.90000000000591,IL2,il2_menten_prolif,0,0.05
0.0813685191915797,61.910000000005915,IL2,il2_menten_prolif,0,0.05
0.08117346793464039,61.92000000000591,IL2,il2_menten_prolif,0,0.05
0.0809788842744496,61.93000000000591,IL2,il2_menten_prolif,0,0.05
0.08078476709815016,61.94000000000592,IL2,il2_menten_prolif,0,0.05
0.08059111529596036,61.95000000000592,IL2,il2_menten_prolif,0,0.05
0.08039792776117383,61.96000000000592,IL2,il2_menten_prolif,0,0.05
0.08020520339015931,61.97000000000592,IL2,il2_menten_prolif,0,0.05
0.0800129410823609,61.98000000000592,IL2,il2_menten_prolif,0,0.05
0.07982113974029828,61.99000000000593,IL2,il2_menten_prolif,0,0.05
0.07962979826956644,62.000000000005926,IL2,il2_menten_prolif,0,0.05
0.07943891557883545,62.010000000005924,IL2,il2_menten_prolif,0,0.05
0.07924849057985073,62.02000000000593,IL2,il2_menten_prolif,0,0.05
0.0790585221874333,62.030000000005934,IL2,il2_menten_prolif,0,0.05
0.07886900929822299,62.04000000000593,IL2,il2_menten_prolif,0,0.05
0.07867995076393916,62.05000000000593,IL2,il2_menten_prolif,0,0.05
0.0784913454819795,62.060000000005935,IL2,il2_menten_prolif,0,0.05
0.07830319235392183,62.07000000000594,IL2,il2_menten_prolif,0,0.05
0.07811549028248135,62.08000000000594,IL2,il2_menten_prolif,0,0.05
0.07792823817151046,62.090000000005936,IL2,il2_menten_prolif,0,0.05
0.0777414349259991,62.10000000000594,IL2,il2_menten_prolif,0,0.05
0.07755507945207478,62.11000000000595,IL2,il2_menten_prolif,0,0.05
0.0773691706570026,62.120000000005945,IL2,il2_menten_prolif,0,0.05
0.07718370744918476,62.13000000000594,IL2,il2_menten_prolif,0,0.05
0.07699868873816093,62.14000000000595,IL2,il2_menten_prolif,0,0.05
0.07681411346223001,62.15000000000595,IL2,il2_menten_prolif,0,0.05
0.0766299806139828,62.16000000000595,IL2,il2_menten_prolif,0,0.05
0.07644628913703738,62.17000000000595,IL2,il2_menten_prolif,0,0.05
0.07626303797566368,62.180000000005954,IL2,il2_menten_prolif,0,0.05
0.07608022607755291,62.19000000000596,IL2,il2_menten_prolif,0,0.05
0.07589785239381736,62.20000000000596,IL2,il2_menten_prolif,0,0.05
0.07571591587898999,62.210000000005955,IL2,il2_menten_prolif,0,0.05
0.07553441549102477,62.22000000000596,IL2,il2_menten_prolif,0,0.05
0.07535335019129699,62.230000000005965,IL2,il2_menten_prolif,0,0.05
0.07517271894460295,62.24000000000596,IL2,il2_menten_prolif,0,0.05
0.07499252071915963,62.25000000000596,IL2,il2_menten_prolif,0,0.05
0.07481275447411917,62.26000000000597,IL2,il2_menten_prolif,0,0.05
0.07463341915172447,62.27000000000597,IL2,il2_menten_prolif,0,0.05
0.07445451371809189,62.28000000000597,IL2,il2_menten_prolif,0,0.05
0.07427603714266504,62.29000000000597,IL2,il2_menten_prolif,0,0.05
0.07409798839736838,62.30000000000597,IL2,il2_menten_prolif,0,0.05
0.07392036645660753,62.31000000000598,IL2,il2_menten_prolif,0,0.05
0.07374317029726904,62.320000000005976,IL2,il2_menten_prolif,0,0.05
0.07356639889872005,62.330000000005974,IL2,il2_menten_prolif,0,0.05
0.0733900512428087,62.34000000000598,IL2,il2_menten_prolif,0,0.05
0.07321412631386422,62.350000000005984,IL2,il2_menten_prolif,0,0.05
0.07303862309869674,62.36000000000598,IL2,il2_menten_prolif,0,0.05
0.07286354058621285,62.37000000000598,IL2,il2_menten_prolif,0,0.05
0.07268887776727602,62.380000000005985,IL2,il2_menten_prolif,0,0.05
0.07251463363579735,62.39000000000599,IL2,il2_menten_prolif,0,0.05
0.07234080718815922,62.40000000000599,IL2,il2_menten_prolif,0,0.05
0.07216739742319817,62.41000000000599,IL2,il2_menten_prolif,0,0.05
0.07199440334220523,62.42000000000599,IL2,il2_menten_prolif,0,0.05
0.07182182394892608,62.430000000006,IL2,il2_menten_prolif,0,0.05
0.0716496582495609,62.440000000005995,IL2,il2_menten_prolif,0,0.05
0.07147790525276407,62.45000000000599,IL2,il2_menten_prolif,0,0.05
0.07130656396964437,62.460000000006,IL2,il2_menten_prolif,0,0.05
0.07113563341376539,62.470000000006,IL2,il2_menten_prolif,0,0.05
0.07096511155931474,62.480000000006,IL2,il2_menten_prolif,0,0.05
0.07079499985893224,62.490000000006,IL2,il2_menten_prolif,0,0.05
0.07062529583785063,62.500000000006004,IL2,il2_menten_prolif,0,0.05
0.07045599853919665,62.51000000000601,IL2,il2_menten_prolif,0,0.05
0.07028710700609708,62.52000000000601,IL2,il2_menten_prolif,0,0.05
0.07011862028167845,62.530000000006005,IL2,il2_menten_prolif,0,0.05
0.06995053740906727,62.54000000000601,IL2,il2_menten_prolif,0,0.05
0.06978285743139037,62.550000000006015,IL2,il2_menten_prolif,0,0.05
0.06961557939177446,62.56000000000601,IL2,il2_menten_prolif,0,0.05
0.06944870233334605,62.57000000000601,IL2,il2_menten_prolif,0,0.05
0.0692822252992317,62.58000000000602,IL2,il2_menten_prolif,0,0.05
0.0691161473382718,62.59000000000602,IL2,il2_menten_prolif,0,0.05
0.06895046750397256,62.60000000000602,IL2,il2_menten_prolif,0,0.05
0.06878518484249656,62.61000000000602,IL2,il2_menten_prolif,0,0.05
0.06862029839992527,62.62000000000602,IL2,il2_menten_prolif,0,0.05
0.06845580722234045,62.63000000000603,IL2,il2_menten_prolif,0,0.05
0.06829171035582382,62.640000000006026,IL2,il2_menten_prolif,0,0.05
0.06812800684645691,62.650000000006024,IL2,il2_menten_prolif,0,0.05
0.06796469574032124,62.66000000000603,IL2,il2_menten_prolif,0,0.05
0.06780177608349851,62.670000000006034,IL2,il2_menten_prolif,0,0.05
0.06763924694379489,62.68000000000603,IL2,il2_menten_prolif,0,0.05
0.0674771074339125,62.69000000000603,IL2,il2_menten_prolif,0,0.05
0.06731535662008994,62.700000000006035,IL2,il2_menten_prolif,0,0.05
0.06715399356561279,62.71000000000604,IL2,il2_menten_prolif,0,0.05
0.06699301733376661,62.72000000000604,IL2,il2_menten_prolif,0,0.05
0.06683242698783678,62.73000000000604,IL2,il2_menten_prolif,0,0.05
0.06667222159110867,62.74000000000604,IL2,il2_menten_prolif,0,0.05
0.06651240020686783,62.75000000000605,IL2,il2_menten_prolif,0,0.05
0.06635296189839983,62.760000000006045,IL2,il2_menten_prolif,0,0.05
0.06619390574406697,62.77000000000604,IL2,il2_menten_prolif,0,0.05
0.06603523088801044,62.78000000000605,IL2,il2_menten_prolif,0,0.05
0.06587693642278794,62.79000000000605,IL2,il2_menten_prolif,0,0.05
0.06571902143207611,62.80000000000605,IL2,il2_menten_prolif,0,0.05
0.06556148499955136,62.81000000000605,IL2,il2_menten_prolif,0,0.05
0.06540432620889014,62.820000000006054,IL2,il2_menten_prolif,0,0.05
0.06524754414376907,62.83000000000606,IL2,il2_menten_prolif,0,0.05
0.06509113788786479,62.84000000000606,IL2,il2_menten_prolif,0,0.05
0.06493510652485371,62.850000000006055,IL2,il2_menten_prolif,0,0.05
0.06477934814941752,62.86000000000606,IL2,il2_menten_prolif,0,0.05
0.06462409465191188,62.870000000006065,IL2,il2_menten_prolif,0,0.05
0.0644692064467082,62.88000000000606,IL2,il2_menten_prolif,0,0.05
0.06431468353380637,62.89000000000606,IL2,il2_menten_prolif,0,0.05
0.06416052591320623,62.90000000000607,IL2,il2_menten_prolif,0,0.05
0.06400673358490791,62.91000000000607,IL2,il2_menten_prolif,0,0.05
0.06385330654891154,62.92000000000607,IL2,il2_menten_prolif,0,0.05
0.063700244805217,62.93000000000607,IL2,il2_menten_prolif,0,0.05
0.06354754835382417,62.94000000000607,IL2,il2_menten_prolif,0,0.05
0.06339521709248601,62.95000000000608,IL2,il2_menten_prolif,0,0.05
0.0632432482642368,62.960000000006076,IL2,il2_menten_prolif,0,0.05
0.06309164063514919,62.970000000006074,IL2,il2_menten_prolif,0,0.05
0.0629403942052231,62.98000000000608,IL2,il2_menten_prolif,0,0.05
0.0627895089744586,62.990000000006084,IL2,il2_menten_prolif,0,0.05
0.06263898494285583,63.00000000000608,IL2,il2_menten_prolif,0,0.05
0.06248882211041466,63.01000000000608,IL2,il2_menten_prolif,0,0.05
0.06233902047713499,63.020000000006085,IL2,il2_menten_prolif,0,0.05
0.06218958004301693,63.03000000000609,IL2,il2_menten_prolif,0,0.05
0.06204050080806058,63.04000000000609,IL2,il2_menten_prolif,0,0.05
0.061891781089244355,63.05000000000609,IL2,il2_menten_prolif,0,0.05
0.06174341488811484,63.06000000000609,IL2,il2_menten_prolif,0,0.05
0.06159540167300611,63.0700000000061,IL2,il2_menten_prolif,0,0.05
0.06144774144391825,63.080000000006095,IL2,il2_menten_prolif,0,0.05
0.061300434200851184,63.09000000000609,IL2,il2_menten_prolif,0,0.05
0.06115347994380478,63.1000000000061,IL2,il2_menten_prolif,0,0.05
0.061006878672779145,63.1100000000061,IL2,il2_menten_prolif,0,0.05
0.060860630387774416,63.1200000000061,IL2,il2_menten_prolif,0,0.05
0.06071473508879044,63.1300000000061,IL2,il2_menten_prolif,0,0.05
0.06056931345530378,63.140000000006104,IL2,il2_menten_prolif,0,0.05
0.06042408550115601,63.15000000000611,IL2,il2_menten_prolif,0,0.05
0.060279209647816634,63.16000000000611,IL2,il2_menten_prolif,0,0.05
0.06013468505769133,63.170000000006105,IL2,il2_menten_prolif,0,0.05
0.059990510893185744,63.18000000000611,IL2,il2_menten_prolif,0,0.05
0.05984668631670575,63.190000000006115,IL2,il2_menten_prolif,0,0.05
0.059703210490657216,63.20000000000611,IL2,il2_menten_prolif,0,0.05
0.05956008257744582,63.21000000000611,IL2,il2_menten_prolif,0,0.05
0.05941730173947721,63.22000000000612,IL2,il2_menten_prolif,0,0.05
0.05927486713915728,63.23000000000612,IL2,il2_menten_prolif,0,0.05
0.0591327777438531,63.24000000000612,IL2,il2_menten_prolif,0,0.05
0.05899103136946802,63.25000000000612,IL2,il2_menten_prolif,0,0.05
0.05884962682413068,63.26000000000612,IL2,il2_menten_prolif,0,0.05
0.05870856315159874,63.27000000000613,IL2,il2_menten_prolif,0,0.05
0.05856783939562994,63.280000000006126,IL2,il2_menten_prolif,0,0.05
0.058427454599981776,63.290000000006124,IL2,il2_menten_prolif,0,0.05
0.058287407808411754,63.30000000000613,IL2,il2_menten_prolif,0,0.05
0.05814769806467758,63.310000000006134,IL2,il2_menten_prolif,0,0.05
0.05800832441253697,63.32000000000613,IL2,il2_menten_prolif,0,0.05
0.05786928589574741,63.33000000000613,IL2,il2_menten_prolif,0,0.05
0.057730581558066416,63.340000000006135,IL2,il2_menten_prolif,0,0.05
0.0575922104432517,63.35000000000614,IL2,il2_menten_prolif,0,0.05
0.05745417159506094,63.36000000000614,IL2,il2_menten_prolif,0,0.05
0.05731646405725169,63.37000000000614,IL2,il2_menten_prolif,0,0.05
0.057179086873581426,63.38000000000614,IL2,il2_menten_prolif,0,0.05
0.05704203908780787,63.39000000000615,IL2,il2_menten_prolif,0,0.05
0.05690531974368868,63.400000000006145,IL2,il2_menten_prolif,0,0.05
0.056768927884981425,63.41000000000614,IL2,il2_menten_prolif,0,0.05
0.0566328625554436,63.42000000000615,IL2,il2_menten_prolif,0,0.05
0.05649712279883287,63.43000000000615,IL2,il2_menten_prolif,0,0.05
0.05636170765890696,63.44000000000615,IL2,il2_menten_prolif,0,0.05
0.05622661617942339,63.45000000000615,IL2,il2_menten_prolif,0,0.05
0.05609184740413966,63.460000000006154,IL2,il2_menten_prolif,0,0.05
0.055957400376813474,63.47000000000616,IL2,il2_menten_prolif,0,0.05
0.05582327414120255,63.48000000000616,IL2,il2_menten_prolif,0,0.05
0.05568946774106435,63.490000000006155,IL2,il2_menten_prolif,0,0.05
0.05555598022015643,63.50000000000616,IL2,il2_menten_prolif,0,0.05
0.055422810622236494,63.510000000006166,IL2,il2_menten_prolif,0,0.05
0.05528995799106222,63.52000000000616,IL2,il2_menten_prolif,0,0.05
0.05515742167454068,63.53000000000616,IL2,il2_menten_prolif,0,0.05
0.05502520290451657,63.54000000000617,IL2,il2_menten_prolif,0,0.05
0.054893301315814894,63.55000000000617,IL2,il2_menten_prolif,0,0.05
0.0547617161452794,63.56000000000617,IL2,il2_menten_prolif,0,0.05
0.05463044662975365,63.57000000000617,IL2,il2_menten_prolif,0,0.05
0.0544994920060812,63.58000000000617,IL2,il2_menten_prolif,0,0.05
0.054368851511105834,63.59000000000618,IL2,il2_menten_prolif,0,0.05
0.0542385243816713,63.600000000006176,IL2,il2_menten_prolif,0,0.05
0.05410850985462115,63.610000000006174,IL2,il2_menten_prolif,0,0.05
0.05397880716679897,63.62000000000618,IL2,il2_menten_prolif,0,0.05
0.053849415555048526,63.630000000006184,IL2,il2_menten_prolif,0,0.05
0.05372033425621354,63.64000000000618,IL2,il2_menten_prolif,0,0.05
0.05359156250713761,63.65000000000618,IL2,il2_menten_prolif,0,0.05
0.0534630995446643,63.660000000006185,IL2,il2_menten_prolif,0,0.05
0.05333494460563735,63.67000000000619,IL2,il2_menten_prolif,0,0.05
0.05320709692690054,63.68000000000619,IL2,il2_menten_prolif,0,0.05
0.05307955574529741,63.69000000000619,IL2,il2_menten_prolif,0,0.05
0.05295232029767155,63.70000000000619,IL2,il2_menten_prolif,0,0.05
0.052825389820866715,63.7100000000062,IL2,il2_menten_prolif,0,0.05
0.05269876355172665,63.720000000006195,IL2,il2_menten_prolif,0,0.05
0.05257244072709493,63.73000000000619,IL2,il2_menten_prolif,0,0.05
0.05244642058381515,63.7400000000062,IL2,il2_menten_prolif,0,0.05
0.052320702358731014,63.7500000000062,IL2,il2_menten_prolif,0,0.05
0.052195285288686305,63.7600000000062,IL2,il2_menten_prolif,0,0.05
0.0520701686105246,63.7700000000062,IL2,il2_menten_prolif,0,0.05
0.05194535156108944,63.780000000006204,IL2,il2_menten_prolif,0,0.05
0.05182083337722462,63.79000000000621,IL2,il2_menten_prolif,0,0.05
0.05169661329577387,63.80000000000621,IL2,il2_menten_prolif,0,0.05
0.051572690553580755,63.810000000006205,IL2,il2_menten_prolif,0,0.05
0.05144906446482095,63.82000000000621,IL2,il2_menten_prolif,0,0.05
0.0513257348464579,63.830000000006216,IL2,il2_menten_prolif,0,0.05
0.05120270109623885,63.840000000006214,IL2,il2_menten_prolif,0,0.05
0.051079962502287225,63.85000000000621,IL2,il2_menten_prolif,0,0.05
0.05095751835272647,63.86000000000622,IL2,il2_menten_prolif,0,0.05
0.05083536793568018,63.87000000000622,IL2,il2_menten_prolif,0,0.05
0.050713510539271964,63.88000000000622,IL2,il2_menten_prolif,0,0.05
0.05059194545162528,63.89000000000622,IL2,il2_menten_prolif,0,0.05
0.05047067196086356,63.90000000000622,IL2,il2_menten_prolif,0,0.05
0.05034968935511039,63.91000000000623,IL2,il2_menten_prolif,0,0.05
0.05022899692248941,63.920000000006226,IL2,il2_menten_prolif,0,0.05
0.050108593951124034,63.930000000006224,IL2,il2_menten_prolif,0,0.05
0.049988479729137725,63.94000000000623,IL2,il2_menten_prolif,0,0.05
0.04986865354465407,63.950000000006234,IL2,il2_menten_prolif,0,0.05
0.04974911468579669,63.96000000000623,IL2,il2_menten_prolif,0,0.05
0.04962986244068901,63.97000000000623,IL2,il2_menten_prolif,0,0.05
0.04951089609745449,63.980000000006235,IL2,il2_menten_prolif,0,0.05
0.049392214944216736,63.99000000000624,IL2,il2_menten_prolif,0,0.05
0.04927381826909931,64.00000000000624,IL2,il2_menten_prolif,0,0.05
0.049155705360225635,64.01000000000624,IL2,il2_menten_prolif,0,0.05
0.04903787550571943,64.02000000000623,IL2,il2_menten_prolif,0,0.05
0.04892032799370376,64.03000000000625,IL2,il2_menten_prolif,0,0.05
0.048803062112302786,64.04000000000624,IL2,il2_menten_prolif,0,0.05
0.04868607714963971,64.05000000000624,IL2,il2_menten_prolif,0,0.05
0.048569372393837726,64.06000000000626,IL2,il2_menten_prolif,0,0.05
0.04845294713302103,64.07000000000625,IL2,il2_menten_prolif,0,0.05
0.04833680065531262,64.08000000000625,IL2,il2_menten_prolif,0,0.05
0.048220932248836224,64.09000000000626,IL2,il2_menten_prolif,0,0.05
0.048105341201715474,64.10000000000625,IL2,il2_menten_prolif,0,0.05
0.0479900721851891,64.11000000000627,IL2,il2_menten_prolif,0,0.05
0.04787502837301673,64.12000000000626,IL2,il2_menten_prolif,0,0.05
0.04776026116086985,64.13000000000625,IL2,il2_menten_prolif,0,0.05
0.047645769840046134,64.14000000000627,IL2,il2_menten_prolif,0,0.05
0.04753155370347738,64.15000000000626,IL2,il2_menten_prolif,0,0.05
0.04741761204572749,64.16000000000626,IL2,il2_menten_prolif,0,0.05
0.04730394416299416,64.17000000000627,IL2,il2_menten_prolif,0,0.05
0.04719054935310834,64.18000000000626,IL2,il2_menten_prolif,0,0.05
0.047077426915533516,64.19000000000628,IL2,il2_menten_prolif,0,0.05
0.04696457615136748,64.20000000000627,IL2,il2_menten_prolif,0,0.05
0.04685199636334026,64.21000000000626,IL2,il2_menten_prolif,0,0.05
0.04673968685581511,64.22000000000628,IL2,il2_menten_prolif,0,0.05
0.046627646934789435,64.23000000000627,IL2,il2_menten_prolif,0,0.05
0.046515875907892676,64.24000000000628,IL2,il2_menten_prolif,0,0.05
0.046404373084388176,64.25000000000628,IL2,il2_menten_prolif,0,0.05
0.046293137775172424,64.26000000000627,IL2,il2_menten_prolif,0,0.05
0.04618216929277451,64.27000000000629,IL2,il2_menten_prolif,0,0.05
0.046071466951357797,64.28000000000628,IL2,il2_menten_prolif,0,0.05
0.04596103006671792,64.29000000000627,IL2,il2_menten_prolif,0,0.05
0.04585085795628371,64.30000000000629,IL2,il2_menten_prolif,0,0.05
0.04574094993911813,64.31000000000628,IL2,il2_menten_prolif,0,0.05
0.045631305335916264,64.32000000000629,IL2,il2_menten_prolif,0,0.05
0.04552192346900699,64.3300000000063,IL2,il2_menten_prolif,0,0.05
0.0454128036623524,64.34000000000628,IL2,il2_menten_prolif,0,0.05
0.04530394524154717,64.3500000000063,IL2,il2_menten_prolif,0,0.05
0.04519534753382024,64.3600000000063,IL2,il2_menten_prolif,0,0.05
0.04508700986803284,64.37000000000629,IL2,il2_menten_prolif,0,0.05
0.044978931574679394,64.3800000000063,IL2,il2_menten_prolif,0,0.05
0.04487111198588844,64.3900000000063,IL2,il2_menten_prolif,0,0.05
0.04476355048326135,64.4000000000063,IL2,il2_menten_prolif,0,0.05
0.04465624679159844,64.4100000000063,IL2,il2_menten_prolif,0,0.05
0.04454920035800563,64.4200000000063,IL2,il2_menten_prolif,0,0.05
0.04444241055185507,64.43000000000632,IL2,il2_menten_prolif,0,0.05
0.04433587674473202,64.44000000000631,IL2,il2_menten_prolif,0,0.05
0.044229598310432966,64.4500000000063,IL2,il2_menten_prolif,0,0.05
0.04412357462496645,64.46000000000632,IL2,il2_menten_prolif,0,0.05
0.04401780506655399,64.47000000000631,IL2,il2_menten_prolif,0,0.05
0.04391228901562815,64.48000000000631,IL2,il2_menten_prolif,0,0.05
0.04380702585483419,64.49000000000632,IL2,il2_menten_prolif,0,0.05
0.043702014969029424,64.50000000000631,IL2,il2_menten_prolif,0,0.05
0.043597255745282684,64.51000000000633,IL2,il2_menten_prolif,0,0.05
0.043492747572875884,64.52000000000632,IL2,il2_menten_prolif,0,0.05
0.04338848984330218,64.53000000000631,IL2,il2_menten_prolif,0,0.05
0.04328448195026676,64.54000000000633,IL2,il2_menten_prolif,0,0.05
0.04318072328968783,64.55000000000632,IL2,il2_menten_prolif,0,0.05
0.04307721325969464,64.56000000000633,IL2,il2_menten_prolif,0,0.05
0.04297395126062904,64.57000000000633,IL2,il2_menten_prolif,0,0.05
0.04287093669504508,64.58000000000632,IL2,il2_menten_prolif,0,0.05
0.04276816896770823,64.59000000000634,IL2,il2_menten_prolif,0,0.05
0.04266564748559705,64.60000000000633,IL2,il2_menten_prolif,0,0.05
0.04256337165790136,64.61000000000632,IL2,il2_menten_prolif,0,0.05
0.042461340896023075,64.62000000000634,IL2,il2_menten_prolif,0,0.05
0.04235955461357699,64.63000000000633,IL2,il2_menten_prolif,0,0.05
0.04225801222638903,64.64000000000634,IL2,il2_menten_prolif,0,0.05
0.04215671315249777,64.65000000000634,IL2,il2_menten_prolif,0,0.05
0.04205565681215384,64.66000000000633,IL2,il2_menten_prolif,0,0.05
0.041954842627819414,64.67000000000635,IL2,il2_menten_prolif,0,0.05
0.04185427002416975,64.68000000000634,IL2,il2_menten_prolif,0,0.05
0.04175393842809129,64.69000000000634,IL2,il2_menten_prolif,0,0.05
0.041653847268682605,64.70000000000636,IL2,il2_menten_prolif,0,0.05
0.04155399597725517,64.71000000000635,IL2,il2_menten_prolif,0,0.05
0.04145438398733158,64.72000000000635,IL2,il2_menten_prolif,0,0.05
0.04135501073464708,64.73000000000636,IL2,il2_menten_prolif,0,0.05
0.041255875657148944,64.74000000000635,IL2,il2_menten_prolif,0,0.05
0.04115697819499602,64.75000000000637,IL2,il2_menten_prolif,0,0.05
0.04105831779056022,64.76000000000636,IL2,il2_menten_prolif,0,0.05
0.040959893888424664,64.77000000000635,IL2,il2_menten_prolif,0,0.05
0.04086170593538459,64.78000000000637,IL2,il2_menten_prolif,0,0.05
0.040763753380448124,64.79000000000636,IL2,il2_menten_prolif,0,0.05
0.04066603567483454,64.80000000000636,IL2,il2_menten_prolif,0,0.05
0.0405685522719757,64.81000000000637,IL2,il2_menten_prolif,0,0.05
0.04047130262751561,64.82000000000636,IL2,il2_menten_prolif,0,0.05
0.040374286199309745,64.83000000000638,IL2,il2_menten_prolif,0,0.05
0.040277502447426686,64.84000000000637,IL2,il2_menten_prolif,0,0.05
0.04018095083414621,64.85000000000636,IL2,il2_menten_prolif,0,0.05
0.04008463082396024,64.86000000000638,IL2,il2_menten_prolif,0,0.05
0.03998854188357355,64.87000000000637,IL2,il2_menten_prolif,0,0.05
0.03989268348190207,64.88000000000638,IL2,il2_menten_prolif,0,0.05
0.03979705509007437,64.89000000000638,IL2,il2_menten_prolif,0,0.05
0.03970165618143105,64.90000000000637,IL2,il2_menten_prolif,0,0.05
0.0396064862090645,64.91000000000639,IL2,il2_menten_prolif,0,0.05
0.03951154431710556,64.92000000000638,IL2,il2_menten_prolif,0,0.05
0.039416829853417996,64.93000000000637,IL2,il2_menten_prolif,0,0.05
0.03932234227267466,64.94000000000639,IL2,il2_menten_prolif,0,0.05
0.03922808103124147,64.95000000000638,IL2,il2_menten_prolif,0,0.05
0.03913404558717566,64.96000000000639,IL2,il2_menten_prolif,0,0.05
0.03904023540022726,64.9700000000064,IL2,il2_menten_prolif,0,0.05
0.03894664993183859,64.98000000000638,IL2,il2_menten_prolif,0,0.05
0.0388532886451437,64.9900000000064,IL2,il2_menten_prolif,0,0.05
0.038760151004969844,65.0000000000064,IL2,il2_menten_prolif,0,0.05
0.03866723647783572,65.01000000000639,IL2,il2_menten_prolif,0,0.05
0.03857454453195233,65.0200000000064,IL2,il2_menten_prolif,0,0.05
0.03848207463722375,65.0300000000064,IL2,il2_menten_prolif,0,0.05
0.03838982626524532,65.0400000000064,IL2,il2_menten_prolif,0,0.05
0.03829779888930526,65.0500000000064,IL2,il2_menten_prolif,0,0.05
0.038205991984384055,65.0600000000064,IL2,il2_menten_prolif,0,0.05
0.038114405027153866,65.07000000000642,IL2,il2_menten_prolif,0,0.05
0.0380230374959801,65.08000000000641,IL2,il2_menten_prolif,0,0.05
0.03793188887091962,65.0900000000064,IL2,il2_menten_prolif,0,0.05
0.03784095863372158,65.10000000000642,IL2,il2_menten_prolif,0,0.05
0.03775024626782818,65.11000000000641,IL2,il2_menten_prolif,0,0.05
0.037659751258372946,65.12000000000641,IL2,il2_menten_prolif,0,0.05
0.03756947309218223,65.13000000000642,IL2,il2_menten_prolif,0,0.05
0.03747941125777464,65.14000000000641,IL2,il2_menten_prolif,0,0.05
0.03738956524536054,65.15000000000643,IL2,il2_menten_prolif,0,0.05
0.03729993454684344,65.16000000000642,IL2,il2_menten_prolif,0,0.05
0.03721051865581838,65.17000000000641,IL2,il2_menten_prolif,0,0.05
0.03712131706757266,65.18000000000643,IL2,il2_menten_prolif,0,0.05
0.03703232927908659,65.19000000000642,IL2,il2_menten_prolif,0,0.05
0.03694355478903191,65.20000000000643,IL2,il2_menten_prolif,0,0.05
0.03685499309777309,65.21000000000643,IL2,il2_menten_prolif,0,0.05
0.03676664370736689,65.22000000000642,IL2,il2_menten_prolif,0,0.05
0.036678506121561795,65.23000000000644,IL2,il2_menten_prolif,0,0.05
0.03659057984579952,65.24000000000643,IL2,il2_menten_prolif,0,0.05
0.03650286438721321,65.25000000000642,IL2,il2_menten_prolif,0,0.05
0.036415359254628334,65.26000000000644,IL2,il2_menten_prolif,0,0.05
0.03632806395856336,65.27,IL2,il2_menten_prolif,0,0.05
0.036240981149740496,65.28,IL2,il2_menten_prolif,0,0.05
0.03615410708555786,65.29,IL2,il2_menten_prolif,0,0.05
0.036067441269131355,65.30000000000001,IL2,il2_menten_prolif,0,0.05
0.03598098320126677,65.31000000000002,IL2,il2_menten_prolif,0,0.05
0.03589473238396468,65.32000000000002,IL2,il2_menten_prolif,0,0.05
0.03580868832042047,65.33000000000003,IL2,il2_menten_prolif,0,0.05
0.035722850515020214,65.34000000000003,IL2,il2_menten_prolif,0,0.05
0.035637218473337506,65.35000000000004,IL2,il2_menten_prolif,0,0.05
0.03555179170213174,65.36000000000004,IL2,il2_menten_prolif,0,0.05
0.03546656970934451,65.37000000000005,IL2,il2_menten_prolif,0,0.05
0.03538155200409683,65.38000000000005,IL2,il2_menten_prolif,0,0.05
0.03529673809668654,65.39000000000006,IL2,il2_menten_prolif,0,0.05
0.035212127498585245,65.40000000000006,IL2,il2_menten_prolif,0,0.05
0.035127719722435724,65.41000000000007,IL2,il2_menten_prolif,0,0.05
0.035043514282048896,65.42000000000007,IL2,il2_menten_prolif,0,0.05
0.03495951069240123,65.43000000000008,IL2,il2_menten_prolif,0,0.05
0.03487570846963181,65.44000000000008,IL2,il2_menten_prolif,0,0.05
0.0347921071310396,65.45000000000009,IL2,il2_menten_prolif,0,0.05
0.03470870619508063,65.4600000000001,IL2,il2_menten_prolif,0,0.05
0.03462550518136535,65.4700000000001,IL2,il2_menten_prolif,0,0.05
0.03454250361065561,65.4800000000001,IL2,il2_menten_prolif,0,0.05
0.034459701004862196,65.49000000000011,IL2,il2_menten_prolif,0,0.05
0.03437709688704184,65.50000000000011,IL2,il2_menten_prolif,0,0.05
0.03429469078139459,65.51000000000012,IL2,il2_menten_prolif,0,0.05
0.034212482213261064,65.52000000000012,IL2,il2_menten_prolif,0,0.05
0.03413047070911969,65.53000000000013,IL2,il2_menten_prolif,0,0.05
0.03404865579658395,65.54000000000013,IL2,il2_menten_prolif,0,0.05
0.03396703700439974,65.55000000000014,IL2,il2_menten_prolif,0,0.05
0.033885613862442626,65.56000000000014,IL2,il2_menten_prolif,0,0.05
0.033804385901715014,65.57000000000015,IL2,il2_menten_prolif,0,0.05
0.03372335265434369,65.58000000000015,IL2,il2_menten_prolif,0,0.05
0.033642513653576865,65.59000000000016,IL2,il2_menten_prolif,0,0.05
0.033561868433781686,65.60000000000016,IL2,il2_menten_prolif,0,0.05
0.033481416530441524,65.61000000000017,IL2,il2_menten_prolif,0,0.05
0.03340115748015312,65.62000000000018,IL2,il2_menten_prolif,0,0.05
0.033321090820624163,65.63000000000018,IL2,il2_menten_prolif,0,0.05
0.033241216090670433,65.64000000000019,IL2,il2_menten_prolif,0,0.05
0.0331615328302133,65.65000000000019,IL2,il2_menten_prolif,0,0.05
0.033082040580276986,65.6600000000002,IL2,il2_menten_prolif,0,0.05
0.03300273888298584,65.6700000000002,IL2,il2_menten_prolif,0,0.05
0.03292362728156194,65.6800000000002,IL2,il2_menten_prolif,0,0.05
0.03284470532032217,65.69000000000021,IL2,il2_menten_prolif,0,0.05
0.03276597254467586,65.70000000000022,IL2,il2_menten_prolif,0,0.05
0.03268742850112203,65.71000000000022,IL2,il2_menten_prolif,0,0.05
0.032609072737246725,65.72000000000023,IL2,il2_menten_prolif,0,0.05
0.03253090480172053,65.73000000000023,IL2,il2_menten_prolif,0,0.05
0.03245292424429594,65.74000000000024,IL2,il2_menten_prolif,0,0.05
0.03237513061580472,65.75000000000024,IL2,il2_menten_prolif,0,0.05
0.03229752346815537,65.76000000000025,IL2,il2_menten_prolif,0,0.05
0.03222010235433048,65.77000000000025,IL2,il2_menten_prolif,0,0.05
0.03214286682838423,65.78000000000026,IL2,il2_menten_prolif,0,0.05
0.03206581644543978,65.79000000000026,IL2,il2_menten_prolif,0,0.05
0.03198895076168673,65.80000000000027,IL2,il2_menten_prolif,0,0.05
0.0319122693343785,65.81000000000027,IL2,il2_menten_prolif,0,0.05
0.03183577172182986,65.82000000000028,IL2,il2_menten_prolif,0,0.05
0.03175945748341437,65.83000000000028,IL2,il2_menten_prolif,0,0.05
0.03168332617956178,65.84000000000029,IL2,il2_menten_prolif,0,0.05
0.031607377371755584,65.85000000000029,IL2,il2_menten_prolif,0,0.05
0.03153161062253045,65.8600000000003,IL2,il2_menten_prolif,0,0.05
0.03145602549546967,65.8700000000003,IL2,il2_menten_prolif,0,0.05
0.031380621555202715,65.88000000000031,IL2,il2_menten_prolif,0,0.05
0.03130539836740268,65.89000000000031,IL2,il2_menten_prolif,0,0.05
0.0312303554987838,65.90000000000032,IL2,il2_menten_prolif,0,0.05
0.031155492517098933,65.91000000000032,IL2,il2_menten_prolif,0,0.05
0.03108080899113712,65.92000000000033,IL2,il2_menten_prolif,0,0.05
0.03100630449072101,65.93000000000033,IL2,il2_menten_prolif,0,0.05
0.03093197858670449,65.94000000000034,IL2,il2_menten_prolif,0,0.05
0.030857830850970165,65.95000000000034,IL2,il2_menten_prolif,0,0.05
0.030783860856426842,65.96000000000035,IL2,il2_menten_prolif,0,0.05
0.03071006817700717,65.97000000000035,IL2,il2_menten_prolif,0,0.05
0.03063645238766507,65.98000000000036,IL2,il2_menten_prolif,0,0.05
0.030563013064373465,65.99000000000036,IL2,il2_menten_prolif,0,0.05
0.030489749784121594,66.00000000000037,IL2,il2_menten_prolif,0,0.05
0.030416662124912758,66.01000000000037,IL2,il2_menten_prolif,0,0.05
0.03034374966576188,66.02000000000038,IL2,il2_menten_prolif,0,0.05
0.030271011986692978,66.03000000000038,IL2,il2_menten_prolif,0,0.05
0.030198448668736787,66.04000000000039,IL2,il2_menten_prolif,0,0.05
0.030126059293928458,66.0500000000004,IL2,il2_menten_prolif,0,0.05
0.03005384344530494,66.0600000000004,IL2,il2_menten_prolif,0,0.05
0.029981800706902755,66.0700000000004,IL2,il2_menten_prolif,0,0.05
0.029909930663755514,66.08000000000041,IL2,il2_menten_prolif,0,0.05
0.02983823290189163,66.09000000000042,IL2,il2_menten_prolif,0,0.05
0.02976670700833175,66.10000000000042,IL2,il2_menten_prolif,0,0.05
0.0296953525710865,66.11000000000043,IL2,il2_menten_prolif,0,0.05
0.029624169179154197,66.12000000000043,IL2,il2_menten_prolif,0,0.05
0.02955315642251828,66.13000000000044,IL2,il2_menten_prolif,0,0.05
0.029482313892145024,66.14000000000044,IL2,il2_menten_prolif,0,0.05
0.029411641179981338,66.15000000000045,IL2,il2_menten_prolif,0,0.05
0.029341137878952157,66.16000000000045,IL2,il2_menten_prolif,0,0.05
0.02927080358295829,66.17000000000046,IL2,il2_menten_prolif,0,0.05
0.029200637886873958,66.18000000000046,IL2,il2_menten_prolif,0,0.05
0.029130640386544615,66.19000000000047,IL2,il2_menten_prolif,0,0.05
0.029060810678784438,66.20000000000047,IL2,il2_menten_prolif,0,0.05
0.028991148361374085,66.21000000000048,IL2,il2_menten_prolif,0,0.05
0.028921653033058485,66.22000000000048,IL2,il2_menten_prolif,0,0.05
0.02885232429354432,66.23000000000049,IL2,il2_menten_prolif,0,0.05
0.028783161743497845,66.24000000000049,IL2,il2_menten_prolif,0,0.05
0.0287141649845426,66.2500000000005,IL2,il2_menten_prolif,0,0.05
0.028645333619257057,66.2600000000005,IL2,il2_menten_prolif,0,0.05
0.02857666725117236,66.27000000000051,IL2,il2_menten_prolif,0,0.05
0.028508165484770028,66.28000000000051,IL2,il2_menten_prolif,0,0.05
0.02843982792547972,66.29000000000052,IL2,il2_menten_prolif,0,0.05
0.028371654179676888,66.30000000000052,IL2,il2_menten_prolif,0,0.05
0.028303643854680583,66.31000000000053,IL2,il2_menten_prolif,0,0.05
0.028235796558751115,66.32000000000053,IL2,il2_menten_prolif,0,0.05
0.028168111901087905,66.33000000000054,IL2,il2_menten_prolif,0,0.05
0.028100589491827123,66.34000000000054,IL2,il2_menten_prolif,0,0.05
0.02803322894203951,66.35000000000055,IL2,il2_menten_prolif,0,0.05
0.0279660298637281,66.36000000000055,IL2,il2_menten_prolif,0,0.05
0.027898991869826036,66.37000000000056,IL2,il2_menten_prolif,0,0.05
0.027832114574194274,66.38000000000056,IL2,il2_menten_prolif,0,0.05
0.027765397591619407,66.39000000000057,IL2,il2_menten_prolif,0,0.05
0.02769884053781143,66.40000000000057,IL2,il2_menten_prolif,0,0.05
0.027632443029401536,66.41000000000058,IL2,il2_menten_prolif,0,0.05
0.0275662046839399,66.42000000000058,IL2,il2_menten_prolif,0,0.05
0.027500125119893443,66.43000000000059,IL2,il2_menten_prolif,0,0.05
0.02743420395664372,66.4400000000006,IL2,il2_menten_prolif,0,0.05
0.027368440814484633,66.4500000000006,IL2,il2_menten_prolif,0,0.05
0.027302835314620313,66.4600000000006,IL2,il2_menten_prolif,0,0.05
0.027237387079162883,66.47000000000061,IL2,il2_menten_prolif,0,0.05
0.027172095731130337,66.48000000000062,IL2,il2_menten_prolif,0,0.05
0.027106960894444334,66.49000000000062,IL2,il2_menten_prolif,0,0.05
0.027041982193928026,66.50000000000063,IL2,il2_menten_prolif,0,0.05
0.026977159255303924,66.51000000000063,IL2,il2_menten_prolif,0,0.05
0.02691249170519172,66.52000000000064,IL2,il2_menten_prolif,0,0.05
0.026847979171106137,66.53000000000064,IL2,il2_menten_prolif,0,0.05
0.02678362128145482,66.54000000000065,IL2,il2_menten_prolif,0,0.05
0.026719417665536135,66.55000000000065,IL2,il2_menten_prolif,0,0.05
0.026655367953537075,66.56000000000066,IL2,il2_menten_prolif,0,0.05
0.026591471776531123,66.57000000000066,IL2,il2_menten_prolif,0,0.05
0.026527728766476116,66.58000000000067,IL2,il2_menten_prolif,0,0.05
0.026464138556212165,66.59000000000067,IL2,il2_menten_prolif,0,0.05
0.026400700779459454,66.60000000000068,IL2,il2_menten_prolif,0,0.05
0.02633741507081623,66.61000000000068,IL2,il2_menten_prolif,0,0.05
0.026274281065756622,66.62000000000069,IL2,il2_menten_prolif,0,0.05
0.026211298400628615,66.63000000000069,IL2,il2_menten_prolif,0,0.05
0.02614846671265185,66.6400000000007,IL2,il2_menten_prolif,0,0.05
0.02608578563991565,66.6500000000007,IL2,il2_menten_prolif,0,0.05
0.02602325482137685,66.66000000000071,IL2,il2_menten_prolif,0,0.05
0.025960873896857785,66.67000000000071,IL2,il2_menten_prolif,0,0.05
0.025898642507044142,66.68000000000072,IL2,il2_menten_prolif,0,0.05
0.025836560293482934,66.69000000000072,IL2,il2_menten_prolif,0,0.05
0.02577462689858045,66.70000000000073,IL2,il2_menten_prolif,0,0.05
0.02571284196560017,66.71000000000073,IL2,il2_menten_prolif,0,0.05
0.025651205138660704,66.72000000000074,IL2,il2_menten_prolif,0,0.05
0.025589716062733754,66.73000000000074,IL2,il2_menten_prolif,0,0.05
0.025528374383642076,66.74000000000075,IL2,il2_menten_prolif,0,0.05
0.02546717974805742,66.75000000000075,IL2,il2_menten_prolif,0,0.05
0.025406131803498534,66.76000000000076,IL2,il2_menten_prolif,0,0.05
0.025345230198329086,66.77000000000076,IL2,il2_menten_prolif,0,0.05
0.02528447458175564,66.78000000000077,IL2,il2_menten_prolif,0,0.05
0.025223864603825696,66.79000000000077,IL2,il2_menten_prolif,0,0.05
0.025163399915425582,66.80000000000078,IL2,il2_menten_prolif,0,0.05
0.025103080168278596,66.81000000000078,IL2,il2_menten_prolif,0,0.05
0.025042905014942784,66.82000000000079,IL2,il2_menten_prolif,0,0.05
0.024982874108809117,66.8300000000008,IL2,il2_menten_prolif,0,0.05
0.02492298710409939,66.8400000000008,IL2,il2_menten_prolif,0,0.05
0.024863243655864245,66.8500000000008,IL2,il2_menten_prolif,0,0.05
0.024803643419981425,66.86000000000081,IL2,il2_menten_prolif,0,0.05
0.02474418605315339,66.87000000000081,IL2,il2_menten_prolif,0,0.05
0.024684871212905538,66.88000000000082,IL2,il2_menten_prolif,0,0.05
0.024625698557584105,66.89000000000082,IL2,il2_menten_prolif,0,0.05
0.024566667746354208,66.90000000000083,IL2,il2_menten_prolif,0,0.05
0.024507778439198522,66.91000000000084,IL2,il2_menten_prolif,0,0.05
0.024449030296914587,66.92000000000084,IL2,il2_menten_prolif,0,0.05
0.024390422981112887,66.93000000000085,IL2,il2_menten_prolif,0,0.05
0.02433195615421499,66.94000000000085,IL2,il2_menten_prolif,0,0.05
0.024273629479451504,66.95000000000086,IL2,il2_menten_prolif,0,0.05
0.02421544262086091,66.96000000000086,IL2,il2_menten_prolif,0,0.05
0.024157395243286944,66.97000000000087,IL2,il2_menten_prolif,0,0.05
0.024099487012376523,66.98000000000087,IL2,il2_menten_prolif,0,0.05
0.024041717594577926,66.99000000000088,IL2,il2_menten_prolif,0,0.05
0.02398408665713886,67.00000000000088,IL2,il2_menten_prolif,0,0.05
0.023926593868105174,67.01000000000089,IL2,il2_menten_prolif,0,0.05
0.023869238896318503,67.02000000000089,IL2,il2_menten_prolif,0,0.05
0.023812021411414024,67.0300000000009,IL2,il2_menten_prolif,0,0.05
0.02375494108381873,67.0400000000009,IL2,il2_menten_prolif,0,0.05
0.02369799758474954,67.0500000000009,IL2,il2_menten_prolif,0,0.05
0.023641190586211766,67.06000000000091,IL2,il2_menten_prolif,0,0.05
0.02358451976099734,67.07000000000092,IL2,il2_menten_prolif,0,0.05
0.02352798478268211,67.08000000000092,IL2,il2_menten_prolif,0,0.05
0.02347158532562431,67.09000000000093,IL2,il2_menten_prolif,0,0.05
0.023415321064962698,67.10000000000093,IL2,il2_menten_prolif,0,0.05
0.023359191676615036,67.11000000000094,IL2,il2_menten_prolif,0,0.05
0.023303196837276333,67.12000000000094,IL2,il2_menten_prolif,0,0.05
0.02324733622441616,67.13000000000095,IL2,il2_menten_prolif,0,0.05
0.02319160951627711,67.14000000000095,IL2,il2_menten_prolif,0,0.05
0.023136016391872925,67.15000000000096,IL2,il2_menten_prolif,0,0.05
0.023080556530986653,67.16000000000096,IL2,il2_menten_prolif,0,0.05
0.023025229614169494,67.17000000000097,IL2,il2_menten_prolif,0,0.05
0.022970035322738877,67.18000000000097,IL2,il2_menten_prolif,0,0.05
0.022914973338775492,67.19000000000098,IL2,il2_menten_prolif,0,0.05
0.022860043345122046,67.20000000000098,IL2,il2_menten_prolif,0,0.05
0.022805245025381365,67.21000000000099,IL2,il2_menten_prolif,0,0.05
0.022750578063914614,67.220000000001,IL2,il2_menten_prolif,0,0.05
0.02269604214584032,67.230000000001,IL2,il2_menten_prolif,0,0.05
0.02264163695703183,67.240000000001,IL2,il2_menten_prolif,0,0.05
0.022587362184115084,67.25000000000101,IL2,il2_menten_prolif,0,0.05
0.022533217514467088,67.26000000000101,IL2,il2_menten_prolif,0,0.05
0.022479202636214102,67.27000000000102,IL2,il2_menten_prolif,0,0.05
0.02242531723822995,67.28000000000102,IL2,il2_menten_prolif,0,0.05
0.02237156101013512,67.29000000000103,IL2,il2_menten_prolif,0,0.05
0.02231793364229385,67.30000000000103,IL2,il2_menten_prolif,0,0.05
0.022264434825812307,67.31000000000104,IL2,il2_menten_prolif,0,0.05
0.022211064252537004,67.32000000000104,IL2,il2_menten_prolif,0,0.05
0.022157821615052975,67.33000000000105,IL2,il2_menten_prolif,0,0.05
0.022104706606682234,67.34000000000106,IL2,il2_menten_prolif,0,0.05
0.022051718921482787,67.35000000000106,IL2,il2_menten_prolif,0,0.05
0.02199885825424558,67.36000000000107,IL2,il2_menten_prolif,0,0.05
0.021946124300492965,67.37000000000107,IL2,il2_menten_prolif,0,0.05
0.021893516756477042,67.38000000000108,IL2,il2_menten_prolif,0,0.05
0.021841035319177866,67.39000000000108,IL2,il2_menten_prolif,0,0.05
0.021788679686250548,67.40000000000109,IL2,il2_menten_prolif,0,0.05
0.021736449556264387,67.41000000000109,IL2,il2_menten_prolif,0,0.05
0.021684344628266926,67.4200000000011,IL2,il2_menten_prolif,0,0.05
0.02163236460214533,67.4300000000011,IL2,il2_menten_prolif,0,0.05
0.021580509178500545,67.4400000000011,IL2,il2_menten_prolif,0,0.05
0.021528778058647356,67.45000000000111,IL2,il2_menten_prolif,0,0.05
0.0214771709446109,67.46000000000112,IL2,il2_menten_prolif,0,0.05
0.021425687539126093,67.47000000000112,IL2,il2_menten_prolif,0,0.05
0.02137432754564536,67.48000000000113,IL2,il2_menten_prolif,0,0.05
0.021323090668334543,67.49000000000113,IL2,il2_menten_prolif,0,0.05
0.021271976612072915,67.50000000000114,IL2,il2_menten_prolif,0,0.05
0.021220985082453105,67.51000000000114,IL2,il2_menten_prolif,0,0.05
0.02117011578578116,67.52000000000115,IL2,il2_menten_prolif,0,0.05
0.02111936842906753,67.53000000000115,IL2,il2_menten_prolif,0,0.05
0.021068742719938666,67.54000000000116,IL2,il2_menten_prolif,0,0.05
0.021018238366767965,67.55000000000116,IL2,il2_menten_prolif,0,0.05
0.02096785507865652,67.56000000000117,IL2,il2_menten_prolif,0,0.05
0.02091759256541255,67.57000000000117,IL2,il2_menten_prolif,0,0.05
0.02086745053755144,67.58000000000118,IL2,il2_menten_prolif,0,0.05
0.02081742870629573,67.59000000000118,IL2,il2_menten_prolif,0,0.05
0.02076752678357511,67.60000000000119,IL2,il2_menten_prolif,0,0.05
0.02071774448192759,67.6100000000012,IL2,il2_menten_prolif,0,0.05
0.020668081514485355,67.6200000000012,IL2,il2_menten_prolif,0,0.05
0.020618537595190736,67.6300000000012,IL2,il2_menten_prolif,0,0.05
0.020569112438682632,67.64000000000121,IL2,il2_menten_prolif,0,0.05
0.020519805760295072,67.65000000000121,IL2,il2_menten_prolif,0,0.05
0.020470617276057104,67.66000000000122,IL2,il2_menten_prolif,0,0.05
0.02042154670269288,67.67000000000122,IL2,il2_menten_prolif,0,0.05
0.020372593757603752,67.68000000000123,IL2,il2_menten_prolif,0,0.05
0.02032375815869271,67.69000000000123,IL2,il2_menten_prolif,0,0.05
0.02027503962462445,67.70000000000124,IL2,il2_menten_prolif,0,0.05
0.02022643787478711,67.71000000000124,IL2,il2_menten_prolif,0,0.05
0.02017795262925151,67.72000000000125,IL2,il2_menten_prolif,0,0.05
0.020129583608771127,67.73000000000125,IL2,il2_menten_prolif,0,0.05
0.02008133053478213,67.74000000000126,IL2,il2_menten_prolif,0,0.05
0.02003319312940337,67.75000000000126,IL2,il2_menten_prolif,0,0.05
0.01998517111533673,67.75,IL2,il2_menten_prolif,0,0.05
0.019937264217861725,67.76,IL2,il2_menten_prolif,0,0.05
0.01988947215715196,67.77000000000001,IL2,il2_menten_prolif,0,0.05
0.019841794659856464,67.78000000000002,IL2,il2_menten_prolif,0,0.05
0.019794231451353318,67.79000000000002,IL2,il2_menten_prolif,0,0.05
0.01974678225767798,67.80000000000003,IL2,il2_menten_prolif,0,0.05
0.019699446805523078,67.81000000000003,IL2,il2_menten_prolif,0,0.05
0.019652224822236386,67.82000000000004,IL2,il2_menten_prolif,0,0.05
0.01960511603581887,67.83000000000004,IL2,il2_menten_prolif,0,0.05
0.019558120174923935,67.84000000000005,IL2,il2_menten_prolif,0,0.05
0.019511236968855296,67.85000000000005,IL2,il2_menten_prolif,0,0.05
0.019464466147565536,67.86000000000006,IL2,il2_menten_prolif,0,0.05
0.019417807441654604,67.87000000000006,IL2,il2_menten_prolif,0,0.05
0.019371260582368245,67.88000000000007,IL2,il2_menten_prolif,0,0.05
0.01932482530159637,67.89000000000007,IL2,il2_menten_prolif,0,0.05
0.01927850133187172,67.90000000000008,IL2,il2_menten_prolif,0,0.05
0.01923228840636801,67.91000000000008,IL2,il2_menten_prolif,0,0.05
0.01918618625889873,67.92000000000009,IL2,il2_menten_prolif,0,0.05
0.019140194623915308,67.93000000000009,IL2,il2_menten_prolif,0,0.05
0.019094313236505876,67.9400000000001,IL2,il2_menten_prolif,0,0.05
0.01904854183239344,67.9500000000001,IL2,il2_menten_prolif,0,0.05
0.019002880147934664,67.96000000000011,IL2,il2_menten_prolif,0,0.05
0.018957327920118044,67.97000000000011,IL2,il2_menten_prolif,0,0.05
0.01891188488656269,67.98000000000012,IL2,il2_menten_prolif,0,0.05
0.018866550785516537,67.99000000000012,IL2,il2_menten_prolif,0,0.05
0.018821325355855106,68.00000000000013,IL2,il2_menten_prolif,0,0.05
0.018776208337079728,68.01000000000013,IL2,il2_menten_prolif,0,0.05
0.01873119946931632,68.02000000000014,IL2,il2_menten_prolif,0,0.05
0.0186862984933136,68.03000000000014,IL2,il2_menten_prolif,0,0.05
0.018641505150441873,68.04000000000015,IL2,il2_menten_prolif,0,0.05
0.018596819182691352,68.05000000000015,IL2,il2_menten_prolif,0,0.05
0.01855224033267074,68.06000000000016,IL2,il2_menten_prolif,0,0.05
0.01850776834360574,68.07000000000016,IL2,il2_menten_prolif,0,0.05
0.018463402959337565,68.08000000000017,IL2,il2_menten_prolif,0,0.05
0.01841914392432148,68.09000000000017,IL2,il2_menten_prolif,0,0.05
0.018374990983625335,68.10000000000018,IL2,il2_menten_prolif,0,0.05
0.01833094388292805,68.11000000000018,IL2,il2_menten_prolif,0,0.05
0.01828700236851822,68.12000000000019,IL2,il2_menten_prolif,0,0.05
0.018243166187292586,68.1300000000002,IL2,il2_menten_prolif,0,0.05
0.01819943508675463,68.1400000000002,IL2,il2_menten_prolif,0,0.05
0.018155808815013098,68.1500000000002,IL2,il2_menten_prolif,0,0.05
0.01811228712078053,68.16000000000021,IL2,il2_menten_prolif,0,0.05
0.018068869753371856,68.17000000000021,IL2,il2_menten_prolif,0,0.05
0.018025556462702926,68.18000000000022,IL2,il2_menten_prolif,0,0.05
0.01798234699928905,68.19000000000023,IL2,il2_menten_prolif,0,0.05
0.01793924111424361,68.20000000000023,IL2,il2_menten_prolif,0,0.05
0.017896238559276603,68.21000000000024,IL2,il2_menten_prolif,0,0.05
0.01785333908669316,68.22000000000024,IL2,il2_menten_prolif,0,0.05
0.017810542449392223,68.23000000000025,IL2,il2_menten_prolif,0,0.05
0.01776784840086504,68.24000000000025,IL2,il2_menten_prolif,0,0.05
0.01772525669519377,68.25000000000026,IL2,il2_menten_prolif,0,0.05
0.01768276708705006,68.26000000000026,IL2,il2_menten_prolif,0,0.05
0.01764037933169367,68.27000000000027,IL2,il2_menten_prolif,0,0.05
0.017598093184971013,68.28000000000027,IL2,il2_menten_prolif,0,0.05
0.017555908403313742,68.29000000000028,IL2,il2_menten_prolif,0,0.05
0.017513824743737413,68.30000000000028,IL2,il2_menten_prolif,0,0.05
0.017471841963840044,68.31000000000029,IL2,il2_menten_prolif,0,0.05
0.017429959821800678,68.32000000000029,IL2,il2_menten_prolif,0,0.05
0.017388178076378078,68.3300000000003,IL2,il2_menten_prolif,0,0.05
0.017346496486909287,68.3400000000003,IL2,il2_menten_prolif,0,0.05
0.017304914813308207,68.3500000000003,IL2,il2_menten_prolif,0,0.05
0.017263432816064295,68.36000000000031,IL2,il2_menten_prolif,0,0.05
0.01722205025624115,68.37000000000032,IL2,il2_menten_prolif,0,0.05
0.017180766895475076,68.38000000000032,IL2,il2_menten_prolif,0,0.05
0.017139582495973832,68.39000000000033,IL2,il2_menten_prolif,0,0.05
0.017098496820515154,68.40000000000033,IL2,il2_menten_prolif,0,0.05
0.017057509632445428,68.41000000000034,IL2,il2_menten_prolif,0,0.05
0.017016620695678344,68.42000000000034,IL2,il2_menten_prolif,0,0.05
0.01697582977469353,68.43000000000035,IL2,il2_menten_prolif,0,0.05
0.016935136634535143,68.44000000000035,IL2,il2_menten_prolif,0,0.05
0.01689454104081059,68.45000000000036,IL2,il2_menten_prolif,0,0.05
0.016854042759689165,68.46000000000036,IL2,il2_menten_prolif,0,0.05
0.016813641557900612,68.47000000000037,IL2,il2_menten_prolif,0,0.05
0.01677333720273392,68.48000000000037,IL2,il2_menten_prolif,0,0.05
0.016733129462035916,68.49000000000038,IL2,il2_menten_prolif,0,0.05
0.016693018104209853,68.50000000000038,IL2,il2_menten_prolif,0,0.05
0.01665300289821422,68.51000000000039,IL2,il2_menten_prolif,0,0.05
0.016613083613561355,68.5200000000004,IL2,il2_menten_prolif,0,0.05
0.016573260020316005,68.5300000000004,IL2,il2_menten_prolif,0,0.05
0.01653353188909419,68.5400000000004,IL2,il2_menten_prolif,0,0.05
0.01649389899106177,68.55000000000041,IL2,il2_menten_prolif,0,0.05
0.01645436109793317,68.56000000000041,IL2,il2_menten_prolif,0,0.05
0.01641491798196996,68.57000000000042,IL2,il2_menten_prolif,0,0.05
0.016375569415979715,68.58000000000042,IL2,il2_menten_prolif,0,0.05
0.0163363151733146,68.59000000000043,IL2,il2_menten_prolif,0,0.05
0.016297155027870026,68.60000000000043,IL2,il2_menten_prolif,0,0.05
0.016258088754083473,68.61000000000044,IL2,il2_menten_prolif,0,0.05
0.016219116126933115,68.62000000000045,IL2,il2_menten_prolif,0,0.05
0.016180236921936472,68.63000000000045,IL2,il2_menten_prolif,0,0.05
0.01614145091514923,68.64000000000046,IL2,il2_menten_prolif,0,0.05
0.01610275788316389,68.65000000000046,IL2,il2_menten_prolif,0,0.05
0.016064157603108496,68.66000000000047,IL2,il2_menten_prolif,0,0.05
0.01602564985264529,68.67000000000047,IL2,il2_menten_prolif,0,0.05
0.015987234409969547,68.68000000000048,IL2,il2_menten_prolif,0,0.05
0.01594891105380823,68.69000000000048,IL2,il2_menten_prolif,0,0.05
0.015910679563418652,68.70000000000049,IL2,il2_menten_prolif,0,0.05
0.015872539718587347,68.71000000000049,IL2,il2_menten_prolif,0,0.05
0.01583449129962871,68.7200000000005,IL2,il2_menten_prolif,0,0.05
0.015796534087383737,68.7300000000005,IL2,il2_menten_prolif,0,0.05
0.01575866786321878,68.7400000000005,IL2,il2_menten_prolif,0,0.05
0.015720892409024287,68.75000000000051,IL2,il2_menten_prolif,0,0.05
0.015683207507213533,68.76000000000052,IL2,il2_menten_prolif,0,0.05
0.015645612940721382,68.77000000000052,IL2,il2_menten_prolif,0,0.05
0.01560810849300303,68.78000000000053,IL2,il2_menten_prolif,0,0.05
0.015570693948032743,68.79000000000053,IL2,il2_menten_prolif,0,0.05
0.015533369090302658,68.80000000000054,IL2,il2_menten_prolif,0,0.05
0.015496133704821472,68.81000000000054,IL2,il2_menten_prolif,0,0.05
0.015458987577113273,68.82000000000055,IL2,il2_menten_prolif,0,0.05
0.015421930493216255,68.83000000000055,IL2,il2_menten_prolif,0,0.05
0.015384962239681518,68.84000000000056,IL2,il2_menten_prolif,0,0.05
0.01534808260357182,68.85000000000056,IL2,il2_menten_prolif,0,0.05
0.015311291372460354,68.86000000000057,IL2,il2_menten_prolif,0,0.05
0.015274588334429521,68.87000000000057,IL2,il2_menten_prolif,0,0.05
0.015237973278069729,68.88000000000058,IL2,il2_menten_prolif,0,0.05
0.01520144599247815,68.89000000000058,IL2,il2_menten_prolif,0,0.05
0.015165006267257516,68.90000000000059,IL2,il2_menten_prolif,0,0.05
0.01512865389251491,68.9100000000006,IL2,il2_menten_prolif,0,0.05
0.015092388658860551,68.9200000000006,IL2,il2_menten_prolif,0,0.05
0.015056210357406594,68.9300000000006,IL2,il2_menten_prolif,0,0.05
0.015020118779765924,68.94000000000061,IL2,il2_menten_prolif,0,0.05
0.014984113718050952,68.95000000000061,IL2,il2_menten_prolif,0,0.05
0.014948194964872428,68.96000000000062,IL2,il2_menten_prolif,0,0.05
0.014912362313338229,68.97000000000062,IL2,il2_menten_prolif,0,0.05
0.014876615557052181,68.98000000000063,IL2,il2_menten_prolif,0,0.05
0.014840954490112888,68.99000000000063,IL2,il2_menten_prolif,0,0.05
0.014805378907112475,69.00000000000064,IL2,il2_menten_prolif,0,0.05
0.014769888603135502,69.01000000000064,IL2,il2_menten_prolif,0,0.05
0.014734483373757719,69.02000000000065,IL2,il2_menten_prolif,0,0.05
0.01469916301504492,69.03000000000065,IL2,il2_menten_prolif,0,0.05
0.014663927323551715,69.04000000000066,IL2,il2_menten_prolif,0,0.05
0.014628776096320434,69.05000000000067,IL2,il2_menten_prolif,0,0.05
0.01459370913087992,69.06000000000067,IL2,il2_menten_prolif,0,0.05
0.014558726225244355,69.07000000000068,IL2,il2_menten_prolif,0,0.05
0.014523827177912093,69.08000000000068,IL2,il2_menten_prolif,0,0.05
0.014489011787864525,69.09000000000069,IL2,il2_menten_prolif,0,0.05
0.01445427985456492,69.10000000000069,IL2,il2_menten_prolif,0,0.05
0.014419631177957247,69.1100000000007,IL2,il2_menten_prolif,0,0.05
0.01438506555846502,69.1200000000007,IL2,il2_menten_prolif,0,0.05
0.014350582796990176,69.1300000000007,IL2,il2_menten_prolif,0,0.05
0.014316182694911925,69.14000000000071,IL2,il2_menten_prolif,0,0.05
0.014281865054085574,69.15000000000072,IL2,il2_menten_prolif,0,0.05
0.014247629676841435,69.16000000000072,IL2,il2_menten_prolif,0,0.05
0.014213476365983614,69.17000000000073,IL2,il2_menten_prolif,0,0.05
0.01417940492478896,69.18000000000073,IL2,il2_menten_prolif,0,0.05
0.014145415157005872,69.19000000000074,IL2,il2_menten_prolif,0,0.05
0.01411150686685321,69.20000000000074,IL2,il2_menten_prolif,0,0.05
0.01407767985901911,69.21000000000075,IL2,il2_menten_prolif,0,0.05
0.014043933938659917,69.22000000000075,IL2,il2_menten_prolif,0,0.05
0.014010268911399042,69.23000000000076,IL2,il2_menten_prolif,0,0.05
0.013976684583325832,69.24000000000076,IL2,il2_menten_prolif,0,0.05
0.013943180760994468,69.25000000000077,IL2,il2_menten_prolif,0,0.05
0.013909757251422834,69.26000000000077,IL2,il2_menten_prolif,0,0.05
0.013876413862091427,69.27000000000078,IL2,il2_menten_prolif,0,0.05
0.013843150400942222,69.28000000000078,IL2,il2_menten_prolif,0,0.05
0.01380996667637761,69.29000000000079,IL2,il2_menten_prolif,0,0.05
0.013776862497259248,69.3000000000008,IL2,il2_menten_prolif,0,0.05
0.013743837672906961,69.3100000000008,IL2,il2_menten_prolif,0,0.05
0.013710892013097676,69.3200000000008,IL2,il2_menten_prolif,0,0.05
0.013678025328064274,69.33000000000081,IL2,il2_menten_prolif,0,0.05
0.013645237428494635,69.34000000000081,IL2,il2_menten_prolif,0,0.05
0.013612528125530382,69.35000000000082,IL2,il2_menten_prolif,0,0.05
0.01357989723076582,69.36000000000082,IL2,il2_menten_prolif,0,0.05
0.01354734455624684,69.37000000000083,IL2,il2_menten_prolif,0,0.05
0.01351486991446984,69.38000000000083,IL2,il2_menten_prolif,0,0.05
0.013482473118380939,69.39000000000084,IL2,il2_menten_prolif,0,0.05
0.013450153981374578,69.40000000000084,IL2,il2_menten_prolif,0,0.05
0.013417912317292415,69.41000000000085,IL2,il2_menten_prolif,0,0.05
0.013385747940422285,69.42000000000085,IL2,il2_menten_prolif,0,0.05
0.013353660665497147,69.43000000000086,IL2,il2_menten_prolif,0,0.05
0.013321650307694336,69.44000000000086,IL2,il2_menten_prolif,0,0.05
0.013289716682634229,69.45000000000087,IL2,il2_menten_prolif,0,0.05
0.013257859606379041,69.46000000000087,IL2,il2_menten_prolif,0,0.05
0.013226078895431845,69.47000000000088,IL2,il2_menten_prolif,0,0.05
0.013194374366735508,69.48000000000089,IL2,il2_menten_prolif,0,0.05
0.013162745837671951,69.49000000000089,IL2,il2_menten_prolif,0,0.05
0.013131193126060911,69.5000000000009,IL2,il2_menten_prolif,0,0.05
0.013099716050158668,69.5100000000009,IL2,il2_menten_prolif,0,0.05
0.013068314428657102,69.5200000000009,IL2,il2_menten_prolif,0,0.05
0.01303698808068266,69.53000000000091,IL2,il2_menten_prolif,0,0.05
0.013005736825795509,69.54000000000092,IL2,il2_menten_prolif,0,0.05
0.01297456048398854,69.55000000000092,IL2,il2_menten_prolif,0,0.05
0.012943458875685914,69.56000000000093,IL2,il2_menten_prolif,0,0.05
0.012912431821742225,69.57000000000093,IL2,il2_menten_prolif,0,0.05
0.012881479143441425,69.58000000000094,IL2,il2_menten_prolif,0,0.05
0.012850600662496041,69.59000000000094,IL2,il2_menten_prolif,0,0.05
0.01281979620104617,69.60000000000095,IL2,il2_menten_prolif,0,0.05
0.012789065581658043,69.61000000000095,IL2,il2_menten_prolif,0,0.05
0.012758408627323137,69.62000000000096,IL2,il2_menten_prolif,0,0.05
0.012727825161457155,69.63000000000096,IL2,il2_menten_prolif,0,0.05
0.012697315007899028,69.64000000000097,IL2,il2_menten_prolif,0,0.05
0.01266687799091029,69.65000000000097,IL2,il2_menten_prolif,0,0.05
0.012636513935173958,69.66000000000098,IL2,il2_menten_prolif,0,0.05
0.012606222665792982,69.67000000000098,IL2,il2_menten_prolif,0,0.05
0.012576004008289494,69.68000000000099,IL2,il2_menten_prolif,0,0.05
0.012545857788603811,69.69000000000099,IL2,il2_menten_prolif,0,0.05
0.012515783833093418,69.700000000001,IL2,il2_menten_prolif,0,0.05
0.012485781968532452,69.710000000001,IL2,il2_menten_prolif,0,0.05
0.012455852022110317,69.72000000000101,IL2,il2_menten_prolif,0,0.05
0.012425993821430406,69.73000000000101,IL2,il2_menten_prolif,0,0.05
0.012396207194509335,69.74000000000102,IL2,il2_menten_prolif,0,0.05
0.012366491969775881,69.75000000000102,IL2,il2_menten_prolif,0,0.05
0.012336847976070084,69.76000000000103,IL2,il2_menten_prolif,0,0.05
0.012307275042642753,69.77000000000103,IL2,il2_menten_prolif,0,0.05
0.01227777299915386,69.78000000000104,IL2,il2_menten_prolif,0,0.05
0.012248341675671522,69.79000000000104,IL2,il2_menten_prolif,0,0.05
0.012218980902671144,69.80000000000105,IL2,il2_menten_prolif,0,0.05
0.012189690511034423,69.81000000000105,IL2,il2_menten_prolif,0,0.05
0.012160470332048479,69.82000000000106,IL2,il2_menten_prolif,0,0.05
0.012131320197405343,69.83000000000106,IL2,il2_menten_prolif,0,0.05
0.012102239939200243,69.84000000000107,IL2,il2_menten_prolif,0,0.05
0.012073229389930776,69.85000000000107,IL2,il2_menten_prolif,0,0.05
0.012044288382495995,69.86000000000108,IL2,il2_menten_prolif,0,0.05
0.012015416750195438,69.87000000000108,IL2,il2_menten_prolif,0,0.05
0.011986614326699983,69.88000000000109,IL2,il2_menten_prolif,0,0.05
0.011957880946183469,69.8900000000011,IL2,il2_menten_prolif,0,0.05
0.011929216443082803,69.9000000000011,IL2,il2_menten_prolif,0,0.05
0.011900620652296792,69.9100000000011,IL2,il2_menten_prolif,0,0.05
0.011872093409116935,69.92000000000111,IL2,il2_menten_prolif,0,0.05
0.011843634549227423,69.93000000000112,IL2,il2_menten_prolif,0,0.05
0.011815243908703246,69.94000000000112,IL2,il2_menten_prolif,0,0.05
0.011786921324009832,69.95000000000113,IL2,il2_menten_prolif,0,0.05
0.011758666632007364,69.96000000000113,IL2,il2_menten_prolif,0,0.05
0.011730479669948498,69.97000000000114,IL2,il2_menten_prolif,0,0.05
0.01170236027547835,69.98000000000114,IL2,il2_menten_prolif,0,0.05
0.011674308286634485,69.99000000000115,IL2,il2_menten_prolif,0,0.05
0.01164632354184695,70.00000000000115,IL2,il2_menten_prolif,0,0.05
0.011618405879933298,70.01000000000116,IL2,il2_menten_prolif,0,0.05
0.01159055514004995,70.02000000000116,IL2,il2_menten_prolif,0,0.05
0.01156277116176426,70.03000000000117,IL2,il2_menten_prolif,0,0.05
0.011535053785043907,70.04000000000117,IL2,il2_menten_prolif,0,0.05
0.011507402850245582,70.05000000000118,IL2,il2_menten_prolif,0,0.05
0.011479818198115003,70.06000000000118,IL2,il2_menten_prolif,0,0.05
0.011452299669786926,70.07000000000119,IL2,il2_menten_prolif,0,0.05
0.011424847106785126,70.08000000000119,IL2,il2_menten_prolif,0,0.05
0.01139746035096804,70.0900000000012,IL2,il2_menten_prolif,0,0.05
0.011370139244520953,70.1000000000012,IL2,il2_menten_prolif,0,0.05
0.01134288363007486,70.11000000000121,IL2,il2_menten_prolif,0,0.05
0.011315693350643974,70.12000000000121,IL2,il2_menten_prolif,0,0.05
0.01128856824962487,70.13000000000122,IL2,il2_menten_prolif,0,0.05
0.011261508170796526,70.14000000000122,IL2,il2_menten_prolif,0,0.05
0.011234512958320286,70.15000000000123,IL2,il2_menten_prolif,0,0.05
0.01120758245673007,70.16000000000123,IL2,il2_menten_prolif,0,0.05
0.011180716510835723,70.17000000000124,IL2,il2_menten_prolif,0,0.05
0.011153914965866162,70.18000000000124,IL2,il2_menten_prolif,0,0.05
0.01112717766744828,70.19000000000125,IL2,il2_menten_prolif,0,0.05
0.01110050446158453,70.20000000000125,IL2,il2_menten_prolif,0,0.05
0.01107389519465293,70.21000000000126,IL2,il2_menten_prolif,0,0.05
0.01104734971340705,70.22000000000126,IL2,il2_menten_prolif,0,0.05
0.011020867864976035,70.23000000000127,IL2,il2_menten_prolif,0,0.05
0.01099444949680978,70.24000000000127,IL2,il2_menten_prolif,0,0.05
0.010968094456671074,70.25000000000128,IL2,il2_menten_prolif,0,0.05
0.010941802592755404,70.26000000000128,IL2,il2_menten_prolif,0,0.05
0.010915573753627946,70.27000000000129,IL2,il2_menten_prolif,0,0.05
0.010889407788222746,70.2800000000013,IL2,il2_menten_prolif,0,0.05
0.010863304545842709,70.2900000000013,IL2,il2_menten_prolif,0,0.05
0.010837263876159606,70.3000000000013,IL2,il2_menten_prolif,0,0.05
0.010811285629204592,70.31000000000131,IL2,il2_menten_prolif,0,0.05
0.010785369655274978,70.32000000000131,IL2,il2_menten_prolif,0,0.05
0.010759515805072343,70.33000000000132,IL2,il2_menten_prolif,0,0.05
0.010733723929682163,70.34000000000133,IL2,il2_menten_prolif,0,0.05
0.01070799388055221,70.35000000000133,IL2,il2_menten_prolif,0,0.05
0.010682325509492514,70.36000000000134,IL2,il2_menten_prolif,0,0.05
0.010656718668675416,70.37000000000134,IL2,il2_menten_prolif,0,0.05
0.010631173210635518,70.38000000000135,IL2,il2_menten_prolif,0,0.05
0.010605688988216844,70.39000000000135,IL2,il2_menten_prolif,0,0.05
0.010580265854565254,70.40000000000136,IL2,il2_menten_prolif,0,0.05
0.010554903663243988,70.41000000000136,IL2,il2_menten_prolif,0,0.05
0.010529602268172912,70.42000000000137,IL2,il2_menten_prolif,0,0.05
0.010504361523627721,70.43000000000137,IL2,il2_menten_prolif,0,0.05
0.010479181284239927,70.44000000000138,IL2,il2_menten_prolif,0,0.05
0.010454061404996858,70.45000000000138,IL2,il2_menten_prolif,0,0.05
0.010429001741232527,70.46000000000139,IL2,il2_menten_prolif,0,0.05
0.010404002148537692,70.47000000000139,IL2,il2_menten_prolif,0,0.05
0.010379062482893074,70.4800000000014,IL2,il2_menten_prolif,0,0.05
0.010354182600649724,70.4900000000014,IL2,il2_menten_prolif,0,0.05
0.010329362358508173,70.5000000000014,IL2,il2_menten_prolif,0,0.05
0.01030460161351842,70.51000000000141,IL2,il2_menten_prolif,0,0.05
0.010279900223079931,70.52000000000142,IL2,il2_menten_prolif,0,0.05
0.010255258044941654,70.53000000000142,IL2,il2_menten_prolif,0,0.05
0.010230674937150998,70.54000000000143,IL2,il2_menten_prolif,0,0.05
0.010206150758046543,70.55000000000143,IL2,il2_menten_prolif,0,0.05
0.010181685366369493,70.56000000000144,IL2,il2_menten_prolif,0,0.05
0.010157278621205065,70.57000000000144,IL2,il2_menten_prolif,0,0.05
0.010132930381981715,70.58000000000145,IL2,il2_menten_prolif,0,0.05
0.010108640508471153,70.59000000000145,IL2,il2_menten_prolif,0,0.05
0.010084408860788305,70.60000000000146,IL2,il2_menten_prolif,0,0.05
0.010060235299382533,70.61000000000146,IL2,il2_menten_prolif,0,0.05
0.010036119684950865,70.62000000000147,IL2,il2_menten_prolif,0,0.05
0.0100120618785665,70.63000000000147,IL2,il2_menten_prolif,0,0.05
0.009988061741659872,70.64000000000148,IL2,il2_menten_prolif,0,0.05
0.009964119135998543,70.65000000000148,IL2,il2_menten_prolif,0,0.05
0.009940233923687179,70.66000000000149,IL2,il2_menten_prolif,0,0.05
0.009916405967167561,70.6700000000015,IL2,il2_menten_prolif,0,0.05
0.00989263512921859,70.6800000000015,IL2,il2_menten_prolif,0,0.05
0.009868921272907075,70.6900000000015,IL2,il2_menten_prolif,0,0.05
0.009845264261580713,70.70000000000151,IL2,il2_menten_prolif,0,0.05
0.009821663958975563,70.71000000000151,IL2,il2_menten_prolif,0,0.05
0.00979812022915956,70.72000000000152,IL2,il2_menten_prolif,0,0.05
0.009774632936531727,70.73000000000152,IL2,il2_menten_prolif,0,0.05
0.009751201945822196,70.74000000000153,IL2,il2_menten_prolif,0,0.05
0.009727827122092194,70.75000000000153,IL2,il2_menten_prolif,0,0.05
0.00970450833072555,70.76000000000154,IL2,il2_menten_prolif,0,0.05
0.009681245437345007,70.77000000000155,IL2,il2_menten_prolif,0,0.05
0.009658038307936176,70.78000000000155,IL2,il2_menten_prolif,0,0.05
0.009634886808829273,70.79000000000156,IL2,il2_menten_prolif,0,0.05
0.009611790806679711,70.80000000000156,IL2,il2_menten_prolif,0,0.05
0.009588750168468094,70.81000000000157,IL2,il2_menten_prolif,0,0.05
0.009565764761500228,70.82000000000157,IL2,il2_menten_prolif,0,0.05
0.00954283445340711,70.83000000000158,IL2,il2_menten_prolif,0,0.05
0.009519959112097465,70.84000000000158,IL2,il2_menten_prolif,0,0.05
0.009497138605750972,70.85000000000159,IL2,il2_menten_prolif,0,0.05
0.009474372802921953,70.86000000000159,IL2,il2_menten_prolif,0,0.05
0.009451661572484844,70.8700000000016,IL2,il2_menten_prolif,0,0.05
0.009429004783633498,70.8800000000016,IL2,il2_menten_prolif,0,0.05
0.009406402305881136,70.8900000000016,IL2,il2_menten_prolif,0,0.05
0.00938385400906039,70.90000000000161,IL2,il2_menten_prolif,0,0.05
0.00936135976331507,70.91000000000162,IL2,il2_menten_prolif,0,0.05
0.009338919439019464,70.92000000000162,IL2,il2_menten_prolif,0,0.05
0.009316532906897887,70.93000000000163,IL2,il2_menten_prolif,0,0.05
0.009294200038007086,70.94000000000163,IL2,il2_menten_prolif,0,0.05
0.009271920703717493,70.95000000000164,IL2,il2_menten_prolif,0,0.05
0.00924969477571325,70.96000000000164,IL2,il2_menten_prolif,0,0.05
0.009227522125992177,70.97000000000165,IL2,il2_menten_prolif,0,0.05
0.009205402626865805,70.98000000000165,IL2,il2_menten_prolif,0,0.05
0.009183336150992486,70.99000000000166,IL2,il2_menten_prolif,0,0.05
0.009161322571011068,71.00000000000166,IL2,il2_menten_prolif,0,0.05
0.009139361760269188,71.01000000000167,IL2,il2_menten_prolif,0,0.05
0.009117453592267986,71.02000000000167,IL2,il2_menten_prolif,0,0.05
0.009095597940820155,71.03000000000168,IL2,il2_menten_prolif,0,0.05
0.009073794680049178,71.04000000000168,IL2,il2_menten_prolif,0,0.05
0.009052043684388597,71.05000000000169,IL2,il2_menten_prolif,0,0.05
0.009030344828557808,71.0600000000017,IL2,il2_menten_prolif,0,0.05
0.009008697987355787,71.0700000000017,IL2,il2_menten_prolif,0,0.05
0.008987103036031556,71.0800000000017,IL2,il2_menten_prolif,0,0.05
0.008965559850195771,71.09000000000171,IL2,il2_menten_prolif,0,0.05
0.008944068305761771,71.10000000000171,IL2,il2_menten_prolif,0,0.05
0.008922628278944732,71.11000000000172,IL2,il2_menten_prolif,0,0.05
0.008901239646260828,71.12000000000172,IL2,il2_menten_prolif,0,0.05
0.008879902284526398,71.13000000000173,IL2,il2_menten_prolif,0,0.05
0.00885861607085707,71.14000000000173,IL2,il2_menten_prolif,0,0.05
0.008837380882666963,71.15000000000174,IL2,il2_menten_prolif,0,0.05
0.008816196597667811,71.16000000000174,IL2,il2_menten_prolif,0,0.05
0.008795063093868136,71.17000000000175,IL2,il2_menten_prolif,0,0.05
0.008773980249572402,71.18000000000175,IL2,il2_menten_prolif,0,0.05
0.008752947943380157,71.19000000000176,IL2,il2_menten_prolif,0,0.05
0.00873196605418523,71.20000000000176,IL2,il2_menten_prolif,0,0.05
0.008711034461174839,71.21000000000177,IL2,il2_menten_prolif,0,0.05
0.008690153043828783,71.22000000000178,IL2,il2_menten_prolif,0,0.05
0.008669321681918588,71.23000000000178,IL2,il2_menten_prolif,0,0.05
0.008648540255506668,71.24000000000179,IL2,il2_menten_prolif,0,0.05
0.008627808644945462,71.25000000000179,IL2,il2_menten_prolif,0,0.05
0.008607126730876633,71.2600000000018,IL2,il2_menten_prolif,0,0.05
0.008586494394230178,71.2700000000018,IL2,il2_menten_prolif,0,0.05
0.00856591151622362,71.2800000000018,IL2,il2_menten_prolif,0,0.05
0.008545377978361152,71.29000000000181,IL2,il2_menten_prolif,0,0.05
0.008524893662306266,71.30000000000182,IL2,il2_menten_prolif,0,0.05
0.008504458449882225,71.31000000000182,IL2,il2_menten_prolif,0,0.05
0.008484072223387033,71.32000000000183,IL2,il2_menten_prolif,0,0.05
0.00846373486540194,71.33000000000183,IL2,il2_menten_prolif,0,0.05
0.008443446258786728,71.34000000000184,IL2,il2_menten_prolif,0,0.05
0.008423206286678746,71.35000000000184,IL2,il2_menten_prolif,0,0.05
0.008403014832491987,71.36000000000185,IL2,il2_menten_prolif,0,0.05
0.008382871779916118,71.37000000000185,IL2,il2_menten_prolif,0,0.05
0.00836277701291556,71.38000000000186,IL2,il2_menten_prolif,0,0.05
0.008342730415728514,71.39000000000186,IL2,il2_menten_prolif,0,0.05
0.00832273187286604,71.40000000000187,IL2,il2_menten_prolif,0,0.05
0.008302781269111097,71.41000000000187,IL2,il2_menten_prolif,0,0.05
0.008282878489517599,71.42000000000188,IL2,il2_menten_prolif,0,0.05
0.008263023419409477,71.43000000000188,IL2,il2_menten_prolif,0,0.05
0.00824321594437972,71.44000000000189,IL2,il2_menten_prolif,0,0.05
0.008223455950289447,71.45000000000189,IL2,il2_menten_prolif,0,0.05
0.008203743323266939,71.4600000000019,IL2,il2_menten_prolif,0,0.05
0.008184077949706712,71.4700000000019,IL2,il2_menten_prolif,0,0.05
0.008164459716268559,71.48000000000191,IL2,il2_menten_prolif,0,0.05
0.008144888509876616,71.49000000000191,IL2,il2_menten_prolif,0,0.05
0.008125364217718405,71.50000000000192,IL2,il2_menten_prolif,0,0.05
0.00810588672724389,71.51000000000192,IL2,il2_menten_prolif,0,0.05
0.00808645592616454,71.52000000000193,IL2,il2_menten_prolif,0,0.05
0.008067071702491421,71.53000000000193,IL2,il2_menten_prolif,0,0.05
0.00804773394505201,71.54000000000194,IL2,il2_menten_prolif,0,0.05
0.008028442542637215,71.55000000000194,IL2,il2_menten_prolif,0,0.05
0.00800919738413053,71.56000000000195,IL2,il2_menten_prolif,0,0.05
0.007989998358681092,71.57000000000195,IL2,il2_menten_prolif,0,0.05
0.007970845355702992,71.58000000000196,IL2,il2_menten_prolif,0,0.05
0.007951738264874554,71.59000000000196,IL2,il2_menten_prolif,0,0.05
0.00793267697613763,71.60000000000197,IL2,il2_menten_prolif,0,0.05
0.007913661379696884,71.61000000000197,IL2,il2_menten_prolif,0,0.05
0.007894691366019096,71.62000000000198,IL2,il2_menten_prolif,0,0.05
0.007875766825832436,71.63000000000198,IL2,il2_menten_prolif,0,0.05
0.007856887650125766,71.64000000000199,IL2,il2_menten_prolif,0,0.05
0.007838053730147926,71.650000000002,IL2,il2_menten_prolif,0,0.05
0.007819264957407023,71.660000000002,IL2,il2_menten_prolif,0,0.05
0.007800521223669725,71.670000000002,IL2,il2_menten_prolif,0,0.05
0.00778182242096055,71.68000000000201,IL2,il2_menten_prolif,0,0.05
0.007763168441561158,71.69000000000202,IL2,il2_menten_prolif,0,0.05
0.007744559178009635,71.70000000000202,IL2,il2_menten_prolif,0,0.05
0.007725994523099786,71.71000000000203,IL2,il2_menten_prolif,0,0.05
0.007707474369880439,71.72000000000203,IL2,il2_menten_prolif,0,0.05
0.00768899861165471,71.73000000000204,IL2,il2_menten_prolif,0,0.05
0.007670567141979318,71.74000000000204,IL2,il2_menten_prolif,0,0.05
0.007652179854663852,71.75000000000205,IL2,il2_menten_prolif,0,0.05
0.007633836643770091,71.76000000000205,IL2,il2_menten_prolif,0,0.05
0.007615537403679664,71.77000000000206,IL2,il2_menten_prolif,0,0.05
0.00759728202912466,71.78000000000206,IL2,il2_menten_prolif,0,0.05
0.0075790704149605835,71.79000000000207,IL2,il2_menten_prolif,0,0.05
0.007560902456289698,71.80000000000207,IL2,il2_menten_prolif,0,0.05
0.007542778048465397,71.81000000000208,IL2,il2_menten_prolif,0,0.05
0.007524697087091559,71.82000000000208,IL2,il2_menten_prolif,0,0.05
0.007506659468021915,71.83000000000209,IL2,il2_menten_prolif,0,0.05
0.007488665087359382,71.84000000000209,IL2,il2_menten_prolif,0,0.05
0.007470713841455447,71.8500000000021,IL2,il2_menten_prolif,0,0.05
0.007452805626909501,71.8600000000021,IL2,il2_menten_prolif,0,0.05
0.007434940340568205,71.87000000000211,IL2,il2_menten_prolif,0,0.05
0.007417117879524846,71.88000000000211,IL2,il2_menten_prolif,0,0.05
0.007399338141118697,71.89000000000212,IL2,il2_menten_prolif,0,0.05
0.007381601022934361,71.90000000000212,IL2,il2_menten_prolif,0,0.05
0.007363906422801133,71.91000000000213,IL2,il2_menten_prolif,0,0.05
0.007346254238792366,71.92000000000213,IL2,il2_menten_prolif,0,0.05
0.007328644369224814,71.93000000000214,IL2,il2_menten_prolif,0,0.05
0.007311076712657993,71.94000000000214,IL2,il2_menten_prolif,0,0.05
0.00729355116789354,71.95000000000215,IL2,il2_menten_prolif,0,0.05
0.007276067633974563,71.96000000000215,IL2,il2_menten_prolif,0,0.05
0.007258626010185002,71.97000000000216,IL2,il2_menten_prolif,0,0.05
0.007241226196048987,71.98000000000216,IL2,il2_menten_prolif,0,0.05
0.007223868091330186,71.99000000000217,IL2,il2_menten_prolif,0,0.05
0.007206551596034828,72.00000000000217,IL2,il2_menten_prolif,0,0.05
0.007189276610488999,72.01000000000218,IL2,il2_menten_prolif,0,0.05
0.007172043035221421,72.02000000000218,IL2,il2_menten_prolif,0,0.05
0.007154850770967761,72.03000000000219,IL2,il2_menten_prolif,0,0.05
0.007137699718701342,72.0400000000022,IL2,il2_menten_prolif,0,0.05
0.007120589779632539,72.0500000000022,IL2,il2_menten_prolif,0,0.05
0.007103520855208158,72.0600000000022,IL2,il2_menten_prolif,0,0.05
0.007086492847110847,72.07000000000221,IL2,il2_menten_prolif,0,0.05
0.00706950565725847,72.08000000000222,IL2,il2_menten_prolif,0,0.05
0.007052559187803511,72.09000000000222,IL2,il2_menten_prolif,0,0.05
0.007035653341132457,72.10000000000223,IL2,il2_menten_prolif,0,0.05
0.007018788019865192,72.11000000000223,IL2,il2_menten_prolif,0,0.05
0.007001963126854395,72.12000000000224,IL2,il2_menten_prolif,0,0.05
0.006985178565184925,72.13000000000224,IL2,il2_menten_prolif,0,0.05
0.006968434238173214,72.14000000000225,IL2,il2_menten_prolif,0,0.05
0.006951730049366655,72.15000000000225,IL2,il2_menten_prolif,0,0.05
0.0069350659025430045,72.16000000000226,IL2,il2_menten_prolif,0,0.05
0.006918441701709766,72.17000000000226,IL2,il2_menten_prolif,0,0.05
0.006901857351103578,72.18000000000227,IL2,il2_menten_prolif,0,0.05
0.0068853127551896185,72.19000000000227,IL2,il2_menten_prolif,0,0.05
0.006868807818660983,72.20000000000228,IL2,il2_menten_prolif,0,0.05
0.006852342446438087,72.21000000000228,IL2,il2_menten_prolif,0,0.05
0.006835916543668047,72.22000000000229,IL2,il2_menten_prolif,0,0.05
0.006819530015724086,72.23000000000229,IL2,il2_menten_prolif,0,0.05
0.0068031827386464605,72.2400000000023,IL2,il2_menten_prolif,0,0.05
0.006786874683464932,72.2500000000023,IL2,il2_menten_prolif,0,0.05
0.006770605719728021,72.26000000000231,IL2,il2_menten_prolif,0,0.05
0.006754375753857882,72.27000000000231,IL2,il2_menten_prolif,0,0.05
0.006738184692489092,72.28000000000232,IL2,il2_menten_prolif,0,0.05
0.006722032442468618,72.29000000000232,IL2,il2_menten_prolif,0,0.05
0.006705918910855847,72.30000000000233,IL2,il2_menten_prolif,0,0.05
0.006689844004922559,72.31000000000233,IL2,il2_menten_prolif,0,0.05
0.006673807632152944,72.32000000000234,IL2,il2_menten_prolif,0,0.05
0.006657809700243596,72.33000000000234,IL2,il2_menten_prolif,0,0.05
0.0066418501171035225,72.34000000000235,IL2,il2_menten_prolif,0,0.05
0.006625928790854117,72.35000000000235,IL2,il2_menten_prolif,0,0.05
0.006610045629829199,72.36000000000236,IL2,il2_menten_prolif,0,0.05
0.006594200542574982,72.37000000000236,IL2,il2_menten_prolif,0,0.05
0.006578393437850086,72.38000000000237,IL2,il2_menten_prolif,0,0.05
0.006562624224625537,72.39000000000237,IL2,il2_menten_prolif,0,0.05
0.006546892812084765,72.40000000000238,IL2,il2_menten_prolif,0,0.05
0.006531199109623609,72.41000000000238,IL2,il2_menten_prolif,0,0.05
0.006515543026850308,72.42000000000239,IL2,il2_menten_prolif,0,0.05
0.00649992447358551,72.4300000000024,IL2,il2_menten_prolif,0,0.05
0.006484343359862268,72.4400000000024,IL2,il2_menten_prolif,0,0.05
0.006468799595926035,72.4500000000024,IL2,il2_menten_prolif,0,0.05
0.006453293092234677,72.46000000000241,IL2,il2_menten_prolif,0,0.05
0.006437823759459265,72.47000000000241,IL2,il2_menten_prolif,0,0.05
0.006422391508518038,72.48000000000242,IL2,il2_menten_prolif,0,0.05
0.0064069962505403436,72.49000000000242,IL2,il2_menten_prolif,0,0.05
0.006391637896856501,72.50000000000243,IL2,il2_menten_prolif,0,0.05
0.0063763163590117205,72.51000000000244,IL2,il2_menten_prolif,0,0.05
0.006361031548766108,72.52000000000244,IL2,il2_menten_prolif,0,0.05
0.006345783378094658,72.53000000000245,IL2,il2_menten_prolif,0,0.05
0.006330571759187258,72.54000000000245,IL2,il2_menten_prolif,0,0.05
0.006315396604429533,72.55000000000246,IL2,il2_menten_prolif,0,0.05
0.006300257826366977,72.56000000000246,IL2,il2_menten_prolif,0,0.05
0.006285155337795736,72.57000000000247,IL2,il2_menten_prolif,0,0.05
0.006270089051726465,72.58000000000247,IL2,il2_menten_prolif,0,0.05
0.006255058881380686,72.59000000000248,IL2,il2_menten_prolif,0,0.05
0.006240064740190822,72.60000000000248,IL2,il2_menten_prolif,0,0.05
0.006225106541800168,72.61000000000249,IL2,il2_menten_prolif,0,0.05
0.0062101842000619936,72.62000000000249,IL2,il2_menten_prolif,0,0.05
0.006195297629000274,72.6300000000025,IL2,il2_menten_prolif,0,0.05
0.0061804467428514115,72.6400000000025,IL2,il2_menten_prolif,0,0.05
0.006165631456075873,72.6500000000025,IL2,il2_menten_prolif,0,0.05
0.006150851683342139,72.66000000000251,IL2,il2_menten_prolif,0,0.05
0.006136107339526704,72.67000000000252,IL2,il2_menten_prolif,0,0.05
0.006121398339714075,72.68000000000252,IL2,il2_menten_prolif,0,0.05
0.006106724599196773,72.69000000000253,IL2,il2_menten_prolif,0,0.05
0.006092086033457542,72.70000000000253,IL2,il2_menten_prolif,0,0.05
0.00607748255813604,72.71000000000254,IL2,il2_menten_prolif,0,0.05
0.006062914089113147,72.72000000000254,IL2,il2_menten_prolif,0,0.05
0.006048380542477394,72.73000000000255,IL2,il2_menten_prolif,0,0.05
0.0060338818345216025,72.74000000000255,IL2,il2_menten_prolif,0,0.05
0.006019417881742885,72.75000000000256,IL2,il2_menten_prolif,0,0.05
0.006004988600842644,72.76000000000256,IL2,il2_menten_prolif,0,0.05
0.005990593884761673,72.77000000000257,IL2,il2_menten_prolif,0,0.05
0.005976233709136303,72.78000000000257,IL2,il2_menten_prolif,0,0.05
0.005961907952595763,72.79000000000258,IL2,il2_menten_prolif,0,0.05
0.005947616533792319,72.80000000000258,IL2,il2_menten_prolif,0,0.05
0.005933359371378229,72.81000000000259,IL2,il2_menten_prolif,0,0.05
0.005919136384005761,72.8200000000026,IL2,il2_menten_prolif,0,0.05
0.005904947490327173,72.8300000000026,IL2,il2_menten_prolif,0,0.05
0.0058907926089947285,72.8400000000026,IL2,il2_menten_prolif,0,0.05
0.005876671658919011,72.85000000000261,IL2,il2_menten_prolif,0,0.05
0.005862584559664522,72.86000000000261,IL2,il2_menten_prolif,0,0.05
0.005848531230186329,72.87000000000262,IL2,il2_menten_prolif,0,0.05
0.005834511589388061,72.88000000000262,IL2,il2_menten_prolif,0,0.05
0.005820525556173347,72.89000000000263,IL2,il2_menten_prolif,0,0.05
0.005806573049445813,72.90000000000263,IL2,il2_menten_prolif,0,0.05
0.005792653988109088,72.91000000000264,IL2,il2_menten_prolif,0,0.05
0.0057787682910668044,72.92000000000264,IL2,il2_menten_prolif,0,0.05
0.005764915877527306,72.93000000000265,IL2,il2_menten_prolif,0,0.05
0.005751096670910463,72.94000000000266,IL2,il2_menten_prolif,0,0.05
0.005737310592656482,72.95000000000266,IL2,il2_menten_prolif,0,0.05
0.005723557563005616,72.96000000000267,IL2,il2_menten_prolif,0,0.05
0.005709837502198122,72.97000000000267,IL2,il2_menten_prolif,0,0.05
0.005696150330474254,72.98000000000268,IL2,il2_menten_prolif,0,0.05
0.005682495968074269,72.99000000000268,IL2,il2_menten_prolif,0,0.05
0.005668874335238421,73.00000000000269,IL2,il2_menten_prolif,0,0.05
0.005655285352206966,73.01000000000269,IL2,il2_menten_prolif,0,0.05
0.0056417289425701594,73.0200000000027,IL2,il2_menten_prolif,0,0.05
0.005628205031370832,73.0300000000027,IL2,il2_menten_prolif,0,0.05
0.005614713540436701,73.0400000000027,IL2,il2_menten_prolif,0,0.05
0.00560125439159237,73.05000000000271,IL2,il2_menten_prolif,0,0.05
0.005587827506662434,73.06000000000272,IL2,il2_menten_prolif,0,0.05
0.005574432807471497,73.07000000000272,IL2,il2_menten_prolif,0,0.05
0.005561070215844153,73.08000000000273,IL2,il2_menten_prolif,0,0.05
0.005547739653605001,73.09000000000273,IL2,il2_menten_prolif,0,0.05
0.005534441071695203,73.10000000000274,IL2,il2_menten_prolif,0,0.05
0.005521174330119541,73.11000000000274,IL2,il2_menten_prolif,0,0.05
0.005507939396634884,73.12000000000275,IL2,il2_menten_prolif,0,0.05
0.005494736193458192,73.13000000000275,IL2,il2_menten_prolif,0,0.05
0.005481564642992183,73.14000000000276,IL2,il2_menten_prolif,0,0.05
0.005468424667825317,73.15000000000276,IL2,il2_menten_prolif,0,0.05
0.0054553161907317975,73.16000000000277,IL2,il2_menten_prolif,0,0.05
0.005442239134671581,73.17000000000277,IL2,il2_menten_prolif,0,0.05
0.005429193422971874,73.18000000000278,IL2,il2_menten_prolif,0,0.05
0.005416178983071671,73.19000000000278,IL2,il2_menten_prolif,0,0.05
0.005403195740986345,73.20000000000279,IL2,il2_menten_prolif,0,0.05
0.005390243621529079,73.2100000000028,IL2,il2_menten_prolif,0,0.05
0.005377322549760033,73.2200000000028,IL2,il2_menten_prolif,0,0.05
0.005364432450986326,73.2300000000028,IL2,il2_menten_prolif,0,0.05
0.005351573250762052,73.24000000000281,IL2,il2_menten_prolif,0,0.05
0.005338744874888266,73.25000000000281,IL2,il2_menten_prolif,0,0.05
0.005325947249413003,73.26000000000282,IL2,il2_menten_prolif,0,0.05
0.005313180300631258,73.27000000000282,IL2,il2_menten_prolif,0,0.05
0.005300443955084997,73.28000000000283,IL2,il2_menten_prolif,0,0.05
0.005287738139563156,73.29000000000283,IL2,il2_menten_prolif,0,0.05
0.005275062781101639,73.30000000000284,IL2,il2_menten_prolif,0,0.05
0.005262417806983315,73.31000000000284,IL2,il2_menten_prolif,0,0.05
0.005249803144738026,73.32000000000285,IL2,il2_menten_prolif,0,0.05
0.005237218722142584,73.33000000000285,IL2,il2_menten_prolif,0,0.05
0.005224664467220763,73.34000000000286,IL2,il2_menten_prolif,0,0.05
0.005212140306835979,73.35000000000286,IL2,il2_menten_prolif,0,0.05
0.005199646166885203,73.36000000000287,IL2,il2_menten_prolif,0,0.05
0.00518718197541606,73.37000000000288,IL2,il2_menten_prolif,0,0.05
0.005174747660710726,73.38000000000288,IL2,il2_menten_prolif,0,0.05
0.005162343151259446,73.39000000000289,IL2,il2_menten_prolif,0,0.05
0.0051499683757605386,73.40000000000289,IL2,il2_menten_prolif,0,0.05
0.0051376232631204,73.4100000000029,IL2,il2_menten_prolif,0,0.05
0.005125307742453503,73.4200000000029,IL2,il2_menten_prolif,0,0.05
0.005113021743082391,73.4300000000029,IL2,il2_menten_prolif,0,0.05
0.0051007651945376795,73.44000000000291,IL2,il2_menten_prolif,0,0.05
0.005088538026558065,73.45000000000292,IL2,il2_menten_prolif,0,0.05
0.005076340169090315,73.46000000000292,IL2,il2_menten_prolif,0,0.05
0.005064171552289269,73.47000000000293,IL2,il2_menten_prolif,0,0.05
0.0050520321065178455,73.48000000000293,IL2,il2_menten_prolif,0,0.05
0.005039921762347035,73.49000000000294,IL2,il2_menten_prolif,0,0.05
0.005027840450555901,73.50000000000294,IL2,il2_menten_prolif,0,0.05
0.00501578810169623,73.51000000000295,IL2,il2_menten_prolif,0,0.05
0.005003764644075867,73.52000000000295,IL2,il2_menten_prolif,0,0.05
0.004991770008012651,73.53000000000296,IL2,il2_menten_prolif,0,0.05
0.004979804124414454,73.54000000000296,IL2,il2_menten_prolif,0,0.05
0.004967866924358938,73.55000000000297,IL2,il2_menten_prolif,0,0.05
0.004955958339093564,73.56000000000297,IL2,il2_menten_prolif,0,0.05
0.004944078300035574,73.57000000000298,IL2,il2_menten_prolif,0,0.05
0.004932226738772012,73.58000000000298,IL2,il2_menten_prolif,0,0.05
0.004920403587059706,73.59000000000299,IL2,il2_menten_prolif,0,0.05
0.004908608776825278,73.60000000000299,IL2,il2_menten_prolif,0,0.05
0.004896842240165145,73.610000000003,IL2,il2_menten_prolif,0,0.05
0.00488510390934551,73.620000000003,IL2,il2_menten_prolif,0,0.05
0.004873393716802371,73.63000000000301,IL2,il2_menten_prolif,0,0.05
0.004861711595141519,73.64000000000301,IL2,il2_menten_prolif,0,0.05
0.0048500574771385314,73.65000000000302,IL2,il2_menten_prolif,0,0.05
0.004838431295738781,73.66000000000302,IL2,il2_menten_prolif,0,0.05
0.0048268329840535145,73.67000000000303,IL2,il2_menten_prolif,0,0.05
0.004815262475001938,73.68000000000303,IL2,il2_menten_prolif,0,0.05
0.004803719701722822,73.69000000000304,IL2,il2_menten_prolif,0,0.05
0.004792204597726914,73.70000000000304,IL2,il2_menten_prolif,0,0.05
0.004780717096688427,73.71000000000305,IL2,il2_menten_prolif,0,0.05
0.004769257132445049,73.72000000000305,IL2,il2_menten_prolif,0,0.05
0.004757824638997929,73.73000000000306,IL2,il2_menten_prolif,0,0.05
0.004746419550511692,73.74000000000306,IL2,il2_menten_prolif,0,0.05
0.004735041801314425,73.75000000000307,IL2,il2_menten_prolif,0,0.05
0.004723691325897691,73.76000000000307,IL2,il2_menten_prolif,0,0.05
0.0047123680589165155,73.77000000000308,IL2,il2_menten_prolif,0,0.05
0.004701071935189394,73.78000000000308,IL2,il2_menten_prolif,0,0.05
0.004689802889698293,73.79000000000309,IL2,il2_menten_prolif,0,0.05
0.004678560857588647,73.8000000000031,IL2,il2_menten_prolif,0,0.05
0.004667345774169358,73.8100000000031,IL2,il2_menten_prolif,0,0.05
0.004656157574912797,73.8200000000031,IL2,il2_menten_prolif,0,0.05
0.004644996195454805,73.83000000000311,IL2,il2_menten_prolif,0,0.05
0.004633861574459747,73.84000000000312,IL2,il2_menten_prolif,0,0.05
0.004622753640518694,73.85000000000312,IL2,il2_menten_prolif,0,0.05
0.004611672333708619,73.86000000000313,IL2,il2_menten_prolif,0,0.05
0.00460061759016208,73.87000000000313,IL2,il2_menten_prolif,0,0.05
0.004589589346174042,73.88000000000314,IL2,il2_menten_prolif,0,0.05
0.004578587538201492,73.89000000000314,IL2,il2_menten_prolif,0,0.05
0.004567612102863041,73.90000000000315,IL2,il2_menten_prolif,0,0.05
0.00455666297693855,73.91000000000315,IL2,il2_menten_prolif,0,0.05
0.004545740097368729,73.92000000000316,IL2,il2_menten_prolif,0,0.05
0.004534843401254755,73.93000000000316,IL2,il2_menten_prolif,0,0.05
0.004523972825857885,73.94000000000317,IL2,il2_menten_prolif,0,0.05
0.004513128308599068,73.95000000000317,IL2,il2_menten_prolif,0,0.05
0.004502309787058551,73.96000000000318,IL2,il2_menten_prolif,0,0.05
0.004491517198975499,73.97000000000318,IL2,il2_menten_prolif,0,0.05
0.0044807504822476025,73.98000000000319,IL2,il2_menten_prolif,0,0.05
0.0044700095749306895,73.99000000000319,IL2,il2_menten_prolif,0,0.05
0.004459294415183983,74.0000000000032,IL2,il2_menten_prolif,0,0.05
0.004448604940731367,74.0100000000032,IL2,il2_menten_prolif,0,0.05
0.004437941089833234,74.02000000000321,IL2,il2_menten_prolif,0,0.05
0.004427302801068659,74.03000000000321,IL2,il2_menten_prolif,0,0.05
0.004416690013167728,74.04000000000322,IL2,il2_menten_prolif,0,0.05
0.004406102665011055,74.05000000000322,IL2,il2_menten_prolif,0,0.05
0.0043955406956292815,74.06000000000323,IL2,il2_menten_prolif,0,0.05
0.004385004044202587,74.07000000000323,IL2,il2_menten_prolif,0,0.05
0.004374492650060201,74.08000000000324,IL2,il2_menten_prolif,0,0.05
0.004364006452679909,74.09000000000324,IL2,il2_menten_prolif,0,0.05
0.004353545391687561,74.10000000000325,IL2,il2_menten_prolif,0,0.05
0.004343109406856579,74.11000000000325,IL2,il2_menten_prolif,0,0.05
0.004332698438107468,74.12000000000326,IL2,il2_menten_prolif,0,0.05
0.004322312425507323,74.13000000000326,IL2,il2_menten_prolif,0,0.05
0.004311951309269338,74.14000000000327,IL2,il2_menten_prolif,0,0.05
0.0043016150297523125,74.15000000000327,IL2,il2_menten_prolif,0,0.05
0.004291303527460164,74.16000000000328,IL2,il2_menten_prolif,0,0.05
0.004281016743041431,74.17000000000328,IL2,il2_menten_prolif,0,0.05
0.004270754617288786,74.18000000000329,IL2,il2_menten_prolif,0,0.05
0.004260517091138546,74.1900000000033,IL2,il2_menten_prolif,0,0.05
0.00425030410567017,74.2000000000033,IL2,il2_menten_prolif,0,0.05
0.004240115602105784,74.2100000000033,IL2,il2_menten_prolif,0,0.05
0.004229951521809673,74.22000000000331,IL2,il2_menten_prolif,0,0.05
0.0042198118062878,74.23000000000332,IL2,il2_menten_prolif,0,0.05
0.004209696397187313,74.24000000000332,IL2,il2_menten_prolif,0,0.05
0.004199605236296048,74.25000000000333,IL2,il2_menten_prolif,0,0.05
0.004189538265542046,74.26000000000333,IL2,il2_menten_prolif,0,0.05
0.004179495426993053,74.27000000000334,IL2,il2_menten_prolif,0,0.05
0.004169476662856035,74.28000000000334,IL2,il2_menten_prolif,0,0.05
0.004159481915476683,74.29000000000335,IL2,il2_menten_prolif,0,0.05
0.004149511127338921,74.30000000000335,IL2,il2_menten_prolif,0,0.05
0.0041395642410644185,74.31000000000336,IL2,il2_menten_prolif,0,0.05
0.004129641199364436,74.32000000000336,IL2,il2_menten_prolif,0,0.05
0.004119741944879837,74.33000000000337,IL2,il2_menten_prolif,0,0.05
0.004109866420572416,74.34000000000337,IL2,il2_menten_prolif,0,0.05
0.004100014569569778,74.35000000000338,IL2,il2_menten_prolif,0,0.05
0.004090186335132859,74.36000000000338,IL2,il2_menten_prolif,0,0.05
0.0040803816606553795,74.37000000000339,IL2,il2_menten_prolif,0,0.05
0.004070600489663325,74.38000000000339,IL2,il2_menten_prolif,0,0.05
0.004060842765814413,74.3900000000034,IL2,il2_menten_prolif,0,0.05
0.0040511084328975575,74.4000000000034,IL2,il2_menten_prolif,0,0.05
0.004041397434832349,74.41000000000341,IL2,il2_menten_prolif,0,0.05
0.004031709715668514,74.42000000000341,IL2,il2_menten_prolif,0,0.05
0.004022045219585386,74.43000000000342,IL2,il2_menten_prolif,0,0.05
0.004012403890891381,74.44000000000342,IL2,il2_menten_prolif,0,0.05
0.00400278567402346,74.45000000000343,IL2,il2_menten_prolif,0,0.05
0.0039931905135466034,74.46000000000343,IL2,il2_menten_prolif,0,0.05
0.0039836183541532766,74.47000000000344,IL2,il2_menten_prolif,0,0.05
0.003974069140662902,74.48000000000344,IL2,il2_menten_prolif,0,0.05
0.0039645428180213275,74.49000000000345,IL2,il2_menten_prolif,0,0.05
0.003955039331300297,74.50000000000345,IL2,il2_menten_prolif,0,0.05
0.003945558625696917,74.51000000000346,IL2,il2_menten_prolif,0,0.05
0.0039361006465331305,74.52000000000346,IL2,il2_menten_prolif,0,0.05
0.0039266653392551806,74.53000000000347,IL2,il2_menten_prolif,0,0.05
0.003917252649433088,74.54000000000347,IL2,il2_menten_prolif,0,0.05
0.00390786252276011,74.55000000000348,IL2,il2_menten_prolif,0,0.05
0.0038984949050522204,74.56000000000348,IL2,il2_menten_prolif,0,0.05
0.0038891497422475713,74.57000000000349,IL2,il2_menten_prolif,0,0.05
0.0038798269804059676,74.5800000000035,IL2,il2_menten_prolif,0,0.05
0.0038705265657083335,74.5900000000035,IL2,il2_menten_prolif,0,0.05
0.00386124844445618,74.6000000000035,IL2,il2_menten_prolif,0,0.05
0.0038519925630710826,74.61000000000351,IL2,il2_menten_prolif,0,0.05
0.00384275886809414,74.62000000000351,IL2,il2_menten_prolif,0,0.05
0.0038335473061854508,74.63000000000352,IL2,il2_menten_prolif,0,0.05
0.0038243578244440213,74.64000000000352,IL2,il2_menten_prolif,0,0.05
0.0038151903706903157,74.65000000000353,IL2,il2_menten_prolif,0,0.05
0.003806044892165572,74.66000000000354,IL2,il2_menten_prolif,0,0.05
0.003796921336198677,74.67000000000354,IL2,il2_menten_prolif,0,0.05
0.003787819650247108,74.68000000000355,IL2,il2_menten_prolif,0,0.05
0.003778739781896707,74.69000000000355,IL2,il2_menten_prolif,0,0.05
0.0037696816788614657,74.70000000000356,IL2,il2_menten_prolif,0,0.05
0.003760645288983293,74.71000000000356,IL2,il2_menten_prolif,0,0.05
0.0037516305602318042,74.72000000000357,IL2,il2_menten_prolif,0,0.05
0.0037426374407040905,74.73000000000357,IL2,il2_menten_prolif,0,0.05
0.0037336658786245,74.74000000000358,IL2,il2_menten_prolif,0,0.05
0.003724715822344413,74.75000000000358,IL2,il2_menten_prolif,0,0.05
0.003715787220342024,74.76000000000359,IL2,il2_menten_prolif,0,0.05
0.0037068800212221135,74.77000000000359,IL2,il2_menten_prolif,0,0.05
0.0036979941737158325,74.7800000000036,IL2,il2_menten_prolif,0,0.05
0.003689129626680474,74.7900000000036,IL2,il2_menten_prolif,0,0.05
0.0036802863290992544,74.8000000000036,IL2,il2_menten_prolif,0,0.05
0.0036714642300810897,74.81000000000361,IL2,il2_menten_prolif,0,0.05
0.0036626632788603754,74.82000000000362,IL2,il2_menten_prolif,0,0.05
0.003653883424796758,74.83000000000362,IL2,il2_menten_prolif,0,0.05
0.003645124617374923,74.84000000000363,IL2,il2_menten_prolif,0,0.05
0.0036363868062043616,74.85000000000363,IL2,il2_menten_prolif,0,0.05
0.0036276699410191563,74.86000000000364,IL2,il2_menten_prolif,0,0.05
0.0036189739716777558,74.87000000000364,IL2,il2_menten_prolif,0,0.05
0.0036102988481615376,74.88000000000365,IL2,il2_menten_prolif,0,0.05
0.0036016445202822437,74.89000000000365,IL2,il2_menten_prolif,0,0.05
0.003593010937989524,74.90000000000366,IL2,il2_menten_prolif,0,0.05
0.003584398051555686,74.91000000000366,IL2,il2_menten_prolif,0,0.05
0.0035758058113711413,74.92000000000367,IL2,il2_menten_prolif,0,0.05
0.003567234167944048,74.93000000000367,IL2,il2_menten_prolif,0,0.05
0.0035586830718999586,74.94000000000368,IL2,il2_menten_prolif,0,0.05
0.003550152473981464,74.95000000000368,IL2,il2_menten_prolif,0,0.05
0.003541642325047841,74.96000000000369,IL2,il2_menten_prolif,0,0.05
0.003533152576074696,74.9700000000037,IL2,il2_menten_prolif,0,0.05
0.003524683178153615,74.9800000000037,IL2,il2_menten_prolif,0,0.05
0.0035162340824918025,74.9900000000037,IL2,il2_menten_prolif,0,0.05
0.0035078052404117345,75.00000000000371,IL2,il2_menten_prolif,0,0.05
0.0034993966033507987,75.01000000000371,IL2,il2_menten_prolif,0,0.05
0.0034910081228609457,75.02000000000372,IL2,il2_menten_prolif,0,0.05
0.0034826397506083264,75.03000000000372,IL2,il2_menten_prolif,0,0.05
0.003474291438372948,75.04000000000373,IL2,il2_menten_prolif,0,0.05
0.003465963138048313,75.05000000000373,IL2,il2_menten_prolif,0,0.05
0.003457654801641068,75.06000000000374,IL2,il2_menten_prolif,0,0.05
0.003449366381270646,75.07000000000374,IL2,il2_menten_prolif,0,0.05
0.0034410978291689156,75.08000000000375,IL2,il2_menten_prolif,0,0.05
0.003432849097679827,75.09000000000376,IL2,il2_menten_prolif,0,0.05
0.0034246201392590537,75.10000000000376,IL2,il2_menten_prolif,0,0.05
0.003416410906473645,75.11000000000377,IL2,il2_menten_prolif,0,0.05
0.0034082213520016647,75.12000000000377,IL2,il2_menten_prolif,0,0.05
0.003400051428656286,75.13000000000378,IL2,il2_menten_prolif,0,0.05
0.0033919010895682453,75.14000000000378,IL2,il2_menten_prolif,0,0.05
0.0033837702878405382,75.15000000000379,IL2,il2_menten_prolif,0,0.05
0.0033756589766399756,75.16000000000379,IL2,il2_menten_prolif,0,0.05
0.0033675671092456318,75.1700000000038,IL2,il2_menten_prolif,0,0.05
0.00335949463904856,75.1800000000038,IL2,il2_menten_prolif,0,0.05
0.0033514415195515256,75.1900000000038,IL2,il2_menten_prolif,0,0.05
0.003343407704368722,75.20000000000381,IL2,il2_menten_prolif,0,0.05
0.0033353931472254908,75.21000000000382,IL2,il2_menten_prolif,0,0.05
0.003327397801958049,75.22000000000382,IL2,il2_menten_prolif,0,0.05
0.0033194216225132097,75.23000000000383,IL2,il2_menten_prolif,0,0.05
0.0033114645629481044,75.24000000000383,IL2,il2_menten_prolif,0,0.05
0.003303526577429903,75.25000000000384,IL2,il2_menten_prolif,0,0.05
0.0032956076202355403,75.26000000000384,IL2,il2_menten_prolif,0,0.05
0.003287707645751433,75.27000000000385,IL2,il2_menten_prolif,0,0.05
0.0032798266084732106,75.28000000000385,IL2,il2_menten_prolif,0,0.05
0.003271964463005427,75.29000000000386,IL2,il2_menten_prolif,0,0.05
0.0032641211640612906,75.30000000000386,IL2,il2_menten_prolif,0,0.05
0.003256296666462383,75.31000000000387,IL2,il2_menten_prolif,0,0.05
0.0032484909251383857,75.32000000000387,IL2,il2_menten_prolif,0,0.05
0.003240703895126793,75.33000000000388,IL2,il2_menten_prolif,0,0.05
0.0032329355315726454,75.34000000000388,IL2,il2_menten_prolif,0,0.05
0.003225185789728246,75.35000000000389,IL2,il2_menten_prolif,0,0.05
0.003217454624952883,75.3600000000039,IL2,il2_menten_prolif,0,0.05
0.003209741992712553,75.3700000000039,IL2,il2_menten_prolif,0,0.05
0.0032020478485872503,75.3800000000039,IL2,il2_menten_prolif,0,0.05
0.003194372148276278,75.39000000000391,IL2,il2_menten_prolif,0,0.05
0.0031867148475691284,75.40000000000391,IL2,il2_menten_prolif,0,0.05
0.0031790759023603335,75.41000000000392,IL2,il2_menten_prolif,0,0.05
0.003171455268650026,75.42000000000392,IL2,il2_menten_prolif,0,0.05
0.0031638529025436583,75.43000000000393,IL2,il2_menten_prolif,0,0.05
0.0031562687602517455,75.44000000000393,IL2,il2_menten_prolif,0,0.05
0.003148702798089581,75.45000000000394,IL2,il2_menten_prolif,0,0.05
0.003141154972476975,75.46000000000394,IL2,il2_menten_prolif,0,0.05
0.0031336252399379785,75.47000000000395,IL2,il2_menten_prolif,0,0.05
0.0031261135571006176,75.48000000000395,IL2,il2_menten_prolif,0,0.05
0.0031186198806966168,75.49000000000396,IL2,il2_menten_prolif,0,0.05
0.003111144167561135,75.50000000000396,IL2,il2_menten_prolif,0,0.05
0.003103686374632488,75.51000000000397,IL2,il2_menten_prolif,0,0.05
0.0030962464589518813,75.52000000000398,IL2,il2_menten_prolif,0,0.05
0.0030888243776631416,75.53000000000398,IL2,il2_menten_prolif,0,0.05
0.003081420088012441,75.54000000000399,IL2,il2_menten_prolif,0,0.05
0.003074033547348031,75.55000000000399,IL2,il2_menten_prolif,0,0.05
0.003066664713119968,75.560000000004,IL2,il2_menten_prolif,0,0.05
0.0030593135428798428,75.570000000004,IL2,il2_menten_prolif,0,0.05
0.0030519799942805154,75.580000000004,IL2,il2_menten_prolif,0,0.05
0.0030446640250758367,75.59000000000401,IL2,il2_menten_prolif,0,0.05
0.003037365593120383,75.60000000000402,IL2,il2_menten_prolif,0,0.05
0.0030300846563691805,75.61000000000402,IL2,il2_menten_prolif,0,0.05
0.003022821172877648,75.62000000000403,IL2,il2_menten_prolif,0,0.05
0.0030155751008346093,75.63000000000403,IL2,il2_menten_prolif,0,0.05
0.0030083463985253822,75.64000000000404,IL2,il2_menten_prolif,0,0.05
0.0030011350243131854,75.65000000000404,IL2,il2_menten_prolif,0,0.05
0.0029939409366609173,75.66000000000405,IL2,il2_menten_prolif,0,0.05
0.0029867640941308904,75.67000000000405,IL2,il2_menten_prolif,0,0.05
0.002979604455384581,75.68000000000406,IL2,il2_menten_prolif,0,0.05
0.002972461979182374,75.69000000000406,IL2,il2_menten_prolif,0,0.05
0.002965336624383299,75.70000000000407,IL2,il2_menten_prolif,0,0.05
0.002958228349944787,75.71000000000407,IL2,il2_menten_prolif,0,0.05
0.002951137114922401,75.72000000000408,IL2,il2_menten_prolif,0,0.05
0.002944062878469592,75.73000000000408,IL2,il2_menten_prolif,0,0.05
0.0029370055998374344,75.74000000000409,IL2,il2_menten_prolif,0,0.05
0.002929965238374371,75.75000000000409,IL2,il2_menten_prolif,0,0.05
0.002922941753525963,75.7600000000041,IL2,il2_menten_prolif,0,0.05
0.0029159351048346285,75.7700000000041,IL2,il2_menten_prolif,0,0.05
0.0029089452519393873,75.78000000000411,IL2,il2_menten_prolif,0,0.05
0.0029019721545756063,75.79000000000411,IL2,il2_menten_prolif,0,0.05
0.002895015772574743,75.80000000000412,IL2,il2_menten_prolif,0,0.05
0.0028880760658640875,75.81000000000412,IL2,il2_menten_prolif,0,0.05
0.0028811529944665092,75.82000000000413,IL2,il2_menten_prolif,0,0.05
0.002874246518500202,75.83000000000413,IL2,il2_menten_prolif,0,0.05
0.002867356598178423,75.84000000000414,IL2,il2_menten_prolif,0,0.05
0.0028604831938092417,75.85000000000414,IL2,il2_menten_prolif,0,0.05
0.0028536262657952805,75.86000000000415,IL2,il2_menten_prolif,0,0.05
0.0028467857746352905,75.87000000000415,IL2,il2_menten_prolif,0,0.05
0.0028399616809397874,75.88000000000416,IL2,il2_menten_prolif,0,0.05
0.0028331539454111436,75.89000000000416,IL2,il2_menten_prolif,0,0.05
0.0028263625288463454,75.90000000000417,IL2,il2_menten_prolif,0,0.05
0.002819587392139834,75.91000000000417,IL2,il2_menten_prolif,0,0.05
0.0028128284962836247,75.92000000000418,IL2,il2_menten_prolif,0,0.05
0.0028060858023599487,75.93000000000418,IL2,il2_menten_prolif,0,0.05
0.002799359271512951,75.94000000000419,IL2,il2_menten_prolif,0,0.05
0.0027926488649935247,75.9500000000042,IL2,il2_menten_prolif,0,0.05
0.002785954544145614,75.9600000000042,IL2,il2_menten_prolif,0,0.05
0.0027792762704026723,75.9700000000042,IL2,il2_menten_prolif,0,0.05
0.002772614005287009,75.98000000000421,IL2,il2_menten_prolif,0,0.05
0.0027659677104185454,75.99000000000422,IL2,il2_menten_prolif,0,0.05
0.002759337347528457,76.00000000000422,IL2,il2_menten_prolif,0,0.05
0.002752722878426884,76.01000000000423,IL2,il2_menten_prolif,0,0.05
0.0027461242650153902,76.02000000000423,IL2,il2_menten_prolif,0,0.05
0.002739541469287672,76.03000000000424,IL2,il2_menten_prolif,0,0.05
0.0027329744533294725,76.04000000000424,IL2,il2_menten_prolif,0,0.05
0.002726423179314902,76.05000000000425,IL2,il2_menten_prolif,0,0.05
0.0027198876095054633,76.06000000000425,IL2,il2_menten_prolif,0,0.05
0.0027133677062562353,76.07000000000426,IL2,il2_menten_prolif,0,0.05
0.002706863432012531,76.08000000000426,IL2,il2_menten_prolif,0,0.05
0.002700374749309666,76.09000000000427,IL2,il2_menten_prolif,0,0.05
0.0026939016207727347,76.10000000000427,IL2,il2_menten_prolif,0,0.05
0.002687444009116539,76.11000000000428,IL2,il2_menten_prolif,0,0.05
0.0026810018771452997,76.12000000000428,IL2,il2_menten_prolif,0,0.05
0.0026745751877523135,76.13000000000429,IL2,il2_menten_prolif,0,0.05
0.0026681639039198178,76.14000000000429,IL2,il2_menten_prolif,0,0.05
0.0026617679887187724,76.1500000000043,IL2,il2_menten_prolif,0,0.05
0.002655387405299014,76.1600000000043,IL2,il2_menten_prolif,0,0.05
0.002649022116933724,76.17000000000431,IL2,il2_menten_prolif,0,0.05
0.002642672086939678,76.18000000000431,IL2,il2_menten_prolif,0,0.05
0.0026363372787424903,76.19000000000432,IL2,il2_menten_prolif,0,0.05
0.0026300176558546736,76.20000000000432,IL2,il2_menten_prolif,0,0.05
0.0026237131818756384,76.21000000000433,IL2,il2_menten_prolif,0,0.05
0.0026174238204916015,76.22000000000433,IL2,il2_menten_prolif,0,0.05
0.002611149535474855,76.23000000000434,IL2,il2_menten_prolif,0,0.05
0.0026048902906849174,76.24000000000434,IL2,il2_menten_prolif,0,0.05
0.0025986460500683007,76.25000000000435,IL2,il2_menten_prolif,0,0.05
0.0025924167776583628,76.26000000000435,IL2,il2_menten_prolif,0,0.05
0.0025862024375753086,76.27000000000436,IL2,il2_menten_prolif,0,0.05
0.0025800029940261883,76.28000000000436,IL2,il2_menten_prolif,0,0.05
0.0025738184113048984,76.29000000000437,IL2,il2_menten_prolif,0,0.05
0.0025676486537853224,76.30000000000437,IL2,il2_menten_prolif,0,0.05
0.0025614936859220437,76.31000000000438,IL2,il2_menten_prolif,0,0.05
0.002555353472262678,76.32000000000438,IL2,il2_menten_prolif,0,0.05
0.0025492279774409674,76.33000000000439,IL2,il2_menten_prolif,0,0.05
0.0025431171661767383,76.3400000000044,IL2,il2_menten_prolif,0,0.05
0.002537021003275904,76.3500000000044,IL2,il2_menten_prolif,0,0.05
0.0025309394536304633,76.3600000000044,IL2,il2_menten_prolif,0,0.05
0.0025248724822158775,76.37000000000441,IL2,il2_menten_prolif,0,0.05
0.002518820054070652,76.38000000000442,IL2,il2_menten_prolif,0,0.05
0.002512782134328433,76.39000000000442,IL2,il2_menten_prolif,0,0.05
0.002506758688211706,76.40000000000443,IL2,il2_menten_prolif,0,0.05
0.0025007496810275716,76.41000000000443,IL2,il2_menten_prolif,0,0.05
0.0024947550781677435,76.42000000000444,IL2,il2_menten_prolif,0,0.05
0.0024887748451085543,76.43000000000444,IL2,il2_menten_prolif,0,0.05
0.0024828089474109513,76.44000000000445,IL2,il2_menten_prolif,0,0.05
0.0024768573507068675,76.45000000000445,IL2,il2_menten_prolif,0,0.05
0.0024709200207006588,76.46000000000446,IL2,il2_menten_prolif,0,0.05
0.0024649969231935725,76.47000000000446,IL2,il2_menten_prolif,0,0.05
0.0024590880240700423,76.48000000000447,IL2,il2_menten_prolif,0,0.05
0.002453193289297607,76.49000000000447,IL2,il2_menten_prolif,0,0.05
0.002447312684926912,76.50000000000448,IL2,il2_menten_prolif,0,0.05
0.0024414461770917105,76.51000000000448,IL2,il2_menten_prolif,0,0.05
0.0024355937234825575,76.52000000000449,IL2,il2_menten_prolif,0,0.05
0.002429755311310861,76.53000000000449,IL2,il2_menten_prolif,0,0.05
0.0024239308930160686,76.5400000000045,IL2,il2_menten_prolif,0,0.05
0.002418120435505479,76.5500000000045,IL2,il2_menten_prolif,0,0.05
0.002412323905686393,76.56000000000451,IL2,il2_menten_prolif,0,0.05
0.0024065412704661103,76.57000000000451,IL2,il2_menten_prolif,0,0.05
0.00240077249675193,76.58000000000452,IL2,il2_menten_prolif,0,0.05
0.0023950175514511527,76.59000000000452,IL2,il2_menten_prolif,0,0.05
0.0023892764017073337,76.60000000000453,IL2,il2_menten_prolif,0,0.05
0.0023835490148124932,76.61000000000453,IL2,il2_menten_prolif,0,0.05
0.002377835357788409,76.62000000000454,IL2,il2_menten_prolif,0,0.05
0.00237213539765539,76.63000000000454,IL2,il2_menten_prolif,0,0.05
0.0023664491014337456,76.64000000000455,IL2,il2_menten_prolif,0,0.05
0.002360776436143786,76.65000000000455,IL2,il2_menten_prolif,0,0.05
0.002355117368805821,76.66000000000456,IL2,il2_menten_prolif,0,0.05
0.002349471866440159,76.67000000000456,IL2,il2_menten_prolif,0,0.05
0.0023438398960671115,76.68000000000457,IL2,il2_menten_prolif,0,0.05
0.0023382214255343527,76.69000000000457,IL2,il2_menten_prolif,0,0.05
0.002332616424138129,76.70000000000458,IL2,il2_menten_prolif,0,0.05
0.0023270248595731067,76.71000000000458,IL2,il2_menten_prolif,0,0.05
0.002321446699455329,76.72000000000459,IL2,il2_menten_prolif,0,0.05
0.0023158819114008386,76.7300000000046,IL2,il2_menten_prolif,0,0.05
0.0023103304630256744,76.7400000000046,IL2,il2_menten_prolif,0,0.05
0.0023047923219458805,76.7500000000046,IL2,il2_menten_prolif,0,0.05
0.002299267455777497,76.76000000000461,IL2,il2_menten_prolif,0,0.05
0.002293755832136567,76.77000000000461,IL2,il2_menten_prolif,0,0.05
0.002288257419228079,76.78000000000462,IL2,il2_menten_prolif,0,0.05
0.0022827721874650007,76.79000000000462,IL2,il2_menten_prolif,0,0.05
0.0022773001054302777,76.80000000000463,IL2,il2_menten_prolif,0,0.05
0.002271841141444905,76.81000000000464,IL2,il2_menten_prolif,0,0.05
0.0022663952638298816,76.82000000000464,IL2,il2_menten_prolif,0,0.05
0.002260962440906204,76.83000000000465,IL2,il2_menten_prolif,0,0.05
0.002255542640994869,76.84000000000465,IL2,il2_menten_prolif,0,0.05
0.0022501358324168736,76.85000000000466,IL2,il2_menten_prolif,0,0.05
0.0022447419834932154,76.86000000000466,IL2,il2_menten_prolif,0,0.05
0.002239361081138665,76.87000000000467,IL2,il2_menten_prolif,0,0.05
0.0022339930526878386,76.88000000000467,IL2,il2_menten_prolif,0,0.05
0.0022286378952555445,76.89000000000468,IL2,il2_menten_prolif,0,0.05
0.002223295577307499,76.90000000000468,IL2,il2_menten_prolif,0,0.05
0.0022179660673846166,76.91000000000469,IL2,il2_menten_prolif,0,0.05
0.002212649334103007,76.92000000000469,IL2,il2_menten_prolif,0,0.05
0.00220734534615398,76.9300000000047,IL2,il2_menten_prolif,0,0.05
0.0022020540723040392,76.9400000000047,IL2,il2_menten_prolif,0,0.05
0.0021967754813948864,76.9500000000047,IL2,il2_menten_prolif,0,0.05
0.0021915095424387353,76.96000000000471,IL2,il2_menten_prolif,0,0.05
0.002186256226525994,76.97000000000472,IL2,il2_menten_prolif,0,0.05
0.002181015503923451,76.98000000000472,IL2,il2_menten_prolif,0,0.05
0.002175787344245236,76.99000000000473,IL2,il2_menten_prolif,0,0.05
0.0021705717172027478,77.00000000000473,IL2,il2_menten_prolif,0,0.05
0.0021653685926046554,77.01000000000474,IL2,il2_menten_prolif,0,0.05
0.0021601779403568958,77.02000000000474,IL2,il2_menten_prolif,0,0.05
0.002154999730462676,77.03000000000475,IL2,il2_menten_prolif,0,0.05
0.0021498339330224703,77.04000000000475,IL2,il2_menten_prolif,0,0.05
0.002144680518234025,77.05000000000476,IL2,il2_menten_prolif,0,0.05
0.002139539456392354,77.06000000000476,IL2,il2_menten_prolif,0,0.05
0.002134410717889738,77.07000000000477,IL2,il2_menten_prolif,0,0.05
0.002129294273215732,77.08000000000477,IL2,il2_menten_prolif,0,0.05
0.0021241900929571574,77.09000000000478,IL2,il2_menten_prolif,0,0.05
0.002119098147798103,77.10000000000478,IL2,il2_menten_prolif,0,0.05
0.0021140184085199298,77.11000000000479,IL2,il2_menten_prolif,0,0.05
0.002108950846001266,77.1200000000048,IL2,il2_menten_prolif,0,0.05
0.002103895431218011,77.1300000000048,IL2,il2_menten_prolif,0,0.05
0.00209885213524333,77.1400000000048,IL2,il2_menten_prolif,0,0.05
0.002093820929247661,77.15000000000481,IL2,il2_menten_prolif,0,0.05
0.0020888017841082904,77.16000000000481,IL2,il2_menten_prolif,0,0.05
0.0020837946697062283,77.17000000000482,IL2,il2_menten_prolif,0,0.05
0.0020787995571021397,77.18000000000482,IL2,il2_menten_prolif,0,0.05
0.002073816417549741,77.19000000000483,IL2,il2_menten_prolif,0,0.05
0.0020688452223859635,77.20000000000483,IL2,il2_menten_prolif,0,0.05
0.0020638859430309534,77.21000000000484,IL2,il2_menten_prolif,0,0.05
0.002058938550988072,77.22000000000484,IL2,il2_menten_prolif,0,0.05
0.002054003017843895,77.23000000000485,IL2,il2_menten_prolif,0,0.05
0.002049079315268213,77.24000000000485,IL2,il2_menten_prolif,0,0.05
0.002044167415014031,77.25000000000486,IL2,il2_menten_prolif,0,0.05
0.002039267288917568,77.26000000000487,IL2,il2_menten_prolif,0,0.05
0.0020343789088982586,77.27000000000487,IL2,il2_menten_prolif,0,0.05
0.0020295022469587524,77.28000000000488,IL2,il2_menten_prolif,0,0.05
0.0020246372751849128,77.29000000000488,IL2,il2_menten_prolif,0,0.05
0.002019783965745818,77.30000000000489,IL2,il2_menten_prolif,0,0.05
0.00201494229089376,77.31000000000489,IL2,il2_menten_prolif,0,0.05
0.0020101122229642483,77.3200000000049,IL2,il2_menten_prolif,0,0.05
0.0020052937343760036,77.3300000000049,IL2,il2_menten_prolif,0,0.05
0.0020004867976309644,77.3400000000049,IL2,il2_menten_prolif,0,0.05
0.001995691385312888,77.35000000000491,IL2,il2_menten_prolif,0,0.05
0.001990907468969215,77.36000000000492,IL2,il2_menten_prolif,0,0.05
0.0019861350201648303,77.37000000000492,IL2,il2_menten_prolif,0,0.05
0.0019813740114071436,77.38000000000493,IL2,il2_menten_prolif,0,0.05
0.001976624415271299,77.39000000000493,IL2,il2_menten_prolif,0,0.05
0.0019718862044001764,77.40000000000494,IL2,il2_menten_prolif,0,0.05
0.001967159351504386,77.41000000000494,IL2,il2_menten_prolif,0,0.05
0.0019624438293622745,77.42000000000495,IL2,il2_menten_prolif,0,0.05
0.001957739610819921,77.43000000000495,IL2,il2_menten_prolif,0,0.05
0.0019530466687911387,77.44000000000496,IL2,il2_menten_prolif,0,0.05
0.0019483649762574748,77.45000000000496,IL2,il2_menten_prolif,0,0.05
0.00194369450626821,77.46000000000497,IL2,il2_menten_prolif,0,0.05
0.0019390352319403588,77.47000000000497,IL2,il2_menten_prolif,0,0.05
0.0019343871264586687,77.48000000000498,IL2,il2_menten_prolif,0,0.05
0.001929750163075623,77.49000000000498,IL2,il2_menten_prolif,0,0.05
0.0019251243151114364,77.50000000000499,IL2,il2_menten_prolif,0,0.05
0.0019205095559540583,77.510000000005,IL2,il2_menten_prolif,0,0.05
0.0019159058590591722,77.520000000005,IL2,il2_menten_prolif,0,0.05
0.0019113131979501953,77.530000000005,IL2,il2_menten_prolif,0,0.05
0.0019067315462182777,77.54000000000501,IL2,il2_menten_prolif,0,0.05
0.0019021608774863795,77.55000000000501,IL2,il2_menten_prolif,0,0.05
0.0018976011651674449,77.56000000000502,IL2,il2_menten_prolif,0,0.05
0.0018930523829327243,77.57000000000502,IL2,il2_menten_prolif,0,0.05
0.0018885145045795726,77.58000000000503,IL2,il2_menten_prolif,0,0.05
0.0018839875039700711,77.59000000000503,IL2,il2_menten_prolif,0,0.05
0.0018794713550310308,77.60000000000504,IL2,il2_menten_prolif,0,0.05
0.001874966031753991,77.61000000000504,IL2,il2_menten_prolif,0,0.05
0.0018704715081952175,77.62000000000505,IL2,il2_menten_prolif,0,0.05
0.0018659877584757067,77.63000000000505,IL2,il2_menten_prolif,0,0.05
0.0018615147567811808,77.64000000000506,IL2,il2_menten_prolif,0,0.05
0.001857052477362092,77.65000000000506,IL2,il2_menten_prolif,0,0.05
0.0018526008945336202,77.66000000000507,IL2,il2_menten_prolif,0,0.05
0.0018481599826756735,77.67000000000507,IL2,il2_menten_prolif,0,0.05
0.0018437297162328871,77.68000000000508,IL2,il2_menten_prolif,0,0.05
0.0018393100697146271,77.69000000000509,IL2,il2_menten_prolif,0,0.05
0.0018349010176949847,77.70000000000509,IL2,il2_menten_prolif,0,0.05
0.001830502534812781,77.7100000000051,IL2,il2_menten_prolif,0,0.05
0.0018261145957715653,77.7200000000051,IL2,il2_menten_prolif,0,0.05
0.0018217371753396151,77.7300000000051,IL2,il2_menten_prolif,0,0.05
0.0018173702483499352,77.74000000000511,IL2,il2_menten_prolif,0,0.05
0.0018130137925537076,77.75000000000512,IL2,il2_menten_prolif,0,0.05
0.0018086677759310184,77.76000000000512,IL2,il2_menten_prolif,0,0.05
0.0018043321772853653,77.77000000000513,IL2,il2_menten_prolif,0,0.05
0.0018000069716200356,77.78000000000513,IL2,il2_menten_prolif,0,0.05
0.0017956921340026148,77.79000000000514,IL2,il2_menten_prolif,0,0.05
0.001791387639564831,77.80000000000514,IL2,il2_menten_prolif,0,0.05
0.0017870934635024044,77.81000000000515,IL2,il2_menten_prolif,0,0.05
0.001782809581074895,77.82000000000515,IL2,il2_menten_prolif,0,0.05
0.001778535967605548,77.83000000000516,IL2,il2_menten_prolif,0,0.05
0.0017742725984811406,77.84000000000516,IL2,il2_menten_prolif,0,0.05
0.0017700194491518328,77.85000000000517,IL2,il2_menten_prolif,0,0.05
0.0017657764951310088,77.86000000000517,IL2,il2_menten_prolif,0,0.05
0.0017615437119951282,77.87000000000518,IL2,il2_menten_prolif,0,0.05
0.0017573210753835727,77.88000000000518,IL2,il2_menten_prolif,0,0.05
0.001753108560998491,77.89000000000519,IL2,il2_menten_prolif,0,0.05
0.0017489061446046483,77.90000000000519,IL2,il2_menten_prolif,0,0.05
0.0017447138020292722,77.9100000000052,IL2,il2_menten_prolif,0,0.05
0.0017405315091618997,77.9200000000052,IL2,il2_menten_prolif,0,0.05
0.0017363592419542256,77.93000000000521,IL2,il2_menten_prolif,0,0.05
0.0017321969764099632,77.94000000000521,IL2,il2_menten_prolif,0,0.05
0.001728044688281641,77.95000000000522,IL2,il2_menten_prolif,0,0.05
0.001723902353511283,77.96000000000522,IL2,il2_menten_prolif,0,0.05
0.0017197699482414364,77.97000000000523,IL2,il2_menten_prolif,0,0.05
0.0017156474486733461,77.98000000000523,IL2,il2_menten_prolif,0,0.05
0.0017115348310667502,77.99000000000524,IL2,il2_menten_prolif,0,0.05
0.0017074320717396737,78.00000000000524,IL2,il2_menten_prolif,0,0.05
0.001703339147068225,78.01000000000525,IL2,il2_menten_prolif,0,0.05
0.0016992560334863885,78.02000000000525,IL2,il2_menten_prolif,0,0.05
0.0016951827074858199,78.03000000000526,IL2,il2_menten_prolif,0,0.05
0.0016911191456156428,78.04000000000526,IL2,il2_menten_prolif,0,0.05
0.0016870653244822407,78.05000000000527,IL2,il2_menten_prolif,0,0.05
0.0016830212207490547,78.06000000000527,IL2,il2_menten_prolif,0,0.05
0.0016789868111363741,78.07000000000528,IL2,il2_menten_prolif,0,0.05
0.001674962072421136,78.08000000000528,IL2,il2_menten_prolif,0,0.05
0.0016709469814367175,78.09000000000529,IL2,il2_menten_prolif,0,0.05
0.0016669415150727285,78.1000000000053,IL2,il2_menten_prolif,0,0.05
0.0016629456502748117,78.1100000000053,IL2,il2_menten_prolif,0,0.05
0.0016589593640444324,78.1200000000053,IL2,il2_menten_prolif,0,0.05
0.0016549826334386754,78.13000000000531,IL2,il2_menten_prolif,0,0.05
0.0016510154355700397,78.14000000000532,IL2,il2_menten_prolif,0,0.05
0.0016470577476062332,78.15000000000532,IL2,il2_menten_prolif,0,0.05
0.0016431095467699668,78.16000000000533,IL2,il2_menten_prolif,0,0.05
0.00163917081033875,78.17000000000533,IL2,il2_menten_prolif,0,0.05
0.0016352415156446855,78.18000000000534,IL2,il2_menten_prolif,0,0.05
0.0016313216400742638,78.19000000000534,IL2,il2_menten_prolif,0,0.05
0.0016274111610681571,78.20000000000535,IL2,il2_menten_prolif,0,0.05
0.0016235100561210153,78.21000000000535,IL2,il2_menten_prolif,0,0.05
0.001619618302781261,78.22000000000536,IL2,il2_menten_prolif,0,0.05
0.0016157358786508822,78.23000000000536,IL2,il2_menten_prolif,0,0.05
0.0016118627613852293,78.24000000000537,IL2,il2_menten_prolif,0,0.05
0.0016079989286928095,78.25000000000537,IL2,il2_menten_prolif,0,0.05
0.0016041443583350798,78.26000000000538,IL2,il2_menten_prolif,0,0.05
0.0016002990281212617,78.27000000000538,IL2,il2_menten_prolif,0,0.05
0.001596462915859939,78.28000000000539,IL2,il2_menten_prolif,0,0.05
0.0015926359994465821,78.29000000000539,IL2,il2_menten_prolif,0,0.05
0.001588818256843242,78.3000000000054,IL2,il2_menten_prolif,0,0.05
0.00158500966606346,78.3100000000054,IL2,il2_menten_prolif,0,0.05
0.0015812102051720504,78.32000000000541,IL2,il2_menten_prolif,0,0.05
0.001577419852284888,78.33000000000541,IL2,il2_menten_prolif,0,0.05
0.0015736385855686962,78.34000000000542,IL2,il2_menten_prolif,0,0.05
0.0015698663832408289,78.35000000000542,IL2,il2_menten_prolif,0,0.05
0.0015661032235690618,78.36000000000543,IL2,il2_menten_prolif,0,0.05
0.0015623490848713753,78.37000000000543,IL2,il2_menten_prolif,0,0.05
0.0015586039455157416,78.38000000000544,IL2,il2_menten_prolif,0,0.05
0.0015548677839199128,78.39000000000544,IL2,il2_menten_prolif,0,0.05
0.0015511405785512036,78.40000000000545,IL2,il2_menten_prolif,0,0.05
0.0015474223079262814,78.41000000000545,IL2,il2_menten_prolif,0,0.05
0.001543712950610949,78.42000000000546,IL2,il2_menten_prolif,0,0.05
0.0015400124852199353,78.43000000000546,IL2,il2_menten_prolif,0,0.05
0.001536320890416677,78.44000000000547,IL2,il2_menten_prolif,0,0.05
0.001532638144913107,78.45000000000547,IL2,il2_menten_prolif,0,0.05
0.0015289642274694418,78.46000000000548,IL2,il2_menten_prolif,0,0.05
0.0015252991168939654,78.47000000000548,IL2,il2_menten_prolif,0,0.05
0.0015216427920428178,78.48000000000549,IL2,il2_menten_prolif,0,0.05
0.0015179952318197794,78.4900000000055,IL2,il2_menten_prolif,0,0.05
0.0015143564151760586,78.5000000000055,IL2,il2_menten_prolif,0,0.05
0.0015107263211100773,78.5100000000055,IL2,il2_menten_prolif,0,0.05
0.001507104928667259,78.52000000000551,IL2,il2_menten_prolif,0,0.05
0.0015034922169398115,78.53000000000551,IL2,il2_menten_prolif,0,0.05
0.0014998881650665173,78.54000000000552,IL2,il2_menten_prolif,0,0.05
0.001496292752232517,78.55000000000553,IL2,il2_menten_prolif,0,0.05
0.0014927059576690955,78.56000000000553,IL2,il2_menten_prolif,0,0.05
0.0014891277606534714,78.57000000000554,IL2,il2_menten_prolif,0,0.05
0.0014855581405085801,78.58000000000554,IL2,il2_menten_prolif,0,0.05
0.0014819970766028617,78.59000000000555,IL2,il2_menten_prolif,0,0.05
0.0014784445510477827,78.60000000000555,IL2,il2_menten_prolif,0,0.05
0.0014749005437665144,78.61000000000556,IL2,il2_menten_prolif,0,0.05
0.001471365032013797,78.62000000000556,IL2,il2_menten_prolif,0,0.05
0.0014678379954100262,78.63000000000557,IL2,il2_menten_prolif,0,0.05
0.0014643194136231097,78.64000000000557,IL2,il2_menten_prolif,0,0.05
0.0014608092663683085,78.65000000000558,IL2,il2_menten_prolif,0,0.05
0.0014573075334080841,78.66000000000558,IL2,il2_menten_prolif,0,0.05
0.0014538141945519382,78.67000000000559,IL2,il2_menten_prolif,0,0.05
0.0014503292296562565,78.68000000000559,IL2,il2_menten_prolif,0,0.05
0.0014468526186241538,78.6900000000056,IL2,il2_menten_prolif,0,0.05
0.001443384341405315,78.7000000000056,IL2,il2_menten_prolif,0,0.05
0.0014399243779958408,78.7100000000056,IL2,il2_menten_prolif,0,0.05
0.0014364727084380886,78.72000000000561,IL2,il2_menten_prolif,0,0.05
0.0014330293128205166,78.73000000000562,IL2,il2_menten_prolif,0,0.05
0.0014295941712775286,78.74000000000562,IL2,il2_menten_prolif,0,0.05
0.0014261672639893138,78.75000000000563,IL2,il2_menten_prolif,0,0.05
0.0014227485711816941,78.76000000000563,IL2,il2_menten_prolif,0,0.05
0.0014193380731259645,78.77000000000564,IL2,il2_menten_prolif,0,0.05
0.0014159357501387377,78.78000000000564,IL2,il2_menten_prolif,0,0.05
0.0014125415825817864,78.79000000000565,IL2,il2_menten_prolif,0,0.05
0.0014091555508618883,78.80000000000565,IL2,il2_menten_prolif,0,0.05
0.0014057776354306662,78.81000000000566,IL2,il2_menten_prolif,0,0.05
0.0014024078167844357,78.82000000000566,IL2,il2_menten_prolif,0,0.05
0.001399046075464044,78.83000000000567,IL2,il2_menten_prolif,0,0.05
0.001395692392054716,78.84000000000567,IL2,il2_menten_prolif,0,0.05
0.0013923467471858978,78.85000000000568,IL2,il2_menten_prolif,0,0.05
0.0013890091247910354,78.86000000000568,IL2,il2_menten_prolif,0,0.05
0.001385679503842514,78.87000000000569,IL2,il2_menten_prolif,0,0.05
0.0013823578643167495,78.8800000000057,IL2,il2_menten_prolif,0,0.05
0.0013790441870756053,78.8900000000057,IL2,il2_menten_prolif,0,0.05
0.0013757384530268028,78.9000000000057,IL2,il2_menten_prolif,0,0.05
0.001372440643123808,78.91000000000571,IL2,il2_menten_prolif,0,0.05
0.0013691507383657233,78.92000000000571,IL2,il2_menten_prolif,0,0.05
0.0013658687197971716,78.93000000000572,IL2,il2_menten_prolif,0,0.05
0.0013625945685081864,78.94000000000572,IL2,il2_menten_prolif,0,0.05
0.0013593282656340982,78.95000000000573,IL2,il2_menten_prolif,0,0.05
0.0013560697923554236,78.96000000000573,IL2,il2_menten_prolif,0,0.05
0.001352819129897754,78.97000000000574,IL2,il2_menten_prolif,0,0.05
0.0013495762595316396,78.98000000000575,IL2,il2_menten_prolif,0,0.05
0.0013463411625724829,78.99000000000575,IL2,il2_menten_prolif,0,0.05
0.0013431138203804215,79.00000000000576,IL2,il2_menten_prolif,0,0.05
0.00133989421436022,79.01000000000576,IL2,il2_menten_prolif,0,0.05
0.0013366823259611548,79.02000000000577,IL2,il2_menten_prolif,0,0.05
0.0013334781366769034,79.03000000000577,IL2,il2_menten_prolif,0,0.05
0.0013302816280454336,79.04000000000578,IL2,il2_menten_prolif,0,0.05
0.0013270927816488882,79.05000000000578,IL2,il2_menten_prolif,0,0.05
0.001323911579113476,79.06000000000579,IL2,il2_menten_prolif,0,0.05
0.001320738002109358,79.07000000000579,IL2,il2_menten_prolif,0,0.05
0.0013175720323505358,79.0800000000058,IL2,il2_menten_prolif,0,0.05
0.001314413651594739,79.0900000000058,IL2,il2_menten_prolif,0,0.05
0.0013112628416433142,79.1000000000058,IL2,il2_menten_prolif,0,0.05
0.0013081195843761024,79.11000000000581,IL2,il2_menten_prolif,0,0.05
0.0013049838624388955,79.12000000000582,IL2,il2_menten_prolif,0,0.05
0.0013018556571042516,79.13000000000582,IL2,il2_menten_prolif,0,0.05
0.0012987349503575808,79.14000000000583,IL2,il2_menten_prolif,0,0.05
0.0012956217242278136,79.15000000000583,IL2,il2_menten_prolif,0,0.05
0.001292515960787295,79.16000000000584,IL2,il2_menten_prolif,0,0.05
0.0012894176421516814,79.17000000000584,IL2,il2_menten_prolif,0,0.05
0.001286326750479837,79.18000000000585,IL2,il2_menten_prolif,0,0.05
0.0012832432679737325,79.19000000000585,IL2,il2_menten_prolif,0,0.05
0.0012801671768783375,79.20000000000586,IL2,il2_menten_prolif,0,0.05
0.0012770984594815214,79.21000000000586,IL2,il2_menten_prolif,0,0.05
0.0012740370981139473,79.22000000000587,IL2,il2_menten_prolif,0,0.05
0.0012709830751489687,79.23000000000587,IL2,il2_menten_prolif,0,0.05
0.0012679363730025274,79.24000000000588,IL2,il2_menten_prolif,0,0.05
0.0012648969741330491,79.25000000000588,IL2,il2_menten_prolif,0,0.05
0.0012618648610413401,79.26000000000589,IL2,il2_menten_prolif,0,0.05
0.0012588400162704832,79.2700000000059,IL2,il2_menten_prolif,0,0.05
0.0012558224224057362,79.2800000000059,IL2,il2_menten_prolif,0,0.05
0.0012528120620744257,79.2900000000059,IL2,il2_menten_prolif,0,0.05
0.0012498089179458468,79.30000000000591,IL2,il2_menten_prolif,0,0.05
0.0012468129727311555,79.31000000000591,IL2,il2_menten_prolif,0,0.05
0.00124382420918327,79.32000000000592,IL2,il2_menten_prolif,0,0.05
0.0012408426100967637,79.33000000000592,IL2,il2_menten_prolif,0,0.05
0.001237868158307764,79.34000000000593,IL2,il2_menten_prolif,0,0.05
0.0012349008366938467,79.35000000000593,IL2,il2_menten_prolif,0,0.05
0.001231940628173934,79.36000000000594,IL2,il2_menten_prolif,0,0.05
0.0012289875155343136,79.37000000000594,IL2,il2_menten_prolif,0,0.05
0.0012260414815027268,79.38000000000595,IL2,il2_menten_prolif,0,0.05
0.0012231025094706428,79.39000000000595,IL2,il2_menten_prolif,0,0.05
0.001220170582513518,79.40000000000596,IL2,il2_menten_prolif,0,0.05
0.001217245683747301,79.41000000000597,IL2,il2_menten_prolif,0,0.05
0.001214327796328326,79.42000000000597,IL2,il2_menten_prolif,0,0.05
0.0012114169034532,79.43000000000598,IL2,il2_menten_prolif,0,0.05
0.0012085129883586951,79.44000000000598,IL2,il2_menten_prolif,0,0.05
0.0012056160343216385,79.45000000000599,IL2,il2_menten_prolif,0,0.05
0.0012027260246588022,79.46000000000599,IL2,il2_menten_prolif,0,0.05
0.0011998429427267942,79.470000000006,IL2,il2_menten_prolif,0,0.05
0.0011969667719219472,79.480000000006,IL2,il2_menten_prolif,0,0.05
0.0011940974956802116,79.490000000006,IL2,il2_menten_prolif,0,0.05
0.0011912350974770426,79.50000000000601,IL2,il2_menten_prolif,0,0.05
0.0011883795608272935,79.51000000000602,IL2,il2_menten_prolif,0,0.05
0.0011855308692851044,79.52000000000602,IL2,il2_menten_prolif,0,0.05
0.0011826890064437921,79.53000000000603,IL2,il2_menten_prolif,0,0.05
0.0011798539559357418,79.54000000000603,IL2,il2_menten_prolif,0,0.05
0.001177025701432297,79.55000000000604,IL2,il2_menten_prolif,0,0.05
0.0011742042266436484,79.56000000000604,IL2,il2_menten_prolif,0,0.05
0.0011713895153187262,79.57000000000605,IL2,il2_menten_prolif,0,0.05
0.0011685815512450892,79.58000000000605,IL2,il2_menten_prolif,0,0.05
0.0011657803182488161,79.59000000000606,IL2,il2_menten_prolif,0,0.05
0.001162985800194395,79.60000000000606,IL2,il2_menten_prolif,0,0.05
0.0011601979809846132,79.61000000000607,IL2,il2_menten_prolif,0,0.05
0.0011574168445604486,79.62000000000607,IL2,il2_menten_prolif,0,0.05
0.0011546423749593559,79.63000000000608,IL2,il2_menten_prolif,0,0.05
0.0011518745561963821,79.64000000000608,IL2,il2_menten_prolif,0,0.05
0.0011491133722878227,79.65000000000609,IL2,il2_menten_prolif,0,0.05
0.0011463588073277243,79.6600000000061,IL2,il2_menten_prolif,0,0.05
0.0011436108454478333,79.6700000000061,IL2,il2_menten_prolif,0,0.05
0.0011408694708174905,79.6800000000061,IL2,il2_menten_prolif,0,0.05
0.0011381346676435215,79.69000000000611,IL2,il2_menten_prolif,0,0.05
0.0011354064201701262,79.70000000000611,IL2,il2_menten_prolif,0,0.05
0.0011326847126787738,79.71000000000612,IL2,il2_menten_prolif,0,0.05
0.0011299695294880905,79.72000000000612,IL2,il2_menten_prolif,0,0.05
0.0011272608549537538,79.73000000000613,IL2,il2_menten_prolif,0,0.05
0.0011245586734683827,79.74000000000613,IL2,il2_menten_prolif,0,0.05
0.0011218629694614286,79.75000000000614,IL2,il2_menten_prolif,0,0.05
0.0011191737273990678,79.76000000000614,IL2,il2_menten_prolif,0,0.05
0.0011164909317840925,79.77000000000615,IL2,il2_menten_prolif,0,0.05
0.001113814567155802,79.78000000000615,IL2,il2_menten_prolif,0,0.05
0.001111144618089894,79.79000000000616,IL2,il2_menten_prolif,0,0.05
0.0011084810691983575,79.80000000000616,IL2,il2_menten_prolif,0,0.05
0.0011058239051293616,79.81000000000617,IL2,il2_menten_prolif,0,0.05
0.0011031731105671497,79.82000000000617,IL2,il2_menten_prolif,0,0.05
0.0011005286702319283,79.83000000000618,IL2,il2_menten_prolif,0,0.05
0.0010978905688797608,79.84000000000619,IL2,il2_menten_prolif,0,0.05
0.0010952587913024571,79.85000000000619,IL2,il2_menten_prolif,0,0.05
0.001092633322327467,79.8600000000062,IL2,il2_menten_prolif,0,0.05
0.0010900141468177683,79.8700000000062,IL2,il2_menten_prolif,0,0.05
0.0010874012496717622,79.8800000000062,IL2,il2_menten_prolif,0,0.05
0.0010847946167509837,79.89000000000621,IL2,il2_menten_prolif,0,0.05
0.0010821942324409028,79.90000000000622,IL2,il2_menten_prolif,0,0.05
0.0010796000815949287,79.91000000000622,IL2,il2_menten_prolif,0,0.05
0.0010770121492671872,79.92000000000623,IL2,il2_menten_prolif,0,0.05
0.0010744304205473232,79.93000000000623,IL2,il2_menten_prolif,0,0.05
0.001071854880560404,79.94000000000624,IL2,il2_menten_prolif,0,0.05
0.0010692855144668226,79.95000000000624,IL2,il2_menten_prolif,0,0.05
0.0010667223074622006,79.96000000000625,IL2,il2_menten_prolif,0,0.05
0.0010641652447772921,79.97000000000625,IL2,il2_menten_prolif,0,0.05
0.0010616143116778864,79.98000000000626,IL2,il2_menten_prolif,0,0.05
0.0010590694934647109,79.99000000000626,IL2,il2_menten_prolif,0,0.05
0.0010565307754733355,80.00000000000627,IL2,il2_menten_prolif,0,0.05
0.0010539981430740745,80.01000000000627,IL2,il2_menten_prolif,0,0.05
0.0010514715816718906,80.02000000000628,IL2,il2_menten_prolif,0,0.05
0.0010489510767062974,80.03000000000628,IL2,il2_menten_prolif,0,0.05
0.0010464366136512643,80.04000000000629,IL2,il2_menten_prolif,0,0.05
0.0010439281780151174,80.05000000000629,IL2,il2_menten_prolif,0,0.05
0.0010414257553404437,80.0600000000063,IL2,il2_menten_prolif,0,0.05
0.001038929331203996,80.0700000000063,IL2,il2_menten_prolif,0,0.05
0.001036438891216593,80.08000000000631,IL2,il2_menten_prolif,0,0.05
0.0010339544210230247,80.09000000000631,IL2,il2_menten_prolif,0,0.05
0.001031475906301955,80.10000000000632,IL2,il2_menten_prolif,0,0.05
0.0010290033327658254,80.11000000000632,IL2,il2_menten_prolif,0,0.05
0.0010265366861607567,80.12000000000633,IL2,il2_menten_prolif,0,0.05
0.0010240759522664547,80.13000000000633,IL2,il2_menten_prolif,0,0.05
0.001021621116994689,80.14000000000634,IL2,il2_menten_prolif,0,0.05
0.001019172167044684,80.15000000000634,IL2,il2_menten_prolif,0,0.05
0.0010167290875138157,80.16000000000635,IL2,il2_menten_prolif,0,0.05
0.0010142918643286701,80.17000000000635,IL2,il2_menten_prolif,0,0.05
0.001011860483449514,80.18000000000636,IL2,il2_menten_prolif,0,0.05
0.0010094349308702112,80.19000000000636,IL2,il2_menten_prolif,0,0.05
0.0010070151926181367,80.20000000000637,IL2,il2_menten_prolif,0,0.05
0.001004601254754088,80.21000000000637,IL2,il2_menten_prolif,0,0.05
0.001002193103372203,80.22000000000638,IL2,il2_menten_prolif,0,0.05
0.0009997907245998705,80.23000000000638,IL2,il2_menten_prolif,0,0.05
0.0009973941045976478,80.24000000000639,IL2,il2_menten_prolif,0,0.05
0.000995003229559171,80.2500000000064,IL2,il2_menten_prolif,0,0.05
0.0009926180857110728,80.2600000000064,IL2,il2_menten_prolif,0,0.05
0.0009902386593128936,80.2700000000064,IL2,il2_menten_prolif,0,0.05
0.0009878649366569974,80.28000000000641,IL2,il2_menten_prolif,0,0.05
0.0009854969040684852,80.29000000000642,IL2,il2_menten_prolif,0,0.05
0.0009831345479051094,80.30000000000642,IL2,il2_menten_prolif,0,0.05
0.0009807778545571878,80.31000000000643,IL2,il2_menten_prolif,0,0.05
0.0009784268104475167,80.32000000000643,IL2,il2_menten_prolif,0,0.05
0.0009760814020312869,80.33000000000644,IL2,il2_menten_prolif,0,0.05
0.0009737416157959966,80.34000000000644,IL2,il2_menten_prolif,0,0.05
0.0009714074382613652,80.35000000000645,IL2,il2_menten_prolif,0,0.05
0.0009690788559792487,80.36000000000645,IL2,il2_menten_prolif,0,0.05
0.0009667558555335518,80.37000000000646,IL2,il2_menten_prolif,0,0.05
0.0009644384235401438,80.38000000000646,IL2,il2_menten_prolif,0,0.05
0.0009621265466467721,80.39000000000647,IL2,il2_menten_prolif,0,0.05
0.0009598202116727103,80.40000000000647,IL2,il2_menten_prolif,0,0.05
0.000957519405473774,80.41000000000648,IL2,il2_menten_prolif,0,0.05
0.0009552241145753405,80.42000000000648,IL2,il2_menten_prolif,0,0.05
0.0009529343257571107,80.43000000000649,IL2,il2_menten_prolif,0,0.05
0.000950650025830463,80.44000000000649,IL2,il2_menten_prolif,0,0.05
0.0009483712016383686,80.4500000000065,IL2,il2_menten_prolif,0,0.05
0.000946097840055311,80.4600000000065,IL2,il2_menten_prolif,0,0.05
0.0009438299279872044,80.47000000000651,IL2,il2_menten_prolif,0,0.05
0.0009415674523713113,80.48000000000651,IL2,il2_menten_prolif,0,0.05
0.0009393104001761623,80.49000000000652,IL2,il2_menten_prolif,0,0.05
0.000937058758401472,80.50000000000652,IL2,il2_menten_prolif,0,0.05
0.00093481251407806,80.51000000000653,IL2,il2_menten_prolif,0,0.05
0.000932571654267767,80.52000000000653,IL2,il2_menten_prolif,0,0.05
0.0009303361660633741,80.53000000000654,IL2,il2_menten_prolif,0,0.05
0.0009281060365885221,80.54000000000654,IL2,il2_menten_prolif,0,0.05
0.0009258812529976274,80.55000000000655,IL2,il2_menten_prolif,0,0.05
0.0009236618024758021,80.56000000000655,IL2,il2_menten_prolif,0,0.05
0.0009214476722387722,80.57000000000656,IL2,il2_menten_prolif,0,0.05
0.0009192388495327951,80.58000000000656,IL2,il2_menten_prolif,0,0.05
0.0009170353216345783,80.59000000000657,IL2,il2_menten_prolif,0,0.05
0.0009148370758511987,80.60000000000657,IL2,il2_menten_prolif,0,0.05
0.0009126440995200185,80.61000000000658,IL2,il2_menten_prolif,0,0.05
0.0009104563800086066,80.62000000000658,IL2,il2_menten_prolif,0,0.05
0.0009082739047146537,80.63000000000659,IL2,il2_menten_prolif,0,0.05
0.0009060966610658933,80.6400000000066,IL2,il2_menten_prolif,0,0.05
0.0009039246365200187,80.6500000000066,IL2,il2_menten_prolif,0,0.05
0.0009017578186704971,80.6600000000066,IL2,il2_menten_prolif,0,0.05
0.0008995961950131843,80.67000000000661,IL2,il2_menten_prolif,0,0.05
0.0008974397530401913,80.68000000000661,IL2,il2_menten_prolif,0,0.05
0.0008952884803305464,80.69000000000662,IL2,il2_menten_prolif,0,0.05
0.0008931423644929289,80.70000000000663,IL2,il2_menten_prolif,0,0.05
0.0008910013931655867,80.71000000000663,IL2,il2_menten_prolif,0,0.05
0.0008888655540162589,80.72000000000664,IL2,il2_menten_prolif,0,0.05
0.0008867348347420951,80.73000000000664,IL2,il2_menten_prolif,0,0.05
0.0008846092230695746,80.74000000000665,IL2,il2_menten_prolif,0,0.05
0.0008824887067544279,80.75000000000665,IL2,il2_menten_prolif,0,0.05
0.0008803732735815561,80.76000000000666,IL2,il2_menten_prolif,0,0.05
0.0008782629113649506,80.77000000000666,IL2,il2_menten_prolif,0,0.05
0.0008761576079476148,80.78000000000667,IL2,il2_menten_prolif,0,0.05
0.0008740573512014823,80.79000000000667,IL2,il2_menten_prolif,0,0.05
0.0008719621290273384,80.80000000000668,IL2,il2_menten_prolif,0,0.05
0.0008698719293547399,80.81000000000668,IL2,il2_menten_prolif,0,0.05
0.0008677867401419345,80.82000000000669,IL2,il2_menten_prolif,0,0.05
0.0008657065493757818,80.83000000000669,IL2,il2_menten_prolif,0,0.05
0.0008636313450716734,80.8400000000067,IL2,il2_menten_prolif,0,0.05
0.0008615611152734525,80.8500000000067,IL2,il2_menten_prolif,0,0.05
0.0008594958480533342,80.8600000000067,IL2,il2_menten_prolif,0,0.05
0.0008574355315118262,80.87000000000671,IL2,il2_menten_prolif,0,0.05
0.0008553801537776479,80.88000000000672,IL2,il2_menten_prolif,0,0.05
0.0008533297030076511,80.89000000000672,IL2,il2_menten_prolif,0,0.05
0.0008512841673867406,80.90000000000673,IL2,il2_menten_prolif,0,0.05
0.0008492435351277934,80.91000000000673,IL2,il2_menten_prolif,0,0.05
0.0008472077948185612,80.92000000000674,IL2,il2_menten_prolif,0,0.05
0.0008451769344810711,80.93000000000674,IL2,il2_menten_prolif,0,0.05
0.0008431509423790891,80.94000000000675,IL2,il2_menten_prolif,0,0.05
0.0008411298068418721,80.95000000000675,IL2,il2_menten_prolif,0,0.05
0.0008391135162264737,80.96000000000676,IL2,il2_menten_prolif,0,0.05
0.0008371020589176686,80.97000000000676,IL2,il2_menten_prolif,0,0.05
0.0008350954233278772,80.98000000000677,IL2,il2_menten_prolif,0,0.05
0.0008330935978970891,80.99000000000677,IL2,il2_menten_prolif,0,0.05
0.000831096571092788,81.00000000000678,IL2,il2_menten_prolif,0,0.05
0.0008291043314098763,81.01000000000678,IL2,il2_menten_prolif,0,0.05
0.0008271168673705977,81.02000000000679,IL2,il2_menten_prolif,0,0.05
0.0008251341675244634,81.0300000000068,IL2,il2_menten_prolif,0,0.05
0.0008231562204481749,81.0400000000068,IL2,il2_menten_prolif,0,0.05
0.0008211830147455488,81.0500000000068,IL2,il2_menten_prolif,0,0.05
0.0008192145390474418,81.06000000000681,IL2,il2_menten_prolif,0,0.05
0.000817250782011673,81.07000000000681,IL2,il2_menten_prolif,0,0.05
0.00081529173232295,81.08000000000682,IL2,il2_menten_prolif,0,0.05
0.0008133373786927927,81.09000000000682,IL2,il2_menten_prolif,0,0.05
0.0008113877098594564,81.10000000000683,IL2,il2_menten_prolif,0,0.05
0.0008094427145878578,81.11000000000683,IL2,il2_menten_prolif,0,0.05
0.000807502381669498,81.12000000000684,IL2,il2_menten_prolif,0,0.05
0.0008055666999223869,81.13000000000685,IL2,il2_menten_prolif,0,0.05
0.0008036356581909682,81.14000000000685,IL2,il2_menten_prolif,0,0.05
0.0008017092453460426,81.15000000000686,IL2,il2_menten_prolif,0,0.05
0.0007997874502846929,81.16000000000686,IL2,il2_menten_prolif,0,0.05
0.0007978702620137154,81.17000000000687,IL2,il2_menten_prolif,0,0.05
0.0007959576698910552,81.18000000000687,IL2,il2_menten_prolif,0,0.05
0.000794049662492256,81.19000000000688,IL2,il2_menten_prolif,0,0.05
0.000792146228826132,81.20000000000688,IL2,il2_menten_prolif,0,0.05
0.0007902473579277174,81.21000000000689,IL2,il2_menten_prolif,0,0.05
0.0007883530388581965,81.22000000000689,IL2,il2_menten_prolif,0,0.05
0.0007864632607048334,81.2300000000069,IL2,il2_menten_prolif,0,0.05
0.0007845780125809027,81.2400000000069,IL2,il2_menten_prolif,0,0.05
0.0007826972836256197,81.2500000000069,IL2,il2_menten_prolif,0,0.05
0.0007808210630040697,81.26000000000691,IL2,il2_menten_prolif,0,0.05
0.0007789493399071392,81.27000000000692,IL2,il2_menten_prolif,0,0.05
0.0007770821035514453,81.28000000000692,IL2,il2_menten_prolif,0,0.05
0.000775219343179266,81.29000000000693,IL2,il2_menten_prolif,0,0.05
0.0007733610480584715,81.30000000000693,IL2,il2_menten_prolif,0,0.05
0.0007715072074824518,81.31000000000694,IL2,il2_menten_prolif,0,0.05
0.0007696578107700497,81.32000000000694,IL2,il2_menten_prolif,0,0.05
0.0007678128472654888,81.33000000000695,IL2,il2_menten_prolif,0,0.05
0.0007659723063383045,81.34000000000695,IL2,il2_menten_prolif,0,0.05
0.0007641361773832748,81.35000000000696,IL2,il2_menten_prolif,0,0.05
0.0007623044498203497,81.36000000000696,IL2,il2_menten_prolif,0,0.05
0.0007604771130945804,81.37000000000697,IL2,il2_menten_prolif,0,0.05
0.0007586541566760511,81.38000000000697,IL2,il2_menten_prolif,0,0.05
0.0007568355700598097,81.39000000000698,IL2,il2_menten_prolif,0,0.05
0.0007550213427657945,81.40000000000698,IL2,il2_menten_prolif,0,0.05
0.0007532114643387683,81.41000000000699,IL2,il2_menten_prolif,0,0.05
0.0007514059243482467,81.420000000007,IL2,il2_menten_prolif,0,0.05
0.0007496047125841174,81.430000000007,IL2,il2_menten_prolif,0,0.05
0.0007478078187903899,81.440000000007,IL2,il2_menten_prolif,0,0.05
0.0007460152323705903,81.45000000000701,IL2,il2_menten_prolif,0,0.05
0.0007442269429989665,81.46000000000701,IL2,il2_menten_prolif,0,0.05
0.0007424429403744444,81.47000000000702,IL2,il2_menten_prolif,0,0.05
0.000740663214220564,81.48000000000702,IL2,il2_menten_prolif,0,0.05
0.0007388877542854135,81.49000000000703,IL2,il2_menten_prolif,0,0.05
0.0007371165503415652,81.50000000000703,IL2,il2_menten_prolif,0,0.05
0.0007353495921860113,81.51000000000704,IL2,il2_menten_prolif,0,0.05
0.0007335868696400978,81.52000000000704,IL2,il2_menten_prolif,0,0.05
0.0007318283725494608,81.53000000000705,IL2,il2_menten_prolif,0,0.05
0.0007300740907839609,81.54000000000705,IL2,il2_menten_prolif,0,0.05
0.0007283240142376196,81.55000000000706,IL2,il2_menten_prolif,0,0.05
0.0007265781328285534,81.56000000000707,IL2,il2_menten_prolif,0,0.05
0.0007248364364989101,81.57000000000707,IL2,il2_menten_prolif,0,0.05
0.0007230989152148026,81.58000000000708,IL2,il2_menten_prolif,0,0.05
0.0007213655589662458,81.59000000000708,IL2,il2_menten_prolif,0,0.05
0.0007196363577670908,81.60000000000709,IL2,il2_menten_prolif,0,0.05
0.00071791130165496,81.61000000000709,IL2,il2_menten_prolif,0,0.05
0.0007161903806911835,81.6200000000071,IL2,il2_menten_prolif,0,0.05
0.0007144735849607331,81.6300000000071,IL2,il2_menten_prolif,0,0.05
0.000712760904572158,81.6400000000071,IL2,il2_menten_prolif,0,0.05
0.0007110523296575201,81.65000000000711,IL2,il2_menten_prolif,0,0.05
0.0007093478503723294,81.66000000000712,IL2,il2_menten_prolif,0,0.05
0.0007076474568954792,81.67000000000712,IL2,il2_menten_prolif,0,0.05
0.0007059511394291809,81.68000000000713,IL2,il2_menten_prolif,0,0.05
0.0007042588884089644,81.69000000000713,IL2,il2_menten_prolif,0,0.05
0.0007025706940111104,81.70000000000714,IL2,il2_menten_prolif,0,0.05
0.0007008865464232415,81.71000000000714,IL2,il2_menten_prolif,0,0.05
0.0006992064359443958,81.72000000000715,IL2,il2_menten_prolif,0,0.05
0.0006975303528967845,81.73000000000715,IL2,il2_menten_prolif,0,0.05
0.0006958582876257311,81.74000000000716,IL2,il2_menten_prolif,0,0.05
0.0006941902304996091,81.75000000000716,IL2,il2_menten_prolif,0,0.05
0.0006925261719097801,81.76000000000717,IL2,il2_menten_prolif,0,0.05
0.000690866102270534,81.77000000000717,IL2,il2_menten_prolif,0,0.05
0.000689210012019026,81.78000000000718,IL2,il2_menten_prolif,0,0.05
0.0006875578916152162,81.79000000000718,IL2,il2_menten_prolif,0,0.05
0.0006859097315418073,81.80000000000719,IL2,il2_menten_prolif,0,0.05
0.0006842655223041834,81.8100000000072,IL2,il2_menten_prolif,0,0.05
0.0006826252544303488,81.8200000000072,IL2,il2_menten_prolif,0,0.05
0.0006809889184708668,81.8300000000072,IL2,il2_menten_prolif,0,0.05
0.0006793565049987971,81.84000000000721,IL2,il2_menten_prolif,0,0.05
0.0006777280046096354,81.85000000000721,IL2,il2_menten_prolif,0,0.05
0.0006761034079212515,81.86000000000722,IL2,il2_menten_prolif,0,0.05
0.0006744827055738283,81.87000000000722,IL2,il2_menten_prolif,0,0.05
0.0006728658882297997,81.88000000000723,IL2,il2_menten_prolif,0,0.05
0.0006712529465737896,81.89000000000723,IL2,il2_menten_prolif,0,0.05
0.0006696438713125498,81.90000000000724,IL2,il2_menten_prolif,0,0.05
0.0006680386531748993,81.91000000000724,IL2,il2_menten_prolif,0,0.05
0.000666437282911663,81.92000000000725,IL2,il2_menten_prolif,0,0.05
0.0006648397512956088,81.93000000000725,IL2,il2_menten_prolif,0,0.05
0.0006632460491213884,81.94000000000726,IL2,il2_menten_prolif,0,0.05
0.0006616561674005468,81.95000000000726,IL2,il2_menten_prolif,0,0.05
0.0006600700968264217,81.96000000000727,IL2,il2_menten_prolif,0,0.05
0.0006584878282540149,81.97000000000727,IL2,il2_menten_prolif,0,0.05
0.000656909352569205,81.98000000000728,IL2,il2_menten_prolif,0,0.05
0.0006553346606796688,81.99000000000729,IL2,il2_menten_prolif,0,0.05
0.0006537637435148253,82.00000000000729,IL2,il2_menten_prolif,0,0.05
0.0006521965920257788,82.0100000000073,IL2,il2_menten_prolif,0,0.05
0.0006506331971852628,82.0200000000073,IL2,il2_menten_prolif,0,0.05
0.0006490735499875828,82.0300000000073,IL2,il2_menten_prolif,0,0.05
0.0006475176414485612,82.04000000000731,IL2,il2_menten_prolif,0,0.05
0.0006459654626054797,82.05000000000732,IL2,il2_menten_prolif,0,0.05
0.000644417004517023,82.06000000000732,IL2,il2_menten_prolif,0,0.05
0.0006428722582632232,82.07000000000733,IL2,il2_menten_prolif,0,0.05
0.0006413312149454017,82.08000000000733,IL2,il2_menten_prolif,0,0.05
0.0006397938656861151,82.09000000000734,IL2,il2_menten_prolif,0,0.05
0.0006382602016290963,82.10000000000734,IL2,il2_menten_prolif,0,0.05
0.0006367302139392003,82.11000000000735,IL2,il2_menten_prolif,0,0.05
0.0006352038938023459,82.12000000000735,IL2,il2_menten_prolif,0,0.05
0.0006336812324254598,82.13000000000736,IL2,il2_menten_prolif,0,0.05
0.000632162221036421,82.14000000000736,IL2,il2_menten_prolif,0,0.05
0.0006306468509018591,82.15000000000737,IL2,il2_menten_prolif,0,0.05
0.0006291351133660044,82.16000000000737,IL2,il2_menten_prolif,0,0.05
0.0006276269996485534,82.17000000000738,IL2,il2_menten_prolif,0,0.05
0.0006261225010627714,82.18000000000738,IL2,il2_menten_prolif,0,0.05
0.0006246216089427065,82.19000000000739,IL2,il2_menten_prolif,0,0.05
0.0006231243146431356,82.20000000000739,IL2,il2_menten_prolif,0,0.05
0.0006216306095395116,82.2100000000074,IL2,il2_menten_prolif,0,0.05
0.0006201404850279078,82.2200000000074,IL2,il2_menten_prolif,0,0.05
0.0006186539325249657,82.23000000000741,IL2,il2_menten_prolif,0,0.05
0.0006171709434678399,82.24000000000741,IL2,il2_menten_prolif,0,0.05
0.0006156915093141451,82.25000000000742,IL2,il2_menten_prolif,0,0.05
0.0006142156215419022,82.26000000000742,IL2,il2_menten_prolif,0,0.05
0.000612743271649484,82.27000000000743,IL2,il2_menten_prolif,0,0.05
0.0006112744511555609,82.28000000000743,IL2,il2_menten_prolif,0,0.05
0.000609809151599049,82.29000000000744,IL2,il2_menten_prolif,0,0.05
0.0006083473645390539,82.30000000000744,IL2,il2_menten_prolif,0,0.05
0.0006068890815548185,82.31000000000745,IL2,il2_menten_prolif,0,0.05
0.0006054342942456677,82.32000000000745,IL2,il2_menten_prolif,0,0.05
0.0006039829942309568,82.33000000000746,IL2,il2_menten_prolif,0,0.05
0.0006025351731500149,82.34000000000746,IL2,il2_menten_prolif,0,0.05
0.0006010908226620935,82.35000000000747,IL2,il2_menten_prolif,0,0.05
0.0005996499344787343,82.36000000000747,IL2,il2_menten_prolif,0,0.05
0.0005982125003241569,82.37000000000748,IL2,il2_menten_prolif,0,0.05
0.0005967785118767638,82.38000000000748,IL2,il2_menten_prolif,0,0.05
0.0005953479608766517,82.39000000000749,IL2,il2_menten_prolif,0,0.05
0.0005939208390836574,82.4000000000075,IL2,il2_menten_prolif,0,0.05
0.0005924971382773089,82.4100000000075,IL2,il2_menten_prolif,0,0.05
0.00059107685025677,82.4200000000075,IL2,il2_menten_prolif,0,0.05
0.0005896599668407923,82.43000000000751,IL2,il2_menten_prolif,0,0.05
0.0005882464798676599,82.44000000000752,IL2,il2_menten_prolif,0,0.05
0.00058683638119514,82.45000000000752,IL2,il2_menten_prolif,0,0.05
0.0005854296627004298,82.46000000000753,IL2,il2_menten_prolif,0,0.05
0.0005840263162801055,82.47000000000753,IL2,il2_menten_prolif,0,0.05
0.0005826263338500696,82.48000000000754,IL2,il2_menten_prolif,0,0.05
0.0005812297073454998,82.49000000000754,IL2,il2_menten_prolif,0,0.05
0.0005798364287207971,82.50000000000755,IL2,il2_menten_prolif,0,0.05
0.0005784464899495333,82.51000000000755,IL2,il2_menten_prolif,0,0.05
0.0005770598830244003,82.52000000000756,IL2,il2_menten_prolif,0,0.05
0.0005756765999571575,82.53000000000756,IL2,il2_menten_prolif,0,0.05
0.0005742966327785798,82.54000000000757,IL2,il2_menten_prolif,0,0.05
0.0005729199735384069,82.55000000000757,IL2,il2_menten_prolif,0,0.05
0.0005715466143052896,82.56000000000758,IL2,il2_menten_prolif,0,0.05
0.0005701765472305295,82.57000000000758,IL2,il2_menten_prolif,0,0.05
0.0005688097644088281,82.58000000000759,IL2,il2_menten_prolif,0,0.05
0.0005674462579350571,82.59000000000759,IL2,il2_menten_prolif,0,0.05
0.0005660860199551193,82.6000000000076,IL2,il2_menten_prolif,0,0.05
0.000564729042633681,82.6100000000076,IL2,il2_menten_prolif,0,0.05
0.0005633753181541235,82.62000000000761,IL2,il2_menten_prolif,0,0.05
0.0005620248387184927,82.63000000000761,IL2,il2_menten_prolif,0,0.05
0.000560677596547451,82.64000000000762,IL2,il2_menten_prolif,0,0.05
0.0005593335838802271,82.65000000000762,IL2,il2_menten_prolif,0,0.05
0.0005579927929745671,82.66000000000763,IL2,il2_menten_prolif,0,0.05
0.0005566552161066848,82.67000000000763,IL2,il2_menten_prolif,0,0.05
0.0005553208455712131,82.68000000000764,IL2,il2_menten_prolif,0,0.05
0.0005539896736811535,82.69000000000764,IL2,il2_menten_prolif,0,0.05
0.0005526616927678283,82.70000000000765,IL2,il2_menten_prolif,0,0.05
0.00055133689518083,82.71000000000765,IL2,il2_menten_prolif,0,0.05
0.0005500152732879726,82.72000000000766,IL2,il2_menten_prolif,0,0.05
0.0005486968194752424,82.73000000000766,IL2,il2_menten_prolif,0,0.05
0.0005473815261467481,82.74000000000767,IL2,il2_menten_prolif,0,0.05
0.0005460693857246722,82.75000000000767,IL2,il2_menten_prolif,0,0.05
0.0005447603906492211,82.76000000000768,IL2,il2_menten_prolif,0,0.05
0.000543454533378576,82.77000000000768,IL2,il2_menten_prolif,0,0.05
0.0005421518064851386,82.78000000000769,IL2,il2_menten_prolif,0,0.05
0.000540852202401576,82.7900000000077,IL2,il2_menten_prolif,0,0.05
0.0005395557136291015,82.8000000000077,IL2,il2_menten_prolif,0,0.05
0.0005382623326996339,82.8100000000077,IL2,il2_menten_prolif,0,0.05
0.0005369720521629412,82.82000000000771,IL2,il2_menten_prolif,0,0.05
0.0005356848645865935,82.83000000000771,IL2,il2_menten_prolif,0,0.05
0.0005344007625559173,82.84000000000772,IL2,il2_menten_prolif,0,0.05
0.0005331197386739484,82.85000000000773,IL2,il2_menten_prolif,0,0.05
0.0005318417855613852,82.86000000000773,IL2,il2_menten_prolif,0,0.05
0.0005305668958565423,82.87000000000774,IL2,il2_menten_prolif,0,0.05
0.000529295062215304,82.88000000000774,IL2,il2_menten_prolif,0,0.05
0.0005280262773110781,82.89000000000775,IL2,il2_menten_prolif,0,0.05
0.0005267605338347477,82.90000000000775,IL2,il2_menten_prolif,0,0.05
0.0005254978244946269,82.91000000000776,IL2,il2_menten_prolif,0,0.05
0.0005242381420164122,82.92000000000776,IL2,il2_menten_prolif,0,0.05
0.0005229814791431371,82.93000000000777,IL2,il2_menten_prolif,0,0.05
0.0005217278286351254,82.94000000000777,IL2,il2_menten_prolif,0,0.05
0.0005204771832699437,82.95000000000778,IL2,il2_menten_prolif,0,0.05
0.0005192295358423563,82.96000000000778,IL2,il2_menten_prolif,0,0.05
0.0005179848791642771,82.97000000000779,IL2,il2_menten_prolif,0,0.05
0.0005167432060739512,82.98000000000779,IL2,il2_menten_prolif,0,0.05
0.0005155045094997104,82.9900000000078,IL2,il2_menten_prolif,0,0.05
0.0005142687822331796,83.0000000000078,IL2,il2_menten_prolif,0,0.05
0.0005130360171563866,83.0100000000078,IL2,il2_menten_prolif,0,0.05
0.0005118062071683817,83.02000000000781,IL2,il2_menten_prolif,0,0.05
0.0005105793451851932,83.03000000000782,IL2,il2_menten_prolif,0,0.05
0.0005093554241397834,83.04000000000782,IL2,il2_menten_prolif,0,0.05
0.0005081344369820041,83.05000000000783,IL2,il2_menten_prolif,0,0.05
0.000506916376678553,83.06000000000783,IL2,il2_menten_prolif,0,0.05
0.0005057012362129289,83.07000000000784,IL2,il2_menten_prolif,0,0.05
0.0005044890085853875,83.08000000000784,IL2,il2_menten_prolif,0,0.05
0.0005032796868128981,83.09000000000785,IL2,il2_menten_prolif,0,0.05
0.0005020732639290982,83.10000000000785,IL2,il2_menten_prolif,0,0.05
0.0005008697329842498,83.11000000000786,IL2,il2_menten_prolif,0,0.05
0.000499669087045196,83.12000000000786,IL2,il2_menten_prolif,0,0.05
0.0004984713191953156,83.13000000000787,IL2,il2_menten_prolif,0,0.05
0.0004972764225344794,83.14000000000787,IL2,il2_menten_prolif,0,0.05
0.000496084390179006,83.15000000000788,IL2,il2_menten_prolif,0,0.05
0.0004948952152616182,83.16000000000788,IL2,il2_menten_prolif,0,0.05
0.0004937088909313978,83.17000000000789,IL2,il2_menten_prolif,0,0.05
0.0004925254103537418,83.1800000000079,IL2,il2_menten_prolif,0,0.05
0.0004913447667454787,83.1900000000079,IL2,il2_menten_prolif,0,0.05
0.0004901669533524016,83.2000000000079,IL2,il2_menten_prolif,0,0.05
0.0004889919633253555,83.21000000000791,IL2,il2_menten_prolif,0,0.05
0.0004878197898962284,83.22000000000791,IL2,il2_menten_prolif,0,0.05
0.00048665042631307906,83.23000000000792,IL2,il2_menten_prolif,0,0.05
0.0004854838658400935,83.24000000000792,IL2,il2_menten_prolif,0,0.05
0.000484320101757543,83.25000000000793,IL2,il2_menten_prolif,0,0.05
0.00048315912736174093,83.26000000000793,IL2,il2_menten_prolif,0,0.05
0.00048200093596500055,83.27000000000794,IL2,il2_menten_prolif,0,0.05
0.0004808455208955916,83.28000000000795,IL2,il2_menten_prolif,0,0.05
0.00047969287549769863,83.29000000000795,IL2,il2_menten_prolif,0,0.05
0.00047854299313137725,83.30000000000796,IL2,il2_menten_prolif,0,0.05
0.0004773958671725123,83.31000000000796,IL2,il2_menten_prolif,0,0.05
0.00047625149101277435,83.32000000000797,IL2,il2_menten_prolif,0,0.05
0.00047510985805957785,83.33000000000797,IL2,il2_menten_prolif,0,0.05
0.0004739709617360379,83.34000000000798,IL2,il2_menten_prolif,0,0.05
0.00047283479548092765,83.35000000000798,IL2,il2_menten_prolif,0,0.05
0.0004717013527486358,83.36000000000799,IL2,il2_menten_prolif,0,0.05
0.00047057062700912346,83.37000000000799,IL2,il2_menten_prolif,0,0.05
0.00046944261174788237,83.380000000008,IL2,il2_menten_prolif,0,0.05
0.000468317300465891,83.390000000008,IL2,il2_menten_prolif,0,0.05
0.0004671946866795727,83.400000000008,IL2,il2_menten_prolif,0,0.05
0.00046607476392075296,83.41000000000801,IL2,il2_menten_prolif,0,0.05
0.00046495752573661635,83.42000000000802,IL2,il2_menten_prolif,0,0.05
0.0004638429657082947,83.43000000000802,IL2,il2_menten_prolif,0,0.05
0.00046273107754038554,83.44000000000803,IL2,il2_menten_prolif,0,0.05
0.00046162185470841565,83.45000000000803,IL2,il2_menten_prolif,0,0.05
0.0004605152908229573,83.46000000000804,IL2,il2_menten_prolif,0,0.05
0.000459411379509837,83.47000000000804,IL2,il2_menten_prolif,0,0.05
0.00045831011441009546,83.48000000000805,IL2,il2_menten_prolif,0,0.05
0.000457211489179947,83.49000000000805,IL2,il2_menten_prolif,0,0.05
0.00045611549749073827,83.50000000000806,IL2,il2_menten_prolif,0,0.05
0.00045502213302890877,83.5,IL2,il2_menten_prolif,0,0.05
0.0004539313893695211,83.51,IL2,il2_menten_prolif,0,0.05
0.00045284326031220796,83.52000000000001,IL2,il2_menten_prolif,0,0.05
0.0004517577396333175,83.53000000000002,IL2,il2_menten_prolif,0,0.05
0.0004506748210802629,83.54000000000002,IL2,il2_menten_prolif,0,0.05
0.00044959449841542036,83.55000000000003,IL2,il2_menten_prolif,0,0.05
0.00044851676541613384,83.56000000000003,IL2,il2_menten_prolif,0,0.05
0.00044744161587465816,83.57000000000004,IL2,il2_menten_prolif,0,0.05
0.00044636904359812425,83.58000000000004,IL2,il2_menten_prolif,0,0.05
0.00044529904240851585,83.59000000000005,IL2,il2_menten_prolif,0,0.05
0.0004442316061426232,83.60000000000005,IL2,il2_menten_prolif,0,0.05
0.00044316672865200987,83.61000000000006,IL2,il2_menten_prolif,0,0.05
0.0004421044038029789,83.62000000000006,IL2,il2_menten_prolif,0,0.05
0.0004410446254765365,83.63000000000007,IL2,il2_menten_prolif,0,0.05
0.00043998738756835596,83.64000000000007,IL2,il2_menten_prolif,0,0.05
0.00043893268398874515,83.65000000000008,IL2,il2_menten_prolif,0,0.05
0.00043788050866260707,83.66000000000008,IL2,il2_menten_prolif,0,0.05
0.00043683085552941,83.67000000000009,IL2,il2_menten_prolif,0,0.05
0.00043578371854314797,83.68000000000009,IL2,il2_menten_prolif,0,0.05
0.0004347390916723101,83.6900000000001,IL2,il2_menten_prolif,0,0.05
0.0004336969688998419,83.7000000000001,IL2,il2_menten_prolif,0,0.05
0.0004326573442231139,83.71000000000011,IL2,il2_menten_prolif,0,0.05
0.0004316202116538846,83.72000000000011,IL2,il2_menten_prolif,0,0.05
0.00043058556521826806,83.73000000000012,IL2,il2_menten_prolif,0,0.05
0.0004295533989566973,83.74000000000012,IL2,il2_menten_prolif,0,0.05
0.0004285237069238927,83.75000000000013,IL2,il2_menten_prolif,0,0.05
0.00042749648318882416,83.76000000000013,IL2,il2_menten_prolif,0,0.05
0.0004264717218346812,83.77000000000014,IL2,il2_menten_prolif,0,0.05
0.0004254494169588347,83.78000000000014,IL2,il2_menten_prolif,0,0.05
0.00042442956267280563,83.79000000000015,IL2,il2_menten_prolif,0,0.05
0.0004234121531022317,83.80000000000015,IL2,il2_menten_prolif,0,0.05
0.00042239718238682946,83.81000000000016,IL2,il2_menten_prolif,0,0.05
0.00042138464468036634,83.82000000000016,IL2,il2_menten_prolif,0,0.05
0.0004203745341506217,83.83000000000017,IL2,il2_menten_prolif,0,0.05
0.00041936684497935527,83.84000000000017,IL2,il2_menten_prolif,0,0.05
0.0004183615713622761,83.85000000000018,IL2,il2_menten_prolif,0,0.05
0.000417358707509004,83.86000000000018,IL2,il2_menten_prolif,0,0.05
0.00041635824764304173,83.87000000000019,IL2,il2_menten_prolif,0,0.05
0.00041536018600173705,83.8800000000002,IL2,il2_menten_prolif,0,0.05
0.00041436451683625144,83.8900000000002,IL2,il2_menten_prolif,0,0.05
0.0004133712344115291,83.9000000000002,IL2,il2_menten_prolif,0,0.05
0.00041238033300625924,83.91000000000021,IL2,il2_menten_prolif,0,0.05
0.0004113918069128483,83.92000000000021,IL2,il2_menten_prolif,0,0.05
0.00041040565043738253,83.93000000000022,IL2,il2_menten_prolif,0,0.05
0.00040942185789959737,83.94000000000023,IL2,il2_menten_prolif,0,0.05
0.00040844042363284634,83.95000000000023,IL2,il2_menten_prolif,0,0.05
0.0004074613419840651,83.96000000000024,IL2,il2_menten_prolif,0,0.05
0.0004064846073137398,83.97000000000024,IL2,il2_menten_prolif,0,0.05
0.0004055102139958765,83.98000000000025,IL2,il2_menten_prolif,0,0.05
0.0004045381564179673,83.99000000000025,IL2,il2_menten_prolif,0,0.05
0.00040356842898095724,84.00000000000026,IL2,il2_menten_prolif,0,0.05
0.00040260102609921387,84.01000000000026,IL2,il2_menten_prolif,0,0.05
0.000401635942200494,84.02000000000027,IL2,il2_menten_prolif,0,0.05
0.00040067317172591186,84.03000000000027,IL2,il2_menten_prolif,0,0.05
0.0003997127091299064,84.04000000000028,IL2,il2_menten_prolif,0,0.05
0.0003987545488802107,84.05000000000028,IL2,il2_menten_prolif,0,0.05
0.0003977986854578193,84.06000000000029,IL2,il2_menten_prolif,0,0.05
0.0003968451133569556,84.07000000000029,IL2,il2_menten_prolif,0,0.05
0.0003958938270850421,84.0800000000003,IL2,il2_menten_prolif,0,0.05
0.0003949448211626674,84.0900000000003,IL2,il2_menten_prolif,0,0.05
0.00039399809012355435,84.1000000000003,IL2,il2_menten_prolif,0,0.05
0.0003930536285145297,84.11000000000031,IL2,il2_menten_prolif,0,0.05
0.00039211143089549236,84.12000000000032,IL2,il2_menten_prolif,0,0.05
0.00039117149183938064,84.13000000000032,IL2,il2_menten_prolif,0,0.05
0.0003902338059321436,84.14000000000033,IL2,il2_menten_prolif,0,0.05
0.00038929836777270774,84.15000000000033,IL2,il2_menten_prolif,0,0.05
0.0003883651719729465,84.16000000000034,IL2,il2_menten_prolif,0,0.05
0.0003874342131576495,84.17000000000034,IL2,il2_menten_prolif,0,0.05
0.00038650548596449183,84.18000000000035,IL2,il2_menten_prolif,0,0.05
0.00038557898504400147,84.19000000000035,IL2,il2_menten_prolif,0,0.05
0.00038465470505953117,84.20000000000036,IL2,il2_menten_prolif,0,0.05
0.00038373264068722524,84.21000000000036,IL2,il2_menten_prolif,0,0.05
0.0003828127866159909,84.22000000000037,IL2,il2_menten_prolif,0,0.05
0.0003818951375474657,84.23000000000037,IL2,il2_menten_prolif,0,0.05
0.00038097968819598873,84.24000000000038,IL2,il2_menten_prolif,0,0.05
0.00038006643328856906,84.25000000000038,IL2,il2_menten_prolif,0,0.05
0.00037915536756485605,84.26000000000039,IL2,il2_menten_prolif,0,0.05
0.00037824648577710826,84.2700000000004,IL2,il2_menten_prolif,0,0.05
0.00037733978269016455,84.2800000000004,IL2,il2_menten_prolif,0,0.05
0.0003764352530814123,84.2900000000004,IL2,il2_menten_prolif,0,0.05
0.00037553289174075864,84.30000000000041,IL2,il2_menten_prolif,0,0.05
0.0003746326934705996,84.31000000000041,IL2,il2_menten_prolif,0,0.05
0.0003737346530857908,84.32000000000042,IL2,il2_menten_prolif,0,0.05
0.00037283876541361705,84.33000000000042,IL2,il2_menten_prolif,0,0.05
0.0003719450252937629,84.34000000000043,IL2,il2_menten_prolif,0,0.05
0.0003710534275782829,84.35000000000043,IL2,il2_menten_prolif,0,0.05
0.0003701639671315715,84.36000000000044,IL2,il2_menten_prolif,0,0.05
0.0003692766388303342,84.37000000000045,IL2,il2_menten_prolif,0,0.05
0.0003683914375635577,84.38000000000045,IL2,il2_menten_prolif,0,0.05
0.00036750835823248004,84.39000000000046,IL2,il2_menten_prolif,0,0.05
0.00036662739575056184,84.40000000000046,IL2,il2_menten_prolif,0,0.05
0.0003657485450434567,84.41000000000047,IL2,il2_menten_prolif,0,0.05
0.00036487180104898253,84.42000000000047,IL2,il2_menten_prolif,0,0.05
0.00036399715871709103,84.43000000000048,IL2,il2_menten_prolif,0,0.05
0.0003631246130098401,84.44000000000048,IL2,il2_menten_prolif,0,0.05
0.0003622541589013641,84.45000000000049,IL2,il2_menten_prolif,0,0.05
0.00036138579137784497,84.46000000000049,IL2,il2_menten_prolif,0,0.05
0.000360519505437483,84.4700000000005,IL2,il2_menten_prolif,0,0.05
0.0003596552960904695,84.4800000000005,IL2,il2_menten_prolif,0,0.05
0.00035879315835895566,84.4900000000005,IL2,il2_menten_prolif,0,0.05
0.00035793308727702616,84.50000000000051,IL2,il2_menten_prolif,0,0.05
0.0003570750778906686,84.51000000000052,IL2,il2_menten_prolif,0,0.05
0.0003562191252577473,84.52000000000052,IL2,il2_menten_prolif,0,0.05
0.00035536522444797237,84.53000000000053,IL2,il2_menten_prolif,0,0.05
0.00035451337054287274,84.54000000000053,IL2,il2_menten_prolif,0,0.05
0.00035366355863576725,84.55000000000054,IL2,il2_menten_prolif,0,0.05
0.0003528157838317376,84.56000000000054,IL2,il2_menten_prolif,0,0.05
0.0003519700412475984,84.57000000000055,IL2,il2_menten_prolif,0,0.05
0.0003511263260118699,84.58000000000055,IL2,il2_menten_prolif,0,0.05
0.00035028463326474964,84.59000000000056,IL2,il2_menten_prolif,0,0.05
0.00034944495815808583,84.60000000000056,IL2,il2_menten_prolif,0,0.05
0.00034860729585534713,84.61000000000057,IL2,il2_menten_prolif,0,0.05
0.0003477716415315964,84.62000000000057,IL2,il2_menten_prolif,0,0.05
0.000346937990373462,84.63000000000058,IL2,il2_menten_prolif,0,0.05
0.0003461063375791118,84.64000000000058,IL2,il2_menten_prolif,0,0.05
0.000345276678358223,84.65000000000059,IL2,il2_menten_prolif,0,0.05
0.00034444900793195575,84.6600000000006,IL2,il2_menten_prolif,0,0.05
0.0003436233215329269,84.6700000000006,IL2,il2_menten_prolif,0,0.05
0.00034279961440518013,84.6800000000006,IL2,il2_menten_prolif,0,0.05
0.0003419778818041601,84.69000000000061,IL2,il2_menten_prolif,0,0.05
0.0003411581189966843,84.70000000000061,IL2,il2_menten_prolif,0,0.05
0.0003403403212609177,84.71000000000062,IL2,il2_menten_prolif,0,0.05
0.00033952448388634246,84.72000000000062,IL2,il2_menten_prolif,0,0.05
0.0003387106021737331,84.73000000000063,IL2,il2_menten_prolif,0,0.05
0.0003378986714351293,84.74000000000063,IL2,il2_menten_prolif,0,0.05
0.0003370886869938066,84.75000000000064,IL2,il2_menten_prolif,0,0.05
0.000336280644184253,84.76000000000064,IL2,il2_menten_prolif,0,0.05
0.00033547453835213966,84.77000000000065,IL2,il2_menten_prolif,0,0.05
0.00033467036485429523,84.78000000000065,IL2,il2_menten_prolif,0,0.05
0.00033386811905867717,84.79000000000066,IL2,il2_menten_prolif,0,0.05
0.00033306779634434804,84.80000000000067,IL2,il2_menten_prolif,0,0.05
0.0003322693921014465,84.81000000000067,IL2,il2_menten_prolif,0,0.05
0.0003314729017311628,84.82000000000068,IL2,il2_menten_prolif,0,0.05
0.00033067832064570903,84.83000000000068,IL2,il2_menten_prolif,0,0.05
0.0003298856442682964,84.84000000000069,IL2,il2_menten_prolif,0,0.05
0.0003290948680331069,84.85000000000069,IL2,il2_menten_prolif,0,0.05
0.0003283059873852675,84.8600000000007,IL2,il2_menten_prolif,0,0.05
0.0003275189977808228,84.8700000000007,IL2,il2_menten_prolif,0,0.05
0.00032673389468671084,84.8800000000007,IL2,il2_menten_prolif,0,0.05
0.00032595067358073555,84.89000000000071,IL2,il2_menten_prolif,0,0.05
0.00032516932995154134,84.90000000000072,IL2,il2_menten_prolif,0,0.05
0.00032438985929858705,84.91000000000072,IL2,il2_menten_prolif,0,0.05
0.0003236122571321188,84.92000000000073,IL2,il2_menten_prolif,0,0.05
0.0003228365189731464,84.93000000000073,IL2,il2_menten_prolif,0,0.05
0.00032206264035341577,84.94000000000074,IL2,il2_menten_prolif,0,0.05
0.00032129061681538453,84.95000000000074,IL2,il2_menten_prolif,0,0.05
0.0003205204439121939,84.96000000000075,IL2,il2_menten_prolif,0,0.05
0.00031975211720764655,84.97000000000075,IL2,il2_menten_prolif,0,0.05
0.0003189856322761783,84.98000000000076,IL2,il2_menten_prolif,0,0.05
0.00031822098470283416,84.99000000000076,IL2,il2_menten_prolif,0,0.05
0.00031745817008324155,85.00000000000077,IL2,il2_menten_prolif,0,0.05
0.00031669718402358625,85.01000000000077,IL2,il2_menten_prolif,0,0.05
0.00031593802214058655,85.02000000000078,IL2,il2_menten_prolif,0,0.05
0.0003151806800614675,85.03000000000078,IL2,il2_menten_prolif,0,0.05
0.00031442515342393747,85.04000000000079,IL2,il2_menten_prolif,0,0.05
0.00031367143787616064,85.0500000000008,IL2,il2_menten_prolif,0,0.05
0.0003129195290767333,85.0600000000008,IL2,il2_menten_prolif,0,0.05
0.00031216942269465873,85.0700000000008,IL2,il2_menten_prolif,0,0.05
0.0003114211144093214,85.08000000000081,IL2,il2_menten_prolif,0,0.05
0.00031067459991046553,85.09000000000081,IL2,il2_menten_prolif,0,0.05
0.00030992987489816576,85.10000000000082,IL2,il2_menten_prolif,0,0.05
0.00030918693508280343,85.11000000000082,IL2,il2_menten_prolif,0,0.05
0.00030844577618504166,85.12000000000083,IL2,il2_menten_prolif,0,0.05
0.0003077063939358008,85.13000000000083,IL2,il2_menten_prolif,0,0.05
0.0003069687840762403,85.14000000000084,IL2,il2_menten_prolif,0,0.05
0.00030623294235772726,85.15000000000084,IL2,il2_menten_prolif,0,0.05
0.0003054988645418105,85.16000000000085,IL2,il2_menten_prolif,0,0.05
0.000304766546400198,85.17000000000085,IL2,il2_menten_prolif,0,0.05
0.00030403598371473155,85.18000000000086,IL2,il2_menten_prolif,0,0.05
0.0003033071722773717,85.19000000000086,IL2,il2_menten_prolif,0,0.05
0.0003025801078901649,85.20000000000087,IL2,il2_menten_prolif,0,0.05
0.000301854786365218,85.21000000000087,IL2,il2_menten_prolif,0,0.05
0.00030113120352467536,85.22000000000088,IL2,il2_menten_prolif,0,0.05
0.0003004093552006939,85.23000000000089,IL2,il2_menten_prolif,0,0.05
0.00029968923723542804,85.24000000000089,IL2,il2_menten_prolif,0,0.05
0.0002989708454809995,85.2500000000009,IL2,il2_menten_prolif,0,0.05
0.00029825417579946946,85.2600000000009,IL2,il2_menten_prolif,0,0.05
0.000297539224062817,85.2700000000009,IL2,il2_menten_prolif,0,0.05
0.00029682598615291493,85.28000000000091,IL2,il2_menten_prolif,0,0.05
0.0002961144579615115,85.29000000000092,IL2,il2_menten_prolif,0,0.05
0.0002954046353902071,85.30000000000092,IL2,il2_menten_prolif,0,0.05
0.0002946965143504213,85.31000000000093,IL2,il2_menten_prolif,0,0.05
0.00029399009076337354,85.32000000000093,IL2,il2_menten_prolif,0,0.05
0.000293285360560059,85.33000000000094,IL2,il2_menten_prolif,0,0.05
0.0002925823196812304,85.34000000000094,IL2,il2_menten_prolif,0,0.05
0.0002918809640773762,85.35000000000095,IL2,il2_menten_prolif,0,0.05
0.0002911812897086862,85.36000000000095,IL2,il2_menten_prolif,0,0.05
0.00029048329254503243,85.37000000000096,IL2,il2_menten_prolif,0,0.05
0.0002897869685659461,85.38000000000096,IL2,il2_menten_prolif,0,0.05
0.00028909231376059337,85.39000000000097,IL2,il2_menten_prolif,0,0.05
0.00028839932412776386,85.40000000000097,IL2,il2_menten_prolif,0,0.05
0.00028770799567584223,85.41000000000098,IL2,il2_menten_prolif,0,0.05
0.0002870183244227746,85.42000000000098,IL2,il2_menten_prolif,0,0.05
0.0002863303063960511,85.43000000000099,IL2,il2_menten_prolif,0,0.05
0.0002856439376326829,85.44000000000099,IL2,il2_menten_prolif,0,0.05
0.0002849592141791788,85.450000000001,IL2,il2_menten_prolif,0,0.05
0.0002842761320915355,85.460000000001,IL2,il2_menten_prolif,0,0.05
0.0002835946874352027,85.47000000000101,IL2,il2_menten_prolif,0,0.05
0.00028291487628505704,85.48000000000101,IL2,il2_menten_prolif,0,0.05
0.0002822366947253824,85.49000000000102,IL2,il2_menten_prolif,0,0.05
0.00028156013884984756,85.50000000000102,IL2,il2_menten_prolif,0,0.05
0.0002808852047614844,85.51000000000103,IL2,il2_menten_prolif,0,0.05
0.0002802118885726779,85.52000000000103,IL2,il2_menten_prolif,0,0.05
0.00027954018640512793,85.53000000000104,IL2,il2_menten_prolif,0,0.05
0.0002788700943898276,85.54000000000104,IL2,il2_menten_prolif,0,0.05
0.000278201608667043,85.55000000000105,IL2,il2_menten_prolif,0,0.05
0.0002775347253862907,85.56000000000105,IL2,il2_menten_prolif,0,0.05
0.0002768694407063176,85.57000000000106,IL2,il2_menten_prolif,0,0.05
0.0002762057507950903,85.58000000000106,IL2,il2_menten_prolif,0,0.05
0.00027554365182975494,85.59000000000107,IL2,il2_menten_prolif,0,0.05
0.00027488313999661864,85.60000000000107,IL2,il2_menten_prolif,0,0.05
0.0002742242114911292,85.61000000000108,IL2,il2_menten_prolif,0,0.05
0.00027356686251785265,85.62000000000108,IL2,il2_menten_prolif,0,0.05
0.000272911089289809,85.63000000000109,IL2,il2_menten_prolif,0,0.05
0.00027225688803147086,85.6400000000011,IL2,il2_menten_prolif,0,0.05
0.0002716042549732996,85.6500000000011,IL2,il2_menten_prolif,0,0.05
0.0002709531863562732,85.6600000000011,IL2,il2_menten_prolif,0,0.05
0.0002703036784303104,85.67000000000111,IL2,il2_menten_prolif,0,0.05
0.000269655727454271,85.68000000000112,IL2,il2_menten_prolif,0,0.05
0.00026900932969591153,85.69000000000112,IL2,il2_menten_prolif,0,0.05
0.00026836448143188047,85.70000000000113,IL2,il2_menten_prolif,0,0.05
0.0002677211789478116,85.71000000000113,IL2,il2_menten_prolif,0,0.05
0.0002670794185382754,85.72000000000114,IL2,il2_menten_prolif,0,0.05
0.00026643919650677774,85.73000000000114,IL2,il2_menten_prolif,0,0.05
0.0002658005091657602,85.74000000000115,IL2,il2_menten_prolif,0,0.05
0.0002651633528365995,85.75000000000115,IL2,il2_menten_prolif,0,0.05
0.0002645277238494954,85.76000000000116,IL2,il2_menten_prolif,0,0.05
0.00026389361854236437,85.77000000000116,IL2,il2_menten_prolif,0,0.05
0.00026326103326247756,85.78000000000117,IL2,il2_menten_prolif,0,0.05
0.0002626299643662206,85.79000000000117,IL2,il2_menten_prolif,0,0.05
0.0002620004082188368,85.80000000000118,IL2,il2_menten_prolif,0,0.05
0.00026137236119442675,85.81000000000118,IL2,il2_menten_prolif,0,0.05
0.00026074581967594815,85.82000000000119,IL2,il2_menten_prolif,0,0.05
0.00026012078005521635,85.83000000000119,IL2,il2_menten_prolif,0,0.05
0.0002594972387316654,85.8400000000012,IL2,il2_menten_prolif,0,0.05
0.0002588751921121735,85.8500000000012,IL2,il2_menten_prolif,0,0.05
0.00025825463661376417,85.86000000000121,IL2,il2_menten_prolif,0,0.05
0.00025763556866218677,85.87000000000121,IL2,il2_menten_prolif,0,0.05
0.00025701798469189677,85.88000000000122,IL2,il2_menten_prolif,0,0.05
0.0002564018811460555,85.89000000000122,IL2,il2_menten_prolif,0,0.05
0.0002557872544765305,85.90000000000123,IL2,il2_menten_prolif,0,0.05
0.0002551741011436711,85.91000000000123,IL2,il2_menten_prolif,0,0.05
0.0002545624176141113,85.92000000000124,IL2,il2_menten_prolif,0,0.05
0.00025395220036402425,85.93000000000124,IL2,il2_menten_prolif,0,0.05
0.00025334344587864494,85.94000000000125,IL2,il2_menten_prolif,0,0.05
0.000252736150651759,85.95000000000125,IL2,il2_menten_prolif,0,0.05
0.0002521303111857031,85.96000000000126,IL2,il2_menten_prolif,0,0.05
0.0002515259239913644,85.97000000000126,IL2,il2_menten_prolif,0,0.05
0.00025092298558818094,85.98000000000127,IL2,il2_menten_prolif,0,0.05
0.00025032149250289325,85.99000000000127,IL2,il2_menten_prolif,0,0.05
0.00024972144126936773,86.00000000000128,IL2,il2_menten_prolif,0,0.05
0.00024912282843132035,86.01000000000128,IL2,il2_menten_prolif,0,0.05
0.0002485256505408849,86.02000000000129,IL2,il2_menten_prolif,0,0.05
0.0002479299041585936,86.0300000000013,IL2,il2_menten_prolif,0,0.05
0.0002473355858533769,86.0400000000013,IL2,il2_menten_prolif,0,0.05
0.00024674269220256316,86.0500000000013,IL2,il2_menten_prolif,0,0.05
0.0002461512197916641,86.06000000000131,IL2,il2_menten_prolif,0,0.05
0.0002455611652122503,86.07000000000131,IL2,il2_menten_prolif,0,0.05
0.0002449725250650972,86.08000000000132,IL2,il2_menten_prolif,0,0.05
0.00024438529595972066,86.09000000000133,IL2,il2_menten_prolif,0,0.05
0.00024379947451388543,86.10000000000133,IL2,il2_menten_prolif,0,0.05
0.0002432150573536043,86.11000000000134,IL2,il2_menten_prolif,0,0.05
0.00024263204111313856,86.12000000000134,IL2,il2_menten_prolif,0,0.05
0.00024205042243499806,86.13000000000135,IL2,il2_menten_prolif,0,0.05
0.00024147019796873727,86.14000000000135,IL2,il2_menten_prolif,0,0.05
0.00024089136437078286,86.15000000000136,IL2,il2_menten_prolif,0,0.05
0.00024031391830706442,86.16000000000136,IL2,il2_menten_prolif,0,0.05
0.0002397378564516314,86.17000000000137,IL2,il2_menten_prolif,0,0.05
0.00023916317548663456,86.18000000000137,IL2,il2_menten_prolif,0,0.05
0.00023858987210232578,86.19000000000138,IL2,il2_menten_prolif,0,0.05
0.00023801794299705843,86.20000000000138,IL2,il2_menten_prolif,0,0.05
0.00023744738487707913,86.21000000000139,IL2,il2_menten_prolif,0,0.05
0.0002368781944544798,86.22000000000139,IL2,il2_menten_prolif,0,0.05
0.00023631036845023136,86.2300000000014,IL2,il2_menten_prolif,0,0.05
0.00023574390359373652,86.2400000000014,IL2,il2_menten_prolif,0,0.05
0.0002351787966223543,86.2500000000014,IL2,il2_menten_prolif,0,0.05
0.0002346150442814011,86.26000000000141,IL2,il2_menten_prolif,0,0.05
0.00023405264332414962,86.27000000000142,IL2,il2_menten_prolif,0,0.05
0.00023349159051182954,86.28000000000142,IL2,il2_menten_prolif,0,0.05
0.0002329318826124662,86.29000000000143,IL2,il2_menten_prolif,0,0.05
0.00023237351640071396,86.30000000000143,IL2,il2_menten_prolif,0,0.05
0.0002318164886603942,86.31000000000144,IL2,il2_menten_prolif,0,0.05
0.000231260796183161,86.32000000000144,IL2,il2_menten_prolif,0,0.05
0.0002307064357684832,86.33000000000145,IL2,il2_menten_prolif,0,0.05
0.00023015340422364458,86.34000000000145,IL2,il2_menten_prolif,0,0.05
0.0002296016983637437,86.35000000000146,IL2,il2_menten_prolif,0,0.05
0.00022905131501149326,86.36000000000146,IL2,il2_menten_prolif,0,0.05
0.00022850225099524475,86.37000000000147,IL2,il2_menten_prolif,0,0.05
0.00022795450315191444,86.38000000000147,IL2,il2_menten_prolif,0,0.05
0.00022740806832655255,86.39000000000148,IL2,il2_menten_prolif,0,0.05
0.00022686294337188417,86.40000000000148,IL2,il2_menten_prolif,0,0.05
0.00022631912514831012,86.41000000000149,IL2,il2_menten_prolif,0,0.05
0.00022577661052390665,86.4200000000015,IL2,il2_menten_prolif,0,0.05
0.0002252353963744254,86.4300000000015,IL2,il2_menten_prolif,0,0.05
0.00022469547958217312,86.4400000000015,IL2,il2_menten_prolif,0,0.05
0.00022415685703585178,86.45000000000151,IL2,il2_menten_prolif,0,0.05
0.00022361952563300575,86.46000000000151,IL2,il2_menten_prolif,0,0.05
0.00022308348227873524,86.47000000000152,IL2,il2_menten_prolif,0,0.05
0.00022254872388567909,86.48000000000152,IL2,il2_menten_prolif,0,0.05
0.0002220152473740144,86.49000000000153,IL2,il2_menten_prolif,0,0.05
0.000221483049671457,86.50000000000153,IL2,il2_menten_prolif,0,0.05
0.0002209521277130674,86.51000000000154,IL2,il2_menten_prolif,0,0.05
0.00022042247843934588,86.52000000000155,IL2,il2_menten_prolif,0,0.05
0.00021989409879905443,86.53000000000155,IL2,il2_menten_prolif,0,0.05
0.00021936698574880113,86.54000000000156,IL2,il2_menten_prolif,0,0.05
0.00021884113625259796,86.55000000000156,IL2,il2_menten_prolif,0,0.05
0.000218316547281861,86.56000000000157,IL2,il2_menten_prolif,0,0.05
0.0002177932158154104,86.57000000000157,IL2,il2_menten_prolif,0,0.05
0.0002172711388394703,86.58000000000158,IL2,il2_menten_prolif,0,0.05
0.00021675031334658816,86.59000000000158,IL2,il2_menten_prolif,0,0.05
0.0002162307363354806,86.60000000000159,IL2,il2_menten_prolif,0,0.05
0.00021571240481339386,86.61000000000159,IL2,il2_menten_prolif,0,0.05
0.00021519531579486292,86.6200000000016,IL2,il2_menten_prolif,0,0.05
0.00021467946630169475,86.6300000000016,IL2,il2_menten_prolif,0,0.05
0.00021416485336296816,86.6400000000016,IL2,il2_menten_prolif,0,0.05
0.000213651474015034,86.65000000000161,IL2,il2_menten_prolif,0,0.05
0.0002131393253013281,86.66000000000162,IL2,il2_menten_prolif,0,0.05
0.00021262840427053388,86.67000000000162,IL2,il2_menten_prolif,0,0.05
0.0002121187079793041,86.68000000000163,IL2,il2_menten_prolif,0,0.05
0.00021161023349186033,86.69000000000163,IL2,il2_menten_prolif,0,0.05
0.00021110297787956618,86.70000000000164,IL2,il2_menten_prolif,0,0.05
0.00021059693822092756,86.71000000000164,IL2,il2_menten_prolif,0,0.05
0.0002100921116015927,86.72000000000165,IL2,il2_menten_prolif,0,0.05
0.00020958849511435191,86.73000000000165,IL2,il2_menten_prolif,0,0.05
0.00020908608585989204,86.74000000000166,IL2,il2_menten_prolif,0,0.05
0.0002085848809384561,86.75000000000166,IL2,il2_menten_prolif,0,0.05
0.0002080848774664245,86.76000000000167,IL2,il2_menten_prolif,0,0.05
0.0002075860725636728,86.77000000000167,IL2,il2_menten_prolif,0,0.05
0.0002070884633571699,86.78000000000168,IL2,il2_menten_prolif,0,0.05
0.0002065920469809607,86.79000000000168,IL2,il2_menten_prolif,0,0.05
0.00020609682057614977,86.80000000000169,IL2,il2_menten_prolif,0,0.05
0.00020560278129034914,86.8100000000017,IL2,il2_menten_prolif,0,0.05
0.00020510992627298461,86.8200000000017,IL2,il2_menten_prolif,0,0.05
0.00020461825268372697,86.8300000000017,IL2,il2_menten_prolif,0,0.05
0.00020412775769048104,86.84000000000171,IL2,il2_menten_prolif,0,0.05
0.00020363843846804314,86.85000000000171,IL2,il2_menten_prolif,0,0.05
0.00020315029219808206,86.86000000000172,IL2,il2_menten_prolif,0,0.05
0.00020266331606911956,86.87000000000172,IL2,il2_menten_prolif,0,0.05
0.0002021775072765113,86.88000000000173,IL2,il2_menten_prolif,0,0.05
0.00020169286302242773,86.89000000000173,IL2,il2_menten_prolif,0,0.05
0.0002012093805158347,86.90000000000174,IL2,il2_menten_prolif,0,0.05
0.0002007270569724747,86.91000000000174,IL2,il2_menten_prolif,0,0.05
0.00020024588961484714,86.92000000000175,IL2,il2_menten_prolif,0,0.05
0.00019976587567218935,86.93000000000175,IL2,il2_menten_prolif,0,0.05
0.0001992870123804577,86.94000000000176,IL2,il2_menten_prolif,0,0.05
0.00019880929698230804,86.95000000000176,IL2,il2_menten_prolif,0,0.05
0.00019833272672707659,86.96000000000177,IL2,il2_menten_prolif,0,0.05
0.00019785729887076084,86.97000000000178,IL2,il2_menten_prolif,0,0.05
0.00019738301067600032,86.98000000000178,IL2,il2_menten_prolif,0,0.05
0.00019690985941205736,86.99000000000179,IL2,il2_menten_prolif,0,0.05
0.0001964378423547982,87.00000000000179,IL2,il2_menten_prolif,0,0.05
0.00019596695678667322,87.0100000000018,IL2,il2_menten_prolif,0,0.05
0.00019549719999669836,87.0200000000018,IL2,il2_menten_prolif,0,0.05
0.00019502856928043543,87.0300000000018,IL2,il2_menten_prolif,0,0.05
0.00019456106193997338,87.04000000000181,IL2,il2_menten_prolif,0,0.05
0.00019409467528102745,87.05000000000182,IL2,il2_menten_prolif,0,0.05
0.00019362940661295241,87.06000000000182,IL2,il2_menten_prolif,0,0.05
0.0001931652532559099,87.07000000000183,IL2,il2_menten_prolif,0,0.05
0.0001927022125365113,87.08000000000183,IL2,il2_menten_prolif,0,0.05
0.00019224028178770953,87.09000000000184,IL2,il2_menten_prolif,0,0.05
0.00019177945834877738,87.10000000000184,IL2,il2_menten_prolif,0,0.05
0.00019131973956528568,87.11000000000185,IL2,il2_menten_prolif,0,0.05
0.00019086112278908252,87.12000000000185,IL2,il2_menten_prolif,0,0.05
0.00019040360537827104,87.13000000000186,IL2,il2_menten_prolif,0,0.05
0.00018994718469718817,87.14000000000186,IL2,il2_menten_prolif,0,0.05
0.00018949185811638293,87.15000000000187,IL2,il2_menten_prolif,0,0.05
0.00018903762301259532,87.16000000000187,IL2,il2_menten_prolif,0,0.05
0.0001885844767687342,87.17000000000188,IL2,il2_menten_prolif,0,0.05
0.00018813241677385616,87.18000000000188,IL2,il2_menten_prolif,0,0.05
0.00018768144042314382,87.19000000000189,IL2,il2_menten_prolif,0,0.05
0.00018723154511788448,87.20000000000189,IL2,il2_menten_prolif,0,0.05
0.00018678272826544825,87.2100000000019,IL2,il2_menten_prolif,0,0.05
0.0001863349872792669,87.2200000000019,IL2,il2_menten_prolif,0,0.05
0.00018588831957881192,87.23000000000191,IL2,il2_menten_prolif,0,0.05
0.0001854427225895734,87.24000000000191,IL2,il2_menten_prolif,0,0.05
0.00018499819374303823,87.25000000000192,IL2,il2_menten_prolif,0,0.05
0.00018455473047666865,87.26000000000192,IL2,il2_menten_prolif,0,0.05
0.00018411233023388055,87.27000000000193,IL2,il2_menten_prolif,0,0.05
0.0001836709904649109,87.28000000000193,IL2,il2_menten_prolif,0,0.05
0.00018323070863858595,87.29000000000194,IL2,il2_menten_prolif,0,0.05
0.00018279148222289805,87.30000000000194,IL2,il2_menten_prolif,0,0.05
0.00018235330868794788,87.31000000000195,IL2,il2_menten_prolif,0,0.05
0.00018191618550988437,87.32000000000195,IL2,il2_menten_prolif,0,0.05
0.00018148011017088888,87.33000000000196,IL2,il2_menten_prolif,0,0.05
0.00018104508015915884,87.34000000000196,IL2,il2_menten_prolif,0,0.05
0.00018061109296889157,87.35000000000197,IL2,il2_menten_prolif,0,0.05
0.00018017814610026835,87.36000000000197,IL2,il2_menten_prolif,0,0.05
0.00017974623705943808,87.37000000000198,IL2,il2_menten_prolif,0,0.05
0.00017931536335850104,87.38000000000198,IL2,il2_menten_prolif,0,0.05
0.00017888552251549297,87.39000000000199,IL2,il2_menten_prolif,0,0.05
0.00017845671205436888,87.400000000002,IL2,il2_menten_prolif,0,0.05
0.00017802892950498654,87.410000000002,IL2,il2_menten_prolif,0,0.05
0.00017760217240309084,87.420000000002,IL2,il2_menten_prolif,0,0.05
0.0001771764382902973,87.43000000000201,IL2,il2_menten_prolif,0,0.05
0.000176751724714076,87.44000000000202,IL2,il2_menten_prolif,0,0.05
0.0001763280292277355,87.45000000000202,IL2,il2_menten_prolif,0,0.05
0.0001759053493904065,87.46000000000203,IL2,il2_menten_prolif,0,0.05
0.00017548368276702576,87.47000000000203,IL2,il2_menten_prolif,0,0.05
0.0001750630269283202,87.48000000000204,IL2,il2_menten_prolif,0,0.05
0.00017464337945079028,87.49000000000204,IL2,il2_menten_prolif,0,0.05
0.00017422473791669417,87.50000000000205,IL2,il2_menten_prolif,0,0.05
0.00017380709991403158,87.51000000000205,IL2,il2_menten_prolif,0,0.05
0.00017339046303808443,87.52000000000206,IL2,il2_menten_prolif,0,0.05
0.00017297482489211504,87.53000000000206,IL2,il2_menten_prolif,0,0.05
0.00017256018308219438,87.54000000000207,IL2,il2_menten_prolif,0,0.05
0.00017214653522001208,87.55000000000207,IL2,il2_menten_prolif,0,0.05
0.0001717338789229754,87.56000000000208,IL2,il2_menten_prolif,0,0.05
0.00017132221181419483,87.57000000000208,IL2,il2_menten_prolif,0,0.05
0.00017091153152246918,87.58000000000209,IL2,il2_menten_prolif,0,0.05
0.0001705018356822712,87.59000000000209,IL2,il2_menten_prolif,0,0.05
0.00017009312193373257,87.6000000000021,IL2,il2_menten_prolif,0,0.05
0.0001696853879226296,87.6100000000021,IL2,il2_menten_prolif,0,0.05
0.0001692786313003683,87.62000000000211,IL2,il2_menten_prolif,0,0.05
0.00016887284972396993,87.63000000000211,IL2,il2_menten_prolif,0,0.05
0.00016846804085605624,87.64000000000212,IL2,il2_menten_prolif,0,0.05
0.00016806420236483463,87.65000000000212,IL2,il2_menten_prolif,0,0.05
0.00016766133192408391,87.66000000000213,IL2,il2_menten_prolif,0,0.05
0.00016725942721313927,87.67000000000213,IL2,il2_menten_prolif,0,0.05
0.00016685848591687798,87.68000000000214,IL2,il2_menten_prolif,0,0.05
0.00016645850572570412,87.69000000000214,IL2,il2_menten_prolif,0,0.05
0.00016605948433553476,87.70000000000215,IL2,il2_menten_prolif,0,0.05
0.0001656614194477845,87.71000000000215,IL2,il2_menten_prolif,0,0.05
0.00016526430876935143,87.72000000000216,IL2,il2_menten_prolif,0,0.05
0.00016486815001260198,87.73000000000216,IL2,il2_menten_prolif,0,0.05
0.00016447294089535678,87.74000000000217,IL2,il2_menten_prolif,0,0.05
0.00016407867914095822,87.75000000000217,IL2,il2_menten_prolif,0,0.05
0.00016368536248003284,87.76000000000218,IL2,il2_menten_prolif,0,0.05
0.0001632929886478193,87.77000000000218,IL2,il2_menten_prolif,0,0.05
0.0001629015553842686,87.78000000000219,IL2,il2_menten_prolif,0,0.05
0.0001625110604347424,87.7900000000022,IL2,il2_menten_prolif,0,0.05
0.00016212150154999976,87.8000000000022,IL2,il2_menten_prolif,0,0.05
0.00016173287648618283,87.8100000000022,IL2,il2_menten_prolif,0,0.05
0.00016134518300480325,87.82000000000221,IL2,il2_menten_prolif,0,0.05
0.00016095841887272817,87.83000000000222,IL2,il2_menten_prolif,0,0.05
0.00016057258186216652,87.84000000000222,IL2,il2_menten_prolif,0,0.05
0.000160187669750655,87.85000000000223,IL2,il2_menten_prolif,0,0.05
0.00015980368032104443,87.86000000000223,IL2,il2_menten_prolif,0,0.05
0.0001594206113614857,87.87000000000224,IL2,il2_menten_prolif,0,0.05
0.00015903846066541604,87.88000000000224,IL2,il2_menten_prolif,0,0.05
0.00015865722603154513,87.89000000000225,IL2,il2_menten_prolif,0,0.05
0.00015827690526384132,87.90000000000225,IL2,il2_menten_prolif,0,0.05
0.0001578974961715176,87.91000000000226,IL2,il2_menten_prolif,0,0.05
0.000157518996569018,87.92000000000226,IL2,il2_menten_prolif,0,0.05
0.0001571414042760036,87.93000000000227,IL2,il2_menten_prolif,0,0.05
0.00015676471711733848,87.94000000000227,IL2,il2_menten_prolif,0,0.05
0.00015638893292307645,87.95000000000228,IL2,il2_menten_prolif,0,0.05
0.00015601404952844656,87.96000000000228,IL2,il2_menten_prolif,0,0.05
0.00015564006477383958,87.97000000000229,IL2,il2_menten_prolif,0,0.05
0.0001552669765047941,87.98000000000229,IL2,il2_menten_prolif,0,0.05
0.00015489478189899568,87.9900000000023,IL2,il2_menten_prolif,0,0.05
0.0001545234802968515,88.0000000000023,IL2,il2_menten_prolif,0,0.05
0.00015415306872824304,88.01000000000231,IL2,il2_menten_prolif,0,0.05
0.00015378354506259136,88.02000000000231,IL2,il2_menten_prolif,0,0.05
0.0001534149071741534,88.03000000000232,IL2,il2_menten_prolif,0,0.05
0.00015304715294202223,88.04000000000232,IL2,il2_menten_prolif,0,0.05
0.0001526802802501269,88.05000000000233,IL2,il2_menten_prolif,0,0.05
0.0001523142869872326,88.06000000000233,IL2,il2_menten_prolif,0,0.05
0.0001519491710469404,88.07000000000234,IL2,il2_menten_prolif,0,0.05
0.0001515849303276876,88.08000000000234,IL2,il2_menten_prolif,0,0.05
0.00015122156273274733,88.09000000000235,IL2,il2_menten_prolif,0,0.05
0.00015085906617022892,88.10000000000235,IL2,il2_menten_prolif,0,0.05
0.00015049743855307768,88.11000000000236,IL2,il2_menten_prolif,0,0.05
0.00015013667779907488,88.12000000000236,IL2,il2_menten_prolif,0,0.05
0.00014977678183083804,88.13000000000237,IL2,il2_menten_prolif,0,0.05
0.00014941774857582052,88.14000000000237,IL2,il2_menten_prolif,0,0.05
0.00014905957596631178,88.15000000000238,IL2,il2_menten_prolif,0,0.05
0.0001487022619394373,88.16000000000238,IL2,il2_menten_prolif,0,0.05
0.00014834580443715868,88.17000000000239,IL2,il2_menten_prolif,0,0.05
0.00014799020140627344,88.1800000000024,IL2,il2_menten_prolif,0,0.05
0.00014763545079841527,88.1900000000024,IL2,il2_menten_prolif,0,0.05
0.00014728155057005374,88.2000000000024,IL2,il2_menten_prolif,0,0.05
0.0001469284986824946,88.21000000000241,IL2,il2_menten_prolif,0,0.05
0.00014657629310189788,88.22000000000241,IL2,il2_menten_prolif,0,0.05
0.0001462249318000512,88.23000000000242,IL2,il2_menten_prolif,0,0.05
0.00014587441275354854,88.24000000000242,IL2,il2_menten_prolif,0,0.05
0.00014552473394355972,88.25000000000243,IL2,il2_menten_prolif,0,0.05
0.00014517589335614713,88.26000000000244,IL2,il2_menten_prolif,0,0.05
0.00014482788898226602,88.27000000000244,IL2,il2_menten_prolif,0,0.05
0.00014448071881776402,88.28000000000245,IL2,il2_menten_prolif,0,0.05
0.00014413438086338166,88.29000000000245,IL2,il2_menten_prolif,0,0.05
0.00014378887312431582,88.30000000000246,IL2,il2_menten_prolif,0,0.05
0.00014344419360940342,88.31000000000246,IL2,il2_menten_prolif,0,0.05
0.00014310034033318824,88.32000000000247,IL2,il2_menten_prolif,0,0.05
0.00014275731131509775,88.33000000000247,IL2,il2_menten_prolif,0,0.05
0.00014241510457936083,88.34000000000248,IL2,il2_menten_prolif,0,0.05
0.0001420737181550078,88.35000000000248,IL2,il2_menten_prolif,0,0.05
0.0001417331500758703,88.36000000000249,IL2,il2_menten_prolif,0,0.05
0.00014139339838056055,88.37000000000249,IL2,il2_menten_prolif,0,0.05
0.00014105446111157763,88.3800000000025,IL2,il2_menten_prolif,0,0.05
0.00014071633631625678,88.3900000000025,IL2,il2_menten_prolif,0,0.05
0.00014037902204703512,88.4000000000025,IL2,il2_menten_prolif,0,0.05
0.0001400425163610855,88.41000000000251,IL2,il2_menten_prolif,0,0.05
0.00013970681732031713,88.42000000000252,IL2,il2_menten_prolif,0,0.05
0.00013937192299137507,88.43000000000252,IL2,il2_menten_prolif,0,0.05
0.0001390378314456404,88.44000000000253,IL2,il2_menten_prolif,0,0.05
0.00013870454075882527,88.45000000000253,IL2,il2_menten_prolif,0,0.05
0.0001383720490102144,88.46000000000254,IL2,il2_menten_prolif,0,0.05
0.00013804035428458485,88.47000000000254,IL2,il2_menten_prolif,0,0.05
0.00013770945467144114,88.48000000000255,IL2,il2_menten_prolif,0,0.05
0.00013737934826493943,88.49000000000255,IL2,il2_menten_prolif,0,0.05
0.00013705003316388678,88.50000000000256,IL2,il2_menten_prolif,0,0.05
0.00013672150747174181,88.51000000000256,IL2,il2_menten_prolif,0,0.05
0.00013639376875098172,88.52000000000257,IL2,il2_menten_prolif,0,0.05
0.0001360668164468951,88.53000000000257,IL2,il2_menten_prolif,0,0.05
0.0001357406477961136,88.54000000000258,IL2,il2_menten_prolif,0,0.05
0.00013541526094651283,88.55000000000258,IL2,il2_menten_prolif,0,0.05
0.00013509065404596852,88.56000000000259,IL2,il2_menten_prolif,0,0.05
0.0001347668252423563,88.5700000000026,IL2,il2_menten_prolif,0,0.05
0.00013444377268355203,88.5800000000026,IL2,il2_menten_prolif,0,0.05
0.0001341214945174313,88.5900000000026,IL2,il2_menten_prolif,0,0.05
0.00013379998889775148,88.60000000000261,IL2,il2_menten_prolif,0,0.05
0.00013347925399315774,88.61000000000261,IL2,il2_menten_prolif,0,0.05
0.0001331592879584202,88.62000000000262,IL2,il2_menten_prolif,0,0.05
0.0001328400889471377,88.63000000000262,IL2,il2_menten_prolif,0,0.05
0.00013252165511290904,88.64000000000263,IL2,il2_menten_prolif,0,0.05
0.00013220398460933298,88.65000000000263,IL2,il2_menten_prolif,0,0.05
0.0001318870755900084,88.66000000000264,IL2,il2_menten_prolif,0,0.05
0.0001315709262085341,88.67000000000264,IL2,il2_menten_prolif,0,0.05
0.0001312555346254468,88.68000000000265,IL2,il2_menten_prolif,0,0.05
0.00013094089909717065,88.69000000000266,IL2,il2_menten_prolif,0,0.05
0.00013062701783505743,88.70000000000266,IL2,il2_menten_prolif,0,0.05
0.00013031388902313824,88.71000000000267,IL2,il2_menten_prolif,0,0.05
0.0001300015108454442,88.72000000000267,IL2,il2_menten_prolif,0,0.05
0.00012968988148600642,88.73000000000268,IL2,il2_menten_prolif,0,0.05
0.000129378999128856,88.74000000000268,IL2,il2_menten_prolif,0,0.05
0.00012906886195802406,88.75000000000269,IL2,il2_menten_prolif,0,0.05
0.00012875946815754164,88.76000000000269,IL2,il2_menten_prolif,0,0.05
0.0001284508159877128,88.7700000000027,IL2,il2_menten_prolif,0,0.05
0.00012814290374191324,88.7800000000027,IL2,il2_menten_prolif,0,0.05
0.0001278357296403176,88.7900000000027,IL2,il2_menten_prolif,0,0.05
0.00012752929190302945,88.80000000000271,IL2,il2_menten_prolif,0,0.05
0.00012722358875015202,88.81000000000272,IL2,il2_menten_prolif,0,0.05
0.0001269186184017889,88.82000000000272,IL2,il2_menten_prolif,0,0.05
0.00012661437907804341,88.83000000000273,IL2,il2_menten_prolif,0,0.05
0.0001263108689990191,88.84000000000273,IL2,il2_menten_prolif,0,0.05
0.000126008087047745,88.85000000000274,IL2,il2_menten_prolif,0,0.05
0.00012570603003681104,88.86000000000274,IL2,il2_menten_prolif,0,0.05
0.0001254046972321064,88.87000000000275,IL2,il2_menten_prolif,0,0.05
0.00012510408686266792,88.88000000000275,IL2,il2_menten_prolif,0,0.05
0.00012480419716176153,88.89000000000276,IL2,il2_menten_prolif,0,0.05
0.0001245050263668822,88.90000000000276,IL2,il2_menten_prolif,0,0.05
0.00012420657271975397,88.91000000000277,IL2,il2_menten_prolif,0,0.05
0.00012390883446633018,88.92000000000277,IL2,il2_menten_prolif,0,0.05
0.00012361180986092537,88.93000000000278,IL2,il2_menten_prolif,0,0.05
0.00012331549725147153,88.94000000000278,IL2,il2_menten_prolif,0,0.05
0.00012301989495348757,88.95000000000279,IL2,il2_menten_prolif,0,0.05
0.00012272500125512105,88.9600000000028,IL2,il2_menten_prolif,0,0.05
0.0001224308144501425,88.9700000000028,IL2,il2_menten_prolif,0,0.05
0.00012213733283794536,88.9800000000028,IL2,il2_menten_prolif,0,0.05
0.00012184455472354608,88.99000000000281,IL2,il2_menten_prolif,0,0.05
0.00012155247841758409,89.00000000000281,IL2,il2_menten_prolif,0,0.05
0.0001212611022363219,89.01000000000282,IL2,il2_menten_prolif,0,0.05
0.0001209704245016448,89.02000000000282,IL2,il2_menten_prolif,0,0.05
0.00012068044354106124,89.03000000000283,IL2,il2_menten_prolif,0,0.05
0.00012039115768770258,89.04000000000283,IL2,il2_menten_prolif,0,0.05
0.00012010256528032309,89.05000000000284,IL2,il2_menten_prolif,0,0.05
0.00011981466466330016,89.06000000000284,IL2,il2_menten_prolif,0,0.05
0.00011952745418663402,89.07000000000285,IL2,il2_menten_prolif,0,0.05
0.00011924093220594798,89.08000000000285,IL2,il2_menten_prolif,0,0.05
0.00011895509708248825,89.09000000000286,IL2,il2_menten_prolif,0,0.05
0.00011866994715108202,89.10000000000286,IL2,il2_menten_prolif,0,0.05
0.0001183854807245524,89.11000000000287,IL2,il2_menten_prolif,0,0.05
0.00011810169616468857,89.12000000000288,IL2,il2_menten_prolif,0,0.05
0.00011781859183861994,89.13000000000288,IL2,il2_menten_prolif,0,0.05
0.0001175361661182133,89.14000000000289,IL2,il2_menten_prolif,0,0.05
0.00011725441738007293,89.15000000000289,IL2,il2_menten_prolif,0,0.05
0.00011697334400554045,89.1600000000029,IL2,il2_menten_prolif,0,0.05
0.00011669294438069498,89.1700000000029,IL2,il2_menten_prolif,0,0.05
0.00011641321689635312,89.1800000000029,IL2,il2_menten_prolif,0,0.05
0.00011613415994806878,89.19000000000291,IL2,il2_menten_prolif,0,0.05
0.00011585577193613339,89.20000000000292,IL2,il2_menten_prolif,0,0.05
0.00011557805126557583,89.21000000000292,IL2,il2_menten_prolif,0,0.05
0.0001153009963461624,89.22000000000293,IL2,il2_menten_prolif,0,0.05
0.00011502460559239683,89.23000000000293,IL2,il2_menten_prolif,0,0.05
0.00011474887742352023,89.24000000000294,IL2,il2_menten_prolif,0,0.05
0.00011447381026351123,89.25000000000294,IL2,il2_menten_prolif,0,0.05
0.00011419940253117373,89.26000000000295,IL2,il2_menten_prolif,0,0.05
0.00011392565259422165,89.27000000000295,IL2,il2_menten_prolif,0,0.05
0.00011365255886613238,89.28000000000296,IL2,il2_menten_prolif,0,0.05
0.00011338011977381711,89.29000000000296,IL2,il2_menten_prolif,0,0.05
0.00011310833374805301,89.30000000000297,IL2,il2_menten_prolif,0,0.05
0.000112837199223483,89.31000000000297,IL2,il2_menten_prolif,0,0.05
0.00011256671463861577,89.32000000000298,IL2,il2_menten_prolif,0,0.05
0.00011229687843582585,89.33000000000298,IL2,il2_menten_prolif,0,0.05
0.00011202768906135366,89.34000000000299,IL2,il2_menten_prolif,0,0.05
0.00011175914496530532,89.35000000000299,IL2,il2_menten_prolif,0,0.05
0.00011149124460165278,89.360000000003,IL2,il2_menten_prolif,0,0.05
0.0001112239864282339,89.370000000003,IL2,il2_menten_prolif,0,0.05
0.00011095736890675225,89.38000000000301,IL2,il2_menten_prolif,0,0.05
0.00011069139050277724,89.39000000000301,IL2,il2_menten_prolif,0,0.05
0.00011042604968574413,89.40000000000302,IL2,il2_menten_prolif,0,0.05
0.00011016134492895397,89.41000000000302,IL2,il2_menten_prolif,0,0.05
0.0001098972747094844,89.42000000000303,IL2,il2_menten_prolif,0,0.05
0.00010963383750004074,89.43000000000303,IL2,il2_menten_prolif,0,0.05
0.00010937103177832732,89.44000000000304,IL2,il2_menten_prolif,0,0.05
0.00010910885603051764,89.45000000000304,IL2,il2_menten_prolif,0,0.05
0.00010884730874650706,89.46000000000305,IL2,il2_menten_prolif,0,0.05
0.00010858638841991272,89.47000000000305,IL2,il2_menten_prolif,0,0.05
0.00010832609354807373,89.48000000000306,IL2,il2_menten_prolif,0,0.05
0.00010806642263205097,89.49000000000306,IL2,il2_menten_prolif,0,0.05
0.0001078073741766272,89.50000000000307,IL2,il2_menten_prolif,0,0.05
0.00010754894669030706,89.51000000000307,IL2,il2_menten_prolif,0,0.05
0.00010729113868531697,89.52000000000308,IL2,il2_menten_prolif,0,0.05
0.0001070339486776053,89.53000000000308,IL2,il2_menten_prolif,0,0.05
0.00010677737518684216,89.54000000000309,IL2,il2_menten_prolif,0,0.05
0.00010652141673641967,89.5500000000031,IL2,il2_menten_prolif,0,0.05
0.00010626607185345162,89.5600000000031,IL2,il2_menten_prolif,0,0.05
0.00010601133906877379,89.5700000000031,IL2,il2_menten_prolif,0,0.05
0.00010575721691694377,89.58000000000311,IL2,il2_menten_prolif,0,0.05
0.00010550370400147258,89.59000000000312,IL2,il2_menten_prolif,0,0.05
0.00010525079869652261,89.60000000000312,IL2,il2_menten_prolif,0,0.05
0.00010499849963776706,89.61000000000313,IL2,il2_menten_prolif,0,0.05
0.00010474680537107283,89.62000000000313,IL2,il2_menten_prolif,0,0.05
0.00010449571444600444,89.63000000000314,IL2,il2_menten_prolif,0,0.05
0.00010424522541581533,89.64000000000314,IL2,il2_menten_prolif,0,0.05
0.00010399533683743886,89.65000000000315,IL2,il2_menten_prolif,0,0.05
0.00010374604727147961,89.66000000000315,IL2,il2_menten_prolif,0,0.05
0.00010349735528220441,89.67000000000316,IL2,il2_menten_prolif,0,0.05
0.00010324925943753371,89.68000000000316,IL2,il2_menten_prolif,0,0.05
0.00010300175830903254,89.69000000000317,IL2,il2_menten_prolif,0,0.05
0.00010275485047190179,89.70000000000317,IL2,il2_menten_prolif,0,0.05
0.00010250853450496934,89.71000000000318,IL2,il2_menten_prolif,0,0.05
0.00010226280899068118,89.72000000000318,IL2,il2_menten_prolif,0,0.05
0.00010201767251509275,89.73000000000319,IL2,il2_menten_prolif,0,0.05
0.00010177312366785989,89.74000000000319,IL2,il2_menten_prolif,0,0.05
0.00010152916104099247,89.7500000000032,IL2,il2_menten_prolif,0,0.05
0.00010128578321658876,89.7600000000032,IL2,il2_menten_prolif,0,0.05
0.00010104298878896202,89.77000000000321,IL2,il2_menten_prolif,0,0.05
0.00010080077635968143,89.78000000000321,IL2,il2_menten_prolif,0,0.05
0.00010055914453375435,89.79000000000322,IL2,il2_menten_prolif,0,0.05
0.00010031809191961527,89.80000000000322,IL2,il2_menten_prolif,0,0.05
0.00010007761712911459,89.81000000000323,IL2,il2_menten_prolif,0,0.05
9.983771877750743e-05,89.82000000000323,IL2,il2_menten_prolif,0,0.05
9.959839548344239e-05,89.83000000000324,IL2,il2_menten_prolif,0,0.05
9.935964586895048e-05,89.84000000000324,IL2,il2_menten_prolif,0,0.05
9.912146855943366e-05,89.85000000000325,IL2,il2_menten_prolif,0,0.05
9.888386218365406e-05,89.86000000000325,IL2,il2_menten_prolif,0,0.05
9.864682537372244e-05,89.87000000000326,IL2,il2_menten_prolif,0,0.05
9.841035676508709e-05,89.88000000000326,IL2,il2_menten_prolif,0,0.05
9.817445499652277e-05,89.89000000000327,IL2,il2_menten_prolif,0,0.05
9.793911871011938e-05,89.90000000000327,IL2,il2_menten_prolif,0,0.05
9.770434655127078e-05,89.91000000000328,IL2,il2_menten_prolif,0,0.05
9.747013716866369e-05,89.92000000000328,IL2,il2_menten_prolif,0,0.05
9.723648921426635e-05,89.93000000000329,IL2,il2_menten_prolif,0,0.05
9.700340134331754e-05,89.9400000000033,IL2,il2_menten_prolif,0,0.05
9.677087221431516e-05,89.9500000000033,IL2,il2_menten_prolif,0,0.05
9.653890048900518e-05,89.9600000000033,IL2,il2_menten_prolif,0,0.05
9.630748483237044e-05,89.97000000000331,IL2,il2_menten_prolif,0,0.05
9.607662391261937e-05,89.98000000000332,IL2,il2_menten_prolif,0,0.05
9.584631640117497e-05,89.99000000000332,IL2,il2_menten_prolif,0,0.05
9.561656097266342e-05,90.00000000000333,IL2,il2_menten_prolif,0,0.05
9.538735630490301e-05,90.01000000000333,IL2,il2_menten_prolif,0,0.05
9.515870107889294e-05,90.02000000000334,IL2,il2_menten_prolif,0,0.05
9.493059397880206e-05,90.03000000000334,IL2,il2_menten_prolif,0,0.05
9.470303369195776e-05,90.04000000000335,IL2,il2_menten_prolif,0,0.05
9.447601890883478e-05,90.05000000000335,IL2,il2_menten_prolif,0,0.05
9.424954832304396e-05,90.06000000000336,IL2,il2_menten_prolif,0,0.05
9.402362063023597e-05,90.07000000000336,IL2,il2_menten_prolif,0,0.05
9.379823452445868e-05,90.08000000000337,IL2,il2_menten_prolif,0,0.05
9.357338870706693e-05,90.09000000000337,IL2,il2_menten_prolif,0,0.05
9.334908188319077e-05,90.10000000000338,IL2,il2_menten_prolif,0,0.05
9.312531276099581e-05,90.11000000000338,IL2,il2_menten_prolif,0,0.05
9.290208005167098e-05,90.12000000000339,IL2,il2_menten_prolif,0,0.05
9.267938246941662e-05,90.13000000000339,IL2,il2_menten_prolif,0,0.05
9.245721873143231e-05,90.1400000000034,IL2,il2_menten_prolif,0,0.05
9.22355875579048e-05,90.1500000000034,IL2,il2_menten_prolif,0,0.05
9.201448767199587e-05,90.16000000000341,IL2,il2_menten_prolif,0,0.05
9.179391779983047e-05,90.17000000000341,IL2,il2_menten_prolif,0,0.05
9.157387667048439e-05,90.18000000000342,IL2,il2_menten_prolif,0,0.05
9.135436301597219e-05,90.19000000000342,IL2,il2_menten_prolif,0,0.05
9.113537557123535e-05,90.20000000000343,IL2,il2_menten_prolif,0,0.05
9.091691307413003e-05,90.21000000000343,IL2,il2_menten_prolif,0,0.05
9.06989742654149e-05,90.22000000000344,IL2,il2_menten_prolif,0,0.05
9.048155788873929e-05,90.23000000000344,IL2,il2_menten_prolif,0,0.05
9.026466269063091e-05,90.24000000000345,IL2,il2_menten_prolif,0,0.05
9.004828742048391e-05,90.25000000000345,IL2,il2_menten_prolif,0,0.05
8.98324308305467e-05,90.26000000000346,IL2,il2_menten_prolif,0,0.05
8.961709167590987e-05,90.27000000000346,IL2,il2_menten_prolif,0,0.05
8.940226871449421e-05,90.28000000000347,IL2,il2_menten_prolif,0,0.05
8.918796070703855e-05,90.29000000000347,IL2,il2_menten_prolif,0,0.05
8.897416641708772e-05,90.30000000000348,IL2,il2_menten_prolif,0,0.05
8.87608846109804e-05,90.31000000000348,IL2,il2_menten_prolif,0,0.05
8.854811405783713e-05,90.32000000000349,IL2,il2_menten_prolif,0,0.05
8.833585352954816e-05,90.3300000000035,IL2,il2_menten_prolif,0,0.05
8.812410180076148e-05,90.3400000000035,IL2,il2_menten_prolif,0,0.05
8.791285764887055e-05,90.3500000000035,IL2,il2_menten_prolif,0,0.05
8.770211985400237e-05,90.36000000000351,IL2,il2_menten_prolif,0,0.05
8.749188719900542e-05,90.37000000000351,IL2,il2_menten_prolif,0,0.05
8.728215846943742e-05,90.38000000000352,IL2,il2_menten_prolif,0,0.05
8.707293246084931e-05,90.39000000000352,IL2,il2_menten_prolif,0,0.05
8.686420798521778e-05,90.40000000000353,IL2,il2_menten_prolif,0,0.05
8.665598384133216e-05,90.41000000000354,IL2,il2_menten_prolif,0,0.05
8.644825882997718e-05,90.42000000000354,IL2,il2_menten_prolif,0,0.05
8.624103175486527e-05,90.43000000000355,IL2,il2_menten_prolif,0,0.05
8.603430142263159e-05,90.44000000000355,IL2,il2_menten_prolif,0,0.05
8.582806664282887e-05,90.45000000000356,IL2,il2_menten_prolif,0,0.05
8.562232622792238e-05,90.46000000000356,IL2,il2_menten_prolif,0,0.05
8.541707899328493e-05,90.47000000000357,IL2,il2_menten_prolif,0,0.05
8.521232375719175e-05,90.48000000000357,IL2,il2_menten_prolif,0,0.05
8.500805934081535e-05,90.49000000000358,IL2,il2_menten_prolif,0,0.05
8.480428456822067e-05,90.50000000000358,IL2,il2_menten_prolif,0,0.05
8.46009982663598e-05,90.51000000000359,IL2,il2_menten_prolif,0,0.05
8.439819926506708e-05,90.52000000000359,IL2,il2_menten_prolif,0,0.05
8.419588639705392e-05,90.5300000000036,IL2,il2_menten_prolif,0,0.05
8.399405849790382e-05,90.5400000000036,IL2,il2_menten_prolif,0,0.05
8.379271440606726e-05,90.5500000000036,IL2,il2_menten_prolif,0,0.05
8.359185296285664e-05,90.56000000000361,IL2,il2_menten_prolif,0,0.05
8.33914730124413e-05,90.57000000000362,IL2,il2_menten_prolif,0,0.05
8.319157340184236e-05,90.58000000000362,IL2,il2_menten_prolif,0,0.05
8.299215298092763e-05,90.59000000000363,IL2,il2_menten_prolif,0,0.05
8.279321060240671e-05,90.60000000000363,IL2,il2_menten_prolif,0,0.05
8.259474512182579e-05,90.61000000000364,IL2,il2_menten_prolif,0,0.05
8.239675539756259e-05,90.62000000000364,IL2,il2_menten_prolif,0,0.05
8.219924029079389e-05,90.63000000000365,IL2,il2_menten_prolif,0,0.05
8.20021986588338e-05,90.64000000000365,IL2,il2_menten_prolif,0,0.05
8.180562936213666e-05,90.65000000000366,IL2,il2_menten_prolif,0,0.05
8.160953126850297e-05,90.66000000000366,IL2,il2_menten_prolif,0,0.05
8.141390324842221e-05,90.67000000000367,IL2,il2_menten_prolif,0,0.05
8.121874417506479e-05,90.68000000000367,IL2,il2_menten_prolif,0,0.05
8.102405292427381e-05,90.69000000000368,IL2,il2_menten_prolif,0,0.05
8.082982837455722e-05,90.70000000000368,IL2,il2_menten_prolif,0,0.05
8.063606940707964e-05,90.71000000000369,IL2,il2_menten_prolif,0,0.05
8.044277490565425e-05,90.7200000000037,IL2,il2_menten_prolif,0,0.05
8.024994375673485e-05,90.7300000000037,IL2,il2_menten_prolif,0,0.05
8.005757484940774e-05,90.7400000000037,IL2,il2_menten_prolif,0,0.05
7.986566707538356e-05,90.75000000000371,IL2,il2_menten_prolif,0,0.05
7.967421932898942e-05,90.76000000000371,IL2,il2_menten_prolif,0,0.05
7.948323050716064e-05,90.77000000000372,IL2,il2_menten_prolif,0,0.05
7.929269950943283e-05,90.78000000000372,IL2,il2_menten_prolif,0,0.05
7.91026252379337e-05,90.79000000000373,IL2,il2_menten_prolif,0,0.05
7.891300659737513e-05,90.80000000000373,IL2,il2_menten_prolif,0,0.05
7.872384249504503e-05,90.81000000000374,IL2,il2_menten_prolif,0,0.05
7.853513184079923e-05,90.82000000000374,IL2,il2_menten_prolif,0,0.05
7.834687354705348e-05,90.83000000000375,IL2,il2_menten_prolif,0,0.05
7.815906652877546e-05,90.84000000000376,IL2,il2_menten_prolif,0,0.05
7.797170970347649e-05,90.85000000000376,IL2,il2_menten_prolif,0,0.05
7.778480199120374e-05,90.86000000000377,IL2,il2_menten_prolif,0,0.05
7.759834231453193e-05,90.87000000000377,IL2,il2_menten_prolif,0,0.05
7.741232959911207e-05,90.88000000000378,IL2,il2_menten_prolif,0,0.05
7.72267627778251e-05,90.89000000000378,IL2,il2_menten_prolif,0,0.05
7.704164078292075e-05,90.90000000000379,IL2,il2_menten_prolif,0,0.05
7.685696254810151e-05,90.91000000000379,IL2,il2_menten_prolif,0,0.05
7.667272700962584e-05,90.9200000000038,IL2,il2_menten_prolif,0,0.05
7.648893310630196e-05,90.9300000000038,IL2,il2_menten_prolif,0,0.05
7.630557977948132e-05,90.9400000000038,IL2,il2_menten_prolif,0,0.05
7.612266597305242e-05,90.95000000000381,IL2,il2_menten_prolif,0,0.05
7.59401906334344e-05,90.96000000000382,IL2,il2_menten_prolif,0,0.05
7.575815270957088e-05,90.97000000000382,IL2,il2_menten_prolif,0,0.05
7.557655115292337e-05,90.98000000000383,IL2,il2_menten_prolif,0,0.05
7.53953849174652e-05,90.99000000000383,IL2,il2_menten_prolif,0,0.05
7.521465295967514e-05,91.00000000000384,IL2,il2_menten_prolif,0,0.05
7.503435423853092e-05,91.01000000000384,IL2,il2_menten_prolif,0,0.05
7.48544877155031e-05,91.02000000000385,IL2,il2_menten_prolif,0,0.05
7.467505235454863e-05,91.03000000000385,IL2,il2_menten_prolif,0,0.05
7.449604712210463e-05,91.04000000000386,IL2,il2_menten_prolif,0,0.05
7.431747098708191e-05,91.05000000000386,IL2,il2_menten_prolif,0,0.05
7.413932292085887e-05,91.06000000000387,IL2,il2_menten_prolif,0,0.05
7.396160189727495e-05,91.07000000000387,IL2,il2_menten_prolif,0,0.05
7.378430689262443e-05,91.08000000000388,IL2,il2_menten_prolif,0,0.05
7.360743688565016e-05,91.09000000000388,IL2,il2_menten_prolif,0,0.05
7.343099085753706e-05,91.10000000000389,IL2,il2_menten_prolif,0,0.05
7.325496779190597e-05,91.1100000000039,IL2,il2_menten_prolif,0,0.05
7.307936667480723e-05,91.1200000000039,IL2,il2_menten_prolif,0,0.05
7.29041864948868e-05,91.1300000000039,IL2,il2_menten_prolif,0,0.05
7.272942624350677e-05,91.14000000000391,IL2,il2_menten_prolif,0,0.05
7.255508491408293e-05,91.15000000000391,IL2,il2_menten_prolif,0,0.05
7.238116150242252e-05,91.16000000000392,IL2,il2_menten_prolif,0,0.05
7.220765500673705e-05,91.17000000000392,IL2,il2_menten_prolif,0,0.05
7.20345644276361e-05,91.18000000000393,IL2,il2_menten_prolif,0,0.05
7.186188876812109e-05,91.19000000000393,IL2,il2_menten_prolif,0,0.05
7.168962703357924e-05,91.20000000000394,IL2,il2_menten_prolif,0,0.05
7.151777823177724e-05,91.21000000000394,IL2,il2_menten_prolif,0,0.05
7.13463413728553e-05,91.22000000000395,IL2,il2_menten_prolif,0,0.05
7.117531546932077e-05,91.23000000000395,IL2,il2_menten_prolif,0,0.05
7.100469953604213e-05,91.24000000000396,IL2,il2_menten_prolif,0,0.05
7.083449259024276e-05,91.25000000000396,IL2,il2_menten_prolif,0,0.05
7.066469365149478e-05,91.26000000000397,IL2,il2_menten_prolif,0,0.05
7.049530174171292e-05,91.27000000000398,IL2,il2_menten_prolif,0,0.05
7.032631588514828e-05,91.28000000000398,IL2,il2_menten_prolif,0,0.05
7.015773510838223e-05,91.29000000000399,IL2,il2_menten_prolif,0,0.05
6.998955844032034e-05,91.30000000000399,IL2,il2_menten_prolif,0,0.05
6.982178491218593e-05,91.310000000004,IL2,il2_menten_prolif,0,0.05
6.965441355751421e-05,91.320000000004,IL2,il2_menten_prolif,0,0.05
6.948744341214597e-05,91.330000000004,IL2,il2_menten_prolif,0,0.05
6.93208735142214e-05,91.34000000000401,IL2,il2_menten_prolif,0,0.05
6.915470290417402e-05,91.35000000000402,IL2,il2_menten_prolif,0,0.05
6.898893062472439e-05,91.36000000000402,IL2,il2_menten_prolif,0,0.05
6.882355572087888e-05,91.37000000000403,IL2,il2_menten_prolif,0,0.05
6.86585772406809e-05,91.38000000000403,IL2,il2_menten_prolif,0,0.05
6.849399423437122e-05,91.39000000000404,IL2,il2_menten_prolif,0,0.05
6.83298057539641e-05,91.40000000000404,IL2,il2_menten_prolif,0,0.05
6.816601085374332e-05,91.41000000000405,IL2,il2_menten_prolif,0,0.05
6.80026085902561e-05,91.42000000000405,IL2,il2_menten_prolif,0,0.05
6.783959802230747e-05,91.43000000000406,IL2,il2_menten_prolif,0,0.05
6.76769782109543e-05,91.44000000000406,IL2,il2_menten_prolif,0,0.05
6.751474821949957e-05,91.45000000000407,IL2,il2_menten_prolif,0,0.05
6.73529071134865e-05,91.46000000000407,IL2,il2_menten_prolif,0,0.05
6.719145396069269e-05,91.47000000000408,IL2,il2_menten_prolif,0,0.05
6.703038783112435e-05,91.48000000000408,IL2,il2_menten_prolif,0,0.05
6.686970779701048e-05,91.49000000000409,IL2,il2_menten_prolif,0,0.05
6.670941293279693e-05,91.50000000000409,IL2,il2_menten_prolif,0,0.05
6.654950231514074e-05,91.5100000000041,IL2,il2_menten_prolif,0,0.05
6.638997502290411e-05,91.5200000000041,IL2,il2_menten_prolif,0,0.05
6.62308301371488e-05,91.53000000000411,IL2,il2_menten_prolif,0,0.05
6.607206674113008e-05,91.54000000000411,IL2,il2_menten_prolif,0,0.05
6.59136839202911e-05,91.55000000000412,IL2,il2_menten_prolif,0,0.05
6.575568076225688e-05,91.56000000000412,IL2,il2_menten_prolif,0,0.05
6.559805635682862e-05,91.57000000000413,IL2,il2_menten_prolif,0,0.05
6.54408097959778e-05,91.58000000000413,IL2,il2_menten_prolif,0,0.05
6.528394017384037e-05,91.59000000000414,IL2,il2_menten_prolif,0,0.05
6.512744658671092e-05,91.60000000000414,IL2,il2_menten_prolif,0,0.05
6.497132813303684e-05,91.61000000000415,IL2,il2_menten_prolif,0,0.05
6.481558391345419e-05,91.62000000000415,IL2,il2_menten_prolif,0,0.05
6.466021303114366e-05,91.63000000000416,IL2,il2_menten_prolif,0,0.05
6.450521459137733e-05,91.64000000000416,IL2,il2_menten_prolif,0,0.05
6.435058770158148e-05,91.65000000000417,IL2,il2_menten_prolif,0,0.05
6.419633147140125e-05,91.66000000000417,IL2,il2_menten_prolif,0,0.05
6.404244501270325e-05,91.67000000000418,IL2,il2_menten_prolif,0,0.05
6.388892743940827e-05,91.68000000000418,IL2,il2_menten_prolif,0,0.05
6.373577786684658e-05,91.69000000000419,IL2,il2_menten_prolif,0,0.05
6.358299541277907e-05,91.7000000000042,IL2,il2_menten_prolif,0,0.05
6.343057919708512e-05,91.7100000000042,IL2,il2_menten_prolif,0,0.05
6.327852834168201e-05,91.7200000000042,IL2,il2_menten_prolif,0,0.05
6.312684197051022e-05,91.73000000000421,IL2,il2_menten_prolif,0,0.05
6.297551920973251e-05,91.74000000000422,IL2,il2_menten_prolif,0,0.05
6.282455918804483e-05,91.75000000000422,IL2,il2_menten_prolif,0,0.05
6.267396103594084e-05,91.76000000000423,IL2,il2_menten_prolif,0,0.05
6.252372388599586e-05,91.77000000000423,IL2,il2_menten_prolif,0,0.05
6.237384687288281e-05,91.78000000000424,IL2,il2_menten_prolif,0,0.05
6.222432913337037e-05,91.79000000000424,IL2,il2_menten_prolif,0,0.05
6.207516980623909e-05,91.80000000000425,IL2,il2_menten_prolif,0,0.05
6.19263680322594e-05,91.81000000000425,IL2,il2_menten_prolif,0,0.05
6.177792295433214e-05,91.82000000000426,IL2,il2_menten_prolif,0,0.05
6.162983371741268e-05,91.83000000000426,IL2,il2_menten_prolif,0,0.05
6.148209946850553e-05,91.84000000000427,IL2,il2_menten_prolif,0,0.05
6.133471935665927e-05,91.85000000000427,IL2,il2_menten_prolif,0,0.05
6.118769253296502e-05,91.86000000000428,IL2,il2_menten_prolif,0,0.05
6.104101815054965e-05,91.87000000000428,IL2,il2_menten_prolif,0,0.05
6.089469536456828e-05,91.88000000000429,IL2,il2_menten_prolif,0,0.05
6.0748723332200914e-05,91.89000000000429,IL2,il2_menten_prolif,0,0.05
6.0603101212647545e-05,91.9000000000043,IL2,il2_menten_prolif,0,0.05
6.0457828166904175e-05,91.9100000000043,IL2,il2_menten_prolif,0,0.05
6.0312903358775047e-05,91.92000000000431,IL2,il2_menten_prolif,0,0.05
6.0168325953056915e-05,91.93000000000431,IL2,il2_menten_prolif,0,0.05
6.0024095117024656e-05,91.94000000000432,IL2,il2_menten_prolif,0,0.05
5.9880210019931556e-05,91.95000000000432,IL2,il2_menten_prolif,0,0.05
5.9736669833009424e-05,91.96000000000433,IL2,il2_menten_prolif,0,0.05
5.9593473729466527e-05,91.97000000000433,IL2,il2_menten_prolif,0,0.05
5.945062088447088e-05,91.98000000000434,IL2,il2_menten_prolif,0,0.05
5.9308110475176366e-05,91.99000000000434,IL2,il2_menten_prolif,0,0.05
5.916594168071766e-05,92.00000000000435,IL2,il2_menten_prolif,0,0.05
5.902411368220666e-05,92.01000000000435,IL2,il2_menten_prolif,0,0.05
5.8882625662732645e-05,92.02000000000436,IL2,il2_menten_prolif,0,0.05
5.874147680736217e-05,92.03000000000436,IL2,il2_menten_prolif,0,0.05
5.86006663031391e-05,92.04000000000437,IL2,il2_menten_prolif,0,0.05
5.846019333892844e-05,92.05000000000437,IL2,il2_menten_prolif,0,0.05
5.832005710543259e-05,92.06000000000438,IL2,il2_menten_prolif,0,0.05
5.8180256795472096e-05,92.07000000000438,IL2,il2_menten_prolif,0,0.05
5.8040791603828406e-05,92.08000000000439,IL2,il2_menten_prolif,0,0.05
5.790166072724298e-05,92.0900000000044,IL2,il2_menten_prolif,0,0.05
5.776286336441726e-05,92.1000000000044,IL2,il2_menten_prolif,0,0.05
5.762439871601275e-05,92.1100000000044,IL2,il2_menten_prolif,0,0.05
5.7486265984591115e-05,92.12000000000441,IL2,il2_menten_prolif,0,0.05
5.7348464374149506e-05,92.13000000000442,IL2,il2_menten_prolif,0,0.05
5.721099309085119e-05,92.14000000000442,IL2,il2_menten_prolif,0,0.05
5.7073851342882164e-05,92.15000000000443,IL2,il2_menten_prolif,0,0.05
5.6937038340354865e-05,92.16000000000443,IL2,il2_menten_prolif,0,0.05
5.6800553295308304e-05,92.17000000000444,IL2,il2_menten_prolif,0,0.05
5.6664395421708016e-05,92.18000000000444,IL2,il2_menten_prolif,0,0.05
5.6528563935446055e-05,92.19000000000445,IL2,il2_menten_prolif,0,0.05
5.639305805403074e-05,92.20000000000445,IL2,il2_menten_prolif,0,0.05
5.625787699661921e-05,92.21000000000446,IL2,il2_menten_prolif,0,0.05
5.612301998457471e-05,92.22000000000446,IL2,il2_menten_prolif,0,0.05
5.5988486241154416e-05,92.23000000000447,IL2,il2_menten_prolif,0,0.05
5.585427499150767e-05,92.24000000000447,IL2,il2_menten_prolif,0,0.05
5.572038546267602e-05,92.25000000000448,IL2,il2_menten_prolif,0,0.05
5.5586816883593124e-05,92.26000000000448,IL2,il2_menten_prolif,0,0.05
5.54535682909579e-05,92.27000000000449,IL2,il2_menten_prolif,0,0.05
5.532063939360023e-05,92.28000000000449,IL2,il2_menten_prolif,0,0.05
5.51880291086618e-05,92.2900000000045,IL2,il2_menten_prolif,0,0.05
5.505573668268838e-05,92.3000000000045,IL2,il2_menten_prolif,0,0.05
5.492376136222583e-05,92.31000000000451,IL2,il2_menten_prolif,0,0.05
5.479210239381992e-05,92.32000000000451,IL2,il2_menten_prolif,0,0.05
5.4660759024016445e-05,92.33000000000452,IL2,il2_menten_prolif,0,0.05
5.452973049936124e-05,92.34000000000452,IL2,il2_menten_prolif,0,0.05
5.439901607177919e-05,92.35000000000453,IL2,il2_menten_prolif,0,0.05
5.4268614996575356e-05,92.36000000000453,IL2,il2_menten_prolif,0,0.05
5.413852652290201e-05,92.37000000000454,IL2,il2_menten_prolif,0,0.05
5.4008749899877955e-05,92.38000000000454,IL2,il2_menten_prolif,0,0.05
5.3879284376622e-05,92.39000000000455,IL2,il2_menten_prolif,0,0.05
5.375012920225296e-05,92.40000000000455,IL2,il2_menten_prolif,0,0.05
5.362128362588965e-05,92.41000000000456,IL2,il2_menten_prolif,0,0.05
5.3492746896650887e-05,92.42000000000456,IL2,il2_menten_prolif,0,0.05
5.336451826365546e-05,92.43000000000457,IL2,il2_menten_prolif,0,0.05
5.3236596994859624e-05,92.44000000000457,IL2,il2_menten_prolif,0,0.05
5.310898239120064e-05,92.45000000000458,IL2,il2_menten_prolif,0,0.05
5.2981673717151166e-05,92.46000000000458,IL2,il2_menten_prolif,0,0.05
5.285467023539361e-05,92.47000000000459,IL2,il2_menten_prolif,0,0.05
5.2727971208610427e-05,92.4800000000046,IL2,il2_menten_prolif,0,0.05
5.260157589948405e-05,92.4900000000046,IL2,il2_menten_prolif,0,0.05
5.247548357069689e-05,92.5000000000046,IL2,il2_menten_prolif,0,0.05
5.234969348493141e-05,92.51000000000461,IL2,il2_menten_prolif,0,0.05
5.222420490487e-05,92.52000000000461,IL2,il2_menten_prolif,0,0.05
5.2099017106604236e-05,92.53000000000462,IL2,il2_menten_prolif,0,0.05
5.19741294164969e-05,92.54000000000462,IL2,il2_menten_prolif,0,0.05
5.184954111924491e-05,92.55000000000463,IL2,il2_menten_prolif,0,0.05
5.17252514935811e-05,92.56000000000464,IL2,il2_menten_prolif,0,0.05
5.160125981823832e-05,92.57000000000464,IL2,il2_menten_prolif,0,0.05
5.1477565371949434e-05,92.58000000000465,IL2,il2_menten_prolif,0,0.05
5.1354167433447285e-05,92.59000000000465,IL2,il2_menten_prolif,0,0.05
5.123106528146472e-05,92.60000000000466,IL2,il2_menten_prolif,0,0.05
5.1108258194734594e-05,92.61000000000466,IL2,il2_menten_prolif,0,0.05
5.0985745875332804e-05,92.62000000000467,IL2,il2_menten_prolif,0,0.05
5.086352666881409e-05,92.63000000000467,IL2,il2_menten_prolif,0,0.05
5.07416005094889e-05,92.64000000000468,IL2,il2_menten_prolif,0,0.05
5.061996667938503e-05,92.65000000000468,IL2,il2_menten_prolif,0,0.05
5.0498624462242404e-05,92.66000000000469,IL2,il2_menten_prolif,0,0.05
5.0377573143513005e-05,92.67000000000469,IL2,il2_menten_prolif,0,0.05
5.0256812010360943e-05,92.6800000000047,IL2,il2_menten_prolif,0,0.05
5.013634035166234e-05,92.6900000000047,IL2,il2_menten_prolif,0,0.05
5.00161574580055e-05,92.7000000000047,IL2,il2_menten_prolif,0,0.05
4.989626262386089e-05,92.71000000000471,IL2,il2_menten_prolif,0,0.05
4.9776655191015034e-05,92.72000000000472,IL2,il2_menten_prolif,0,0.05
4.965733448250269e-05,92.73000000000472,IL2,il2_menten_prolif,0,0.05
4.953829980649877e-05,92.74000000000473,IL2,il2_menten_prolif,0,0.05
4.9419550473392755e-05,92.75000000000473,IL2,il2_menten_prolif,0,0.05
4.930108579578876e-05,92.76000000000474,IL2,il2_menten_prolif,0,0.05
4.9182905088505544e-05,92.77000000000474,IL2,il2_menten_prolif,0,0.05
4.9065007668576486e-05,92.78000000000475,IL2,il2_menten_prolif,0,0.05
4.894739285524957e-05,92.79000000000475,IL2,il2_menten_prolif,0,0.05
4.883005996998738e-05,92.80000000000476,IL2,il2_menten_prolif,0,0.05
4.871300833646721e-05,92.81000000000476,IL2,il2_menten_prolif,0,0.05
4.859623728058088e-05,92.82000000000477,IL2,il2_menten_prolif,0,0.05
4.847974613043487e-05,92.83000000000477,IL2,il2_menten_prolif,0,0.05
4.8363534216350326e-05,92.84000000000478,IL2,il2_menten_prolif,0,0.05
4.824760087086294e-05,92.85000000000478,IL2,il2_menten_prolif,0,0.05
4.813194542872309e-05,92.86000000000479,IL2,il2_menten_prolif,0,0.05
4.8016567226895725e-05,92.8700000000048,IL2,il2_menten_prolif,0,0.05
4.790146560456047e-05,92.8800000000048,IL2,il2_menten_prolif,0,0.05
4.778663990311154e-05,92.8900000000048,IL2,il2_menten_prolif,0,0.05
4.7672089466157776e-05,92.90000000000481,IL2,il2_menten_prolif,0,0.05
4.755781363063373e-05,92.91000000000481,IL2,il2_menten_prolif,0,0.05
4.744381171079045e-05,92.92000000000482,IL2,il2_menten_prolif,0,0.05
4.733008304773752e-05,92.93000000000482,IL2,il2_menten_prolif,0,0.05
4.7216626986979916e-05,92.94000000000483,IL2,il2_menten_prolif,0,0.05
4.710344287591726e-05,92.95000000000483,IL2,il2_menten_prolif,0,0.05
4.699053006384379e-05,92.96000000000484,IL2,il2_menten_prolif,0,0.05
4.687788790194837e-05,92.97000000000484,IL2,il2_menten_prolif,0,0.05
4.676551574331449e-05,92.98000000000485,IL2,il2_menten_prolif,0,0.05
4.6653412942920285e-05,92.99000000000485,IL2,il2_menten_prolif,0,0.05
4.654157885763855e-05,93.00000000000486,IL2,il2_menten_prolif,0,0.05
4.643001284623661e-05,93.01000000000487,IL2,il2_menten_prolif,0,0.05
4.631871426937654e-05,93.02000000000487,IL2,il2_menten_prolif,0,0.05
4.6207682489614993e-05,93.03000000000488,IL2,il2_menten_prolif,0,0.05
4.609691687140321e-05,93.04000000000488,IL2,il2_menten_prolif,0,0.05
4.598641678108713e-05,93.05000000000489,IL2,il2_menten_prolif,0,0.05
4.58761815869073e-05,93.06000000000489,IL2,il2_menten_prolif,0,0.05
4.576621065899888e-05,93.0700000000049,IL2,il2_menten_prolif,0,0.05
4.5656503369391686e-05,93.0800000000049,IL2,il2_menten_prolif,0,0.05
4.554705909201014e-05,93.0900000000049,IL2,il2_menten_prolif,0,0.05
4.543787720264171e-05,93.10000000000491,IL2,il2_menten_prolif,0,0.05
4.532895705347875e-05,93.11000000000492,IL2,il2_menten_prolif,0,0.05
4.522029799711091e-05,93.12000000000492,IL2,il2_menten_prolif,0,0.05
4.5111899407587234e-05,93.13000000000493,IL2,il2_menten_prolif,0,0.05
4.5003760660498953e-05,93.14000000000493,IL2,il2_menten_prolif,0,0.05
4.489588113297944e-05,93.15000000000494,IL2,il2_menten_prolif,0,0.05
4.478826020370425e-05,93.16000000000494,IL2,il2_menten_prolif,0,0.05
4.4680897252891085e-05,93.17000000000495,IL2,il2_menten_prolif,0,0.05
4.4573791662299824e-05,93.18000000000495,IL2,il2_menten_prolif,0,0.05
4.4466942815232485e-05,93.19000000000496,IL2,il2_menten_prolif,0,0.05
4.4360350096533255e-05,93.20000000000496,IL2,il2_menten_prolif,0,0.05
4.425401289258848e-05,93.21000000000497,IL2,il2_menten_prolif,0,0.05
4.414793059132668e-05,93.22000000000497,IL2,il2_menten_prolif,0,0.05
4.404210258221853e-05,93.23000000000498,IL2,il2_menten_prolif,0,0.05
4.393652825627686e-05,93.24000000000498,IL2,il2_menten_prolif,0,0.05
4.383120700605667e-05,93.25000000000499,IL2,il2_menten_prolif,0,0.05
4.372613822565512e-05,93.260000000005,IL2,il2_menten_prolif,0,0.05
4.362132131071152e-05,93.270000000005,IL2,il2_menten_prolif,0,0.05
4.351675565840733e-05,93.280000000005,IL2,il2_menten_prolif,0,0.05
4.341244066746622e-05,93.29000000000501,IL2,il2_menten_prolif,0,0.05
4.3308375737336155e-05,93.30000000000501,IL2,il2_menten_prolif,0,0.05
4.3204560262683166e-05,93.31000000000502,IL2,il2_menten_prolif,0,0.05
4.310099364405472e-05,93.32000000000502,IL2,il2_menten_prolif,0,0.05
4.299767528486929e-05,93.33000000000503,IL2,il2_menten_prolif,0,0.05
4.289460459001907e-05,93.34000000000503,IL2,il2_menten_prolif,0,0.05
4.279178096587001e-05,93.35000000000504,IL2,il2_menten_prolif,0,0.05
4.268920382026177e-05,93.36000000000504,IL2,il2_menten_prolif,0,0.05
4.258687256250776e-05,93.37000000000505,IL2,il2_menten_prolif,0,0.05
4.248478660339511e-05,93.38000000000505,IL2,il2_menten_prolif,0,0.05
4.2382945355184686e-05,93.39000000000506,IL2,il2_menten_prolif,0,0.05
4.228134823161108e-05,93.40000000000506,IL2,il2_menten_prolif,0,0.05
4.21799946478826e-05,93.41000000000507,IL2,il2_menten_prolif,0,0.05
4.207888402068134e-05,93.42000000000507,IL2,il2_menten_prolif,0,0.05
4.197801576816306e-05,93.43000000000508,IL2,il2_menten_prolif,0,0.05
4.1877389309957284e-05,93.44000000000509,IL2,il2_menten_prolif,0,0.05
4.1777004067167274e-05,93.45000000000509,IL2,il2_menten_prolif,0,0.05
4.167685946236998e-05,93.4600000000051,IL2,il2_menten_prolif,0,0.05
4.157695491961614e-05,93.4700000000051,IL2,il2_menten_prolif,0,0.05
4.14772898644302e-05,93.4800000000051,IL2,il2_menten_prolif,0,0.05
4.1377863723810315e-05,93.49000000000511,IL2,il2_menten_prolif,0,0.05
4.127867599119585e-05,93.50000000000512,IL2,il2_menten_prolif,0,0.05
4.117972593755743e-05,93.51000000000512,IL2,il2_menten_prolif,0,0.05
4.108101308029356e-05,93.52000000000513,IL2,il2_menten_prolif,0,0.05
4.0982536850279375e-05,93.53000000000513,IL2,il2_menten_prolif,0,0.05
4.0884296679853926e-05,93.54000000000514,IL2,il2_menten_prolif,0,0.05
4.0786292002816734e-05,93.55000000000514,IL2,il2_menten_prolif,0,0.05
4.0688522254424264e-05,93.56000000000515,IL2,il2_menten_prolif,0,0.05
4.059098687138648e-05,93.57000000000515,IL2,il2_menten_prolif,0,0.05
4.049368529186329e-05,93.58000000000516,IL2,il2_menten_prolif,0,0.05
4.03966169554612e-05,93.59000000000516,IL2,il2_menten_prolif,0,0.05
4.029978130322966e-05,93.60000000000517,IL2,il2_menten_prolif,0,0.05
4.0203177777657776e-05,93.61000000000517,IL2,il2_menten_prolif,0,0.05
4.010680582267067e-05,93.62000000000518,IL2,il2_menten_prolif,0,0.05
4.0010664883626046e-05,93.63000000000518,IL2,il2_menten_prolif,0,0.05
3.991475440731074e-05,93.64000000000519,IL2,il2_menten_prolif,0,0.05
3.981907384193721e-05,93.65000000000519,IL2,il2_menten_prolif,0,0.05
3.972362263714008e-05,93.6600000000052,IL2,il2_menten_prolif,0,0.05
3.962840024397262e-05,93.6700000000052,IL2,il2_menten_prolif,0,0.05
3.953340611490329e-05,93.68000000000521,IL2,il2_menten_prolif,0,0.05
3.9438639703584996e-05,93.69000000000521,IL2,il2_menten_prolif,0,0.05
3.934410045795155e-05,93.70000000000522,IL2,il2_menten_prolif,0,0.05
3.9249787830251235e-05,93.71000000000522,IL2,il2_menten_prolif,0,0.05
3.915570127729787e-05,93.72000000000523,IL2,il2_menten_prolif,0,0.05
3.906184025724168e-05,93.73000000000523,IL2,il2_menten_prolif,0,0.05
3.896820422956468e-05,93.74000000000524,IL2,il2_menten_prolif,0,0.05
3.8874792655075956e-05,93.75000000000524,IL2,il2_menten_prolif,0,0.05
3.878160499590702e-05,93.76000000000525,IL2,il2_menten_prolif,0,0.05
3.8688640715507105e-05,93.77000000000525,IL2,il2_menten_prolif,0,0.05
3.859589927863854e-05,93.78000000000526,IL2,il2_menten_prolif,0,0.05
3.850338015137203e-05,93.79000000000526,IL2,il2_menten_prolif,0,0.05
3.841108280108203e-05,93.80000000000527,IL2,il2_menten_prolif,0,0.05
3.831900669644201e-05,93.81000000000527,IL2,il2_menten_prolif,0,0.05
3.822715130741984e-05,93.82000000000528,IL2,il2_menten_prolif,0,0.05
3.8135516105273075e-05,93.83000000000528,IL2,il2_menten_prolif,0,0.05
3.804410056254434e-05,93.84000000000529,IL2,il2_menten_prolif,0,0.05
3.795290415305656e-05,93.8500000000053,IL2,il2_menten_prolif,0,0.05
3.78619263519084e-05,93.8600000000053,IL2,il2_menten_prolif,0,0.05
3.777116663546949e-05,93.8700000000053,IL2,il2_menten_prolif,0,0.05
3.768062448137583e-05,93.88000000000531,IL2,il2_menten_prolif,0,0.05
3.7590299368525084e-05,93.89000000000532,IL2,il2_menten_prolif,0,0.05
3.750019077707188e-05,93.90000000000532,IL2,il2_menten_prolif,0,0.05
3.7410298188423195e-05,93.91000000000533,IL2,il2_menten_prolif,0,0.05
3.7320621085233646e-05,93.92000000000533,IL2,il2_menten_prolif,0,0.05
3.72311589514008e-05,93.93000000000534,IL2,il2_menten_prolif,0,0.05
3.714191127206055e-05,93.94000000000534,IL2,il2_menten_prolif,0,0.05
3.705287753358242e-05,93.95000000000535,IL2,il2_menten_prolif,0,0.05
3.6964057223564856e-05,93.96000000000535,IL2,il2_menten_prolif,0,0.05
3.687544983083061e-05,93.97000000000536,IL2,il2_menten_prolif,0,0.05
3.6787054845422026e-05,93.98000000000536,IL2,il2_menten_prolif,0,0.05
3.6698871758596415e-05,93.99000000000537,IL2,il2_menten_prolif,0,0.05
3.6610900062821295e-05,94.00000000000537,IL2,il2_menten_prolif,0,0.05
3.652313925176981e-05,94.01000000000538,IL2,il2_menten_prolif,0,0.05
3.643558882020261e-05,94.02000000000538,IL2,il2_menten_prolif,0,0.05
3.6348248262865776e-05,94.03000000000539,IL2,il2_menten_prolif,0,0.05
3.626111707648363e-05,94.04000000000539,IL2,il2_menten_prolif,0,0.05
3.6174194759296455e-05,94.0500000000054,IL2,il2_menten_prolif,0,0.05
3.60874808107168e-05,94.0600000000054,IL2,il2_menten_prolif,0,0.05
3.600097473132463e-05,94.07000000000541,IL2,il2_menten_prolif,0,0.05
3.591467602286246e-05,94.08000000000541,IL2,il2_menten_prolif,0,0.05
3.582858418823048e-05,94.09000000000542,IL2,il2_menten_prolif,0,0.05
3.57426987314817e-05,94.10000000000542,IL2,il2_menten_prolif,0,0.05
3.565701915781711e-05,94.11000000000543,IL2,il2_menten_prolif,0,0.05
3.5571544973580723e-05,94.12000000000543,IL2,il2_menten_prolif,0,0.05
3.5486275686254816e-05,94.13000000000544,IL2,il2_menten_prolif,0,0.05
3.540121080445501e-05,94.14000000000544,IL2,il2_menten_prolif,0,0.05
3.5316349837925405e-05,94.15000000000545,IL2,il2_menten_prolif,0,0.05
3.523169229753373e-05,94.16000000000545,IL2,il2_menten_prolif,0,0.05
3.5147237695266465e-05,94.17000000000546,IL2,il2_menten_prolif,0,0.05
3.506298554422401e-05,94.18000000000546,IL2,il2_menten_prolif,0,0.05
3.497893535861573e-05,94.19000000000547,IL2,il2_menten_prolif,0,0.05
3.48950866537552e-05,94.20000000000547,IL2,il2_menten_prolif,0,0.05
3.4811438946055274e-05,94.21000000000548,IL2,il2_menten_prolif,0,0.05
3.472799175302323e-05,94.22000000000548,IL2,il2_menten_prolif,0,0.05
3.464474459325591e-05,94.23000000000549,IL2,il2_menten_prolif,0,0.05
3.4561696986434845e-05,94.2400000000055,IL2,il2_menten_prolif,0,0.05
3.447884845332141e-05,94.2500000000055,IL2,il2_menten_prolif,0,0.05
3.439619851575194e-05,94.2600000000055,IL2,il2_menten_prolif,0,0.05
3.431374669663285e-05,94.27000000000551,IL2,il2_menten_prolif,0,0.05
3.423149251993584e-05,94.28000000000551,IL2,il2_menten_prolif,0,0.05
3.414943551069291e-05,94.29000000000552,IL2,il2_menten_prolif,0,0.05
3.406757519499162e-05,94.30000000000553,IL2,il2_menten_prolif,0,0.05
3.3985911099970135e-05,94.31000000000553,IL2,il2_menten_prolif,0,0.05
3.3904442753812386e-05,94.32000000000554,IL2,il2_menten_prolif,0,0.05
3.3823169685743244e-05,94.33000000000554,IL2,il2_menten_prolif,0,0.05
3.374209142602358e-05,94.34000000000555,IL2,il2_menten_prolif,0,0.05
3.3661207567367017e-05,94.35000000000555,IL2,il2_menten_prolif,0,0.05
3.358051765266546e-05,94.36000000000556,IL2,il2_menten_prolif,0,0.05
3.3500021164054675e-05,94.37000000000556,IL2,il2_menten_prolif,0,0.05
3.341971763753208e-05,94.38000000000557,IL2,il2_menten_prolif,0,0.05
3.333960661017687e-05,94.39000000000557,IL2,il2_menten_prolif,0,0.05
3.325968762014634e-05,94.40000000000558,IL2,il2_menten_prolif,0,0.05
3.317996020667246e-05,94.41000000000558,IL2,il2_menten_prolif,0,0.05
3.310042391005821e-05,94.42000000000559,IL2,il2_menten_prolif,0,0.05
3.302107827167402e-05,94.43000000000559,IL2,il2_menten_prolif,0,0.05
3.294192283395425e-05,94.4400000000056,IL2,il2_menten_prolif,0,0.05
3.286295714039358e-05,94.4500000000056,IL2,il2_menten_prolif,0,0.05
3.2784180735543464e-05,94.4600000000056,IL2,il2_menten_prolif,0,0.05
3.270559316500855e-05,94.47000000000561,IL2,il2_menten_prolif,0,0.05
3.262719397544309e-05,94.48000000000562,IL2,il2_menten_prolif,0,0.05
3.254898271454742e-05,94.49000000000562,IL2,il2_menten_prolif,0,0.05
3.2470958931064355e-05,94.50000000000563,IL2,il2_menten_prolif,0,0.05
3.2393122174775626e-05,94.51000000000563,IL2,il2_menten_prolif,0,0.05
3.231547199649833e-05,94.52000000000564,IL2,il2_menten_prolif,0,0.05
3.223800794808133e-05,94.53000000000564,IL2,il2_menten_prolif,0,0.05
3.2160729582401726e-05,94.54000000000565,IL2,il2_menten_prolif,0,0.05
3.208363645336124e-05,94.55000000000565,IL2,il2_menten_prolif,0,0.05
3.2006728115882696e-05,94.56000000000566,IL2,il2_menten_prolif,0,0.05
3.193000412590642e-05,94.57000000000566,IL2,il2_menten_prolif,0,0.05
3.185346404038667e-05,94.58000000000567,IL2,il2_menten_prolif,0,0.05
3.1777107417288075e-05,94.59000000000567,IL2,il2_menten_prolif,0,0.05
3.170093381558208e-05,94.60000000000568,IL2,il2_menten_prolif,0,0.05
3.162494286946519e-05,94.61000000000568,IL2,il2_menten_prolif,0,0.05
3.1549134100181696e-05,94.62000000000569,IL2,il2_menten_prolif,0,0.05
3.147350705183452e-05,94.6300000000057,IL2,il2_menten_prolif,0,0.05
3.1398061288686806e-05,94.6400000000057,IL2,il2_menten_prolif,0,0.05
3.132279637604576e-05,94.6500000000057,IL2,il2_menten_prolif,0,0.05
3.1247711880260165e-05,94.66000000000571,IL2,il2_menten_prolif,0,0.05
3.117280736871778e-05,94.67000000000571,IL2,il2_menten_prolif,0,0.05
3.1098082409842825e-05,94.68000000000572,IL2,il2_menten_prolif,0,0.05
3.1023536573093416e-05,94.69000000000572,IL2,il2_menten_prolif,0,0.05
3.094916942895897e-05,94.70000000000573,IL2,il2_menten_prolif,0,0.05
3.0874980548957754e-05,94.71000000000573,IL2,il2_menten_prolif,0,0.05
3.080096950563421e-05,94.72000000000574,IL2,il2_menten_prolif,0,0.05
3.072713587255651e-05,94.73000000000575,IL2,il2_menten_prolif,0,0.05
3.065347922431392e-05,94.74000000000575,IL2,il2_menten_prolif,0,0.05
3.0579999136514294e-05,94.75000000000576,IL2,il2_menten_prolif,0,0.05
3.0506695185781536e-05,94.76000000000576,IL2,il2_menten_prolif,0,0.05
3.0433566949753005e-05,94.77000000000577,IL2,il2_menten_prolif,0,0.05
3.0360614007076974e-05,94.78000000000577,IL2,il2_menten_prolif,0,0.05
3.0287835937410106e-05,94.79000000000578,IL2,il2_menten_prolif,0,0.05
3.0215232321414867e-05,94.80000000000578,IL2,il2_menten_prolif,0,0.05
3.0142802740756995e-05,94.81000000000579,IL2,il2_menten_prolif,0,0.05
3.0070546778102933e-05,94.82000000000579,IL2,il2_menten_prolif,0,0.05
2.999846401711729e-05,94.8300000000058,IL2,il2_menten_prolif,0,0.05
2.9926554042460298e-05,94.8400000000058,IL2,il2_menten_prolif,0,0.05
2.985481643978523e-05,94.8500000000058,IL2,il2_menten_prolif,0,0.05
2.978325079653242e-05,94.86000000000581,IL2,il2_menten_prolif,0,0.05
2.971185671758165e-05,94.87000000000582,IL2,il2_menten_prolif,0,0.05
2.964063377654665e-05,94.88000000000582,IL2,il2_menten_prolif,0,0.05
2.95695815632715e-05,94.89000000000583,IL2,il2_menten_prolif,0,0.05
2.949869966859107e-05,94.90000000000583,IL2,il2_menten_prolif,0,0.05
2.9427987684328738e-05,94.91000000000584,IL2,il2_menten_prolif,0,0.05
2.935744520329398e-05,94.92000000000584,IL2,il2_menten_prolif,0,0.05
2.928707181928007e-05,94.93000000000585,IL2,il2_menten_prolif,0,0.05
2.9216867127061628e-05,94.94000000000585,IL2,il2_menten_prolif,0,0.05
2.9146830722392394e-05,94.95000000000586,IL2,il2_menten_prolif,0,0.05
2.9076962202002778e-05,94.96000000000586,IL2,il2_menten_prolif,0,0.05
2.9007261163597515e-05,94.97000000000587,IL2,il2_menten_prolif,0,0.05
2.8937727205853356e-05,94.98000000000587,IL2,il2_menten_prolif,0,0.05
2.8868359928416666e-05,94.99000000000588,IL2,il2_menten_prolif,0,0.05
2.8799158931901094e-05,95.00000000000588,IL2,il2_menten_prolif,0,0.05
2.873012381788521e-05,95.01000000000589,IL2,il2_menten_prolif,0,0.05
2.8661254188910143e-05,95.0200000000059,IL2,il2_menten_prolif,0,0.05
2.8592549648477242e-05,95.0300000000059,IL2,il2_menten_prolif,0,0.05
2.8524009801045704e-05,95.0400000000059,IL2,il2_menten_prolif,0,0.05
2.845563425203022e-05,95.05000000000591,IL2,il2_menten_prolif,0,0.05
2.8387422607798648e-05,95.06000000000591,IL2,il2_menten_prolif,0,0.05
2.8319374475669608e-05,95.07000000000592,IL2,il2_menten_prolif,0,0.05
2.825148946391017e-05,95.08000000000592,IL2,il2_menten_prolif,0,0.05
2.818376718173347e-05,95.09000000000593,IL2,il2_menten_prolif,0,0.05
2.8116207239296368e-05,95.10000000000593,IL2,il2_menten_prolif,0,0.05
2.804880924769711e-05,95.11000000000594,IL2,il2_menten_prolif,0,0.05
2.7981572815014173e-05,95.12000000000594,IL2,il2_menten_prolif,0,0.05
2.7914497547992827e-05,95.13000000000595,IL2,il2_menten_prolif,0,0.05
2.7847583068490326e-05,95.14000000000595,IL2,il2_menten_prolif,0,0.05
2.7780828991168858e-05,95.15000000000596,IL2,il2_menten_prolif,0,0.05
2.7714234931612564e-05,95.16000000000597,IL2,il2_menten_prolif,0,0.05
2.7647800506325027e-05,95.17000000000597,IL2,il2_menten_prolif,0,0.05
2.7581525332726846e-05,95.18000000000598,IL2,il2_menten_prolif,0,0.05
2.751540902915302e-05,95.19000000000598,IL2,il2_menten_prolif,0,0.05
2.744945121485056e-05,95.20000000000599,IL2,il2_menten_prolif,0,0.05
2.7383651509975935e-05,95.21000000000599,IL2,il2_menten_prolif,0,0.05
2.7318009535592597e-05,95.220000000006,IL2,il2_menten_prolif,0,0.05
2.7252524913668463e-05,95.230000000006,IL2,il2_menten_prolif,0,0.05
2.7187197267073437e-05,95.240000000006,IL2,il2_menten_prolif,0,0.05
2.7122026219576896e-05,95.25000000000601,IL2,il2_menten_prolif,0,0.05
2.7057011395845214e-05,95.26000000000602,IL2,il2_menten_prolif,0,0.05
2.699215242143925e-05,95.27000000000602,IL2,il2_menten_prolif,0,0.05
2.692744892281185e-05,95.28000000000603,IL2,il2_menten_prolif,0,0.05
2.6862900527305355e-05,95.29000000000603,IL2,il2_menten_prolif,0,0.05
2.6798506863149098e-05,95.30000000000604,IL2,il2_menten_prolif,0,0.05
2.6734267559456916e-05,95.31000000000604,IL2,il2_menten_prolif,0,0.05
2.6670182246224646e-05,95.32000000000605,IL2,il2_menten_prolif,0,0.05
2.6606250554327634e-05,95.33000000000605,IL2,il2_menten_prolif,0,0.05
2.654247211551822e-05,95.34000000000606,IL2,il2_menten_prolif,0,0.05
2.6478846562423257e-05,95.35000000000606,IL2,il2_menten_prolif,0,0.05
2.6415373528541628e-05,95.36000000000607,IL2,il2_menten_prolif,0,0.05
2.6352052648241704e-05,95.37000000000607,IL2,il2_menten_prolif,0,0.05
2.6288883558088418e-05,95.38000000000608,IL2,il2_menten_prolif,0,0.05
2.6225865894136602e-05,95.39000000000608,IL2,il2_menten_prolif,0,0.05
2.6162999292469442e-05,95.40000000000609,IL2,il2_menten_prolif,0,0.05
2.6100283390940384e-05,95.4100000000061,IL2,il2_menten_prolif,0,0.05
2.603771782826123e-05,95.4200000000061,IL2,il2_menten_prolif,0,0.05
2.5975302243999723e-05,95.4300000000061,IL2,il2_menten_prolif,0,0.05
2.5913036278577047e-05,95.44000000000611,IL2,il2_menten_prolif,0,0.05
2.585091957326536e-05,95.45000000000611,IL2,il2_menten_prolif,0,0.05
2.578895177018532e-05,95.46000000000612,IL2,il2_menten_prolif,0,0.05
2.5727132512303613e-05,95.47000000000612,IL2,il2_menten_prolif,0,0.05
2.5665461443430503e-05,95.48000000000613,IL2,il2_menten_prolif,0,0.05
2.5603938208217298e-05,95.49000000000613,IL2,il2_menten_prolif,0,0.05
2.5542562452153967e-05,95.50000000000614,IL2,il2_menten_prolif,0,0.05
2.5481333821566593e-05,95.51000000000614,IL2,il2_menten_prolif,0,0.05
2.5420251963614927e-05,95.52000000000615,IL2,il2_menten_prolif,0,0.05
2.5359316526289936e-05,95.53000000000615,IL2,il2_menten_prolif,0,0.05
2.5298527158411298e-05,95.54000000000616,IL2,il2_menten_prolif,0,0.05
2.5237883509624946e-05,95.55000000000616,IL2,il2_menten_prolif,0,0.05
2.517738523040059e-05,95.56000000000617,IL2,il2_menten_prolif,0,0.05
2.511703197202927e-05,95.57000000000617,IL2,il2_menten_prolif,0,0.05
2.5056823386620833e-05,95.58000000000618,IL2,il2_menten_prolif,0,0.05
2.4996759127101528e-05,95.59000000000619,IL2,il2_menten_prolif,0,0.05
2.4936838847211446e-05,95.60000000000619,IL2,il2_menten_prolif,0,0.05
2.4877062201502154e-05,95.6100000000062,IL2,il2_menten_prolif,0,0.05
2.4817428845334132e-05,95.6200000000062,IL2,il2_menten_prolif,0,0.05
2.475793843487435e-05,95.6300000000062,IL2,il2_menten_prolif,0,0.05
2.4698590648218235e-05,95.64000000000621,IL2,il2_menten_prolif,0,0.05
2.463938512985467e-05,95.65000000000622,IL2,il2_menten_prolif,0,0.05
2.458032153492613e-05,95.66000000000622,IL2,il2_menten_prolif,0,0.05
2.4521399523145115e-05,95.67000000000623,IL2,il2_menten_prolif,0,0.05
2.4462618755032858e-05,95.68000000000623,IL2,il2_menten_prolif,0,0.05
2.4403978891917056e-05,95.69000000000624,IL2,il2_menten_prolif,0,0.05
2.4345479595929727e-05,95.70000000000624,IL2,il2_menten_prolif,0,0.05
2.4287120530004962e-05,95.71000000000625,IL2,il2_menten_prolif,0,0.05
2.4228901357876743e-05,95.72000000000625,IL2,il2_menten_prolif,0,0.05
2.4170821744076746e-05,95.73000000000626,IL2,il2_menten_prolif,0,0.05
2.411288135393212e-05,95.74000000000626,IL2,il2_menten_prolif,0,0.05
2.405507985356329e-05,95.75000000000627,IL2,il2_menten_prolif,0,0.05
2.399741690988174e-05,95.76000000000627,IL2,il2_menten_prolif,0,0.05
2.393989219058785e-05,95.77000000000628,IL2,il2_menten_prolif,0,0.05
2.3882505364168643e-05,95.78000000000628,IL2,il2_menten_prolif,0,0.05
2.3825256099895627e-05,95.79000000000629,IL2,il2_menten_prolif,0,0.05
2.376814406782255e-05,95.80000000000629,IL2,il2_menten_prolif,0,0.05
2.3711168938783214e-05,95.8100000000063,IL2,il2_menten_prolif,0,0.05
2.365433038438928e-05,95.8200000000063,IL2,il2_menten_prolif,0,0.05
2.3597628077028067e-05,95.83000000000631,IL2,il2_menten_prolif,0,0.05
2.3541061689860323e-05,95.84000000000631,IL2,il2_menten_prolif,0,0.05
2.348463089681803e-05,95.85000000000632,IL2,il2_menten_prolif,0,0.05
2.342833537260224e-05,95.86000000000632,IL2,il2_menten_prolif,0,0.05
2.3372174792680817e-05,95.87000000000633,IL2,il2_menten_prolif,0,0.05
2.3316148833286236e-05,95.88000000000633,IL2,il2_menten_prolif,0,0.05
2.3260257173657733e-05,95.89000000000634,IL2,il2_menten_prolif,0,0.05
2.320449951096367e-05,95.90000000000634,IL2,il2_menten_prolif,0,0.05
2.3148875505901144e-05,95.91000000000635,IL2,il2_menten_prolif,0,0.05
2.3093384838046847e-05,95.92000000000635,IL2,il2_menten_prolif,0,0.05
2.303802718774431e-05,95.93000000000636,IL2,il2_menten_prolif,0,0.05
2.2982802236101993e-05,95.94000000000636,IL2,il2_menten_prolif,0,0.05
2.2927709664991322e-05,95.95000000000637,IL2,il2_menten_prolif,0,0.05
2.2872749157044733e-05,95.96000000000637,IL2,il2_menten_prolif,0,0.05
2.2817920395653696e-05,95.97000000000638,IL2,il2_menten_prolif,0,0.05
2.27632230649668e-05,95.98000000000638,IL2,il2_menten_prolif,0,0.05
2.270865684988775e-05,95.99000000000639,IL2,il2_menten_prolif,0,0.05
2.265422143607344e-05,96.0000000000064,IL2,il2_menten_prolif,0,0.05
2.2599916509932005e-05,96.0100000000064,IL2,il2_menten_prolif,0,0.05
2.254574175862083e-05,96.0200000000064,IL2,il2_menten_prolif,0,0.05
2.249169687004462e-05,96.03000000000641,IL2,il2_menten_prolif,0,0.05
2.243778153285345e-05,96.04000000000642,IL2,il2_menten_prolif,0,0.05
2.2383995436440788e-05,96.05000000000642,IL2,il2_menten_prolif,0,0.05
2.233033827094155e-05,96.06000000000643,IL2,il2_menten_prolif,0,0.05
2.2276809727230136e-05,96.07000000000643,IL2,il2_menten_prolif,0,0.05
2.2223409496918495e-05,96.08000000000644,IL2,il2_menten_prolif,0,0.05
2.217013727235414e-05,96.09000000000644,IL2,il2_menten_prolif,0,0.05
2.2116992746618215e-05,96.10000000000645,IL2,il2_menten_prolif,0,0.05
2.206397561352353e-05,96.11000000000645,IL2,il2_menten_prolif,0,0.05
2.2011085567612603e-05,96.12000000000646,IL2,il2_menten_prolif,0,0.05
2.19583223041557e-05,96.13000000000646,IL2,il2_menten_prolif,0,0.05
2.1905685519148914e-05,96.14000000000647,IL2,il2_menten_prolif,0,0.05
2.1853174912493535e-05,96.15000000000647,IL2,il2_menten_prolif,0,0.05
2.1800790184923077e-05,96.16000000000648,IL2,il2_menten_prolif,0,0.05
2.174853102964741e-05,96.17000000000648,IL2,il2_menten_prolif,0,0.05
2.1696397145666956e-05,96.18000000000649,IL2,il2_menten_prolif,0,0.05
2.1644388232703315e-05,96.19000000000649,IL2,il2_menten_prolif,0,0.05
2.1592503991197428e-05,96.2000000000065,IL2,il2_menten_prolif,0,0.05
2.154074412230769e-05,96.2100000000065,IL2,il2_menten_prolif,0,0.05
2.1489108327908117e-05,96.22000000000651,IL2,il2_menten_prolif,0,0.05
2.1437596310586462e-05,96.23000000000651,IL2,il2_menten_prolif,0,0.05
2.1386207773642382e-05,96.24000000000652,IL2,il2_menten_prolif,0,0.05
2.1334942421085543e-05,96.25000000000652,IL2,il2_menten_prolif,0,0.05
2.12837999576338e-05,96.26000000000653,IL2,il2_menten_prolif,0,0.05
2.1232780088711295e-05,96.27000000000653,IL2,il2_menten_prolif,0,0.05
2.118188252044664e-05,96.28000000000654,IL2,il2_menten_prolif,0,0.05
2.113110695967103e-05,96.29000000000654,IL2,il2_menten_prolif,0,0.05
2.1080453113916374e-05,96.30000000000655,IL2,il2_menten_prolif,0,0.05
2.102992069141348e-05,96.31000000000655,IL2,il2_menten_prolif,0,0.05
2.097950940109012e-05,96.32000000000656,IL2,il2_menten_prolif,0,0.05
2.0929218952569267e-05,96.33000000000656,IL2,il2_menten_prolif,0,0.05
2.087904905616714e-05,96.34000000000657,IL2,il2_menten_prolif,0,0.05
2.0828999422891415e-05,96.35000000000657,IL2,il2_menten_prolif,0,0.05
2.0779069764439328e-05,96.36000000000658,IL2,il2_menten_prolif,0,0.05
2.072925979319581e-05,96.37000000000658,IL2,il2_menten_prolif,0,0.05
2.0679569222231656e-05,96.38000000000659,IL2,il2_menten_prolif,0,0.05
2.0629997765301673e-05,96.3900000000066,IL2,il2_menten_prolif,0,0.05
2.0580545136842733e-05,96.4000000000066,IL2,il2_menten_prolif,0,0.05
2.0531211054383053e-05,96.4100000000066,IL2,il2_menten_prolif,0,0.05
2.0481995233228463e-05,96.42000000000661,IL2,il2_menten_prolif,0,0.05
2.0432897388599482e-05,96.43000000000661,IL2,il2_menten_prolif,0,0.05
2.0383917237695578e-05,96.44000000000662,IL2,il2_menten_prolif,0,0.05
2.0335054498391308e-05,96.45000000000663,IL2,il2_menten_prolif,0,0.05
2.0286308889234464e-05,96.46000000000663,IL2,il2_menten_prolif,0,0.05
2.0237680129444262e-05,96.47000000000664,IL2,il2_menten_prolif,0,0.05
2.0189167938909557e-05,96.48000000000664,IL2,il2_menten_prolif,0,0.05
2.0140772038186992e-05,96.49000000000665,IL2,il2_menten_prolif,0,0.05
2.0092492148499176e-05,96.50000000000665,IL2,il2_menten_prolif,0,0.05
2.0044327991732874e-05,96.51000000000666,IL2,il2_menten_prolif,0,0.05
1.9996279290437223e-05,96.52000000000666,IL2,il2_menten_prolif,0,0.05
1.9948345767821844e-05,96.53000000000667,IL2,il2_menten_prolif,0,0.05
1.990052714775508e-05,96.54000000000667,IL2,il2_menten_prolif,0,0.05
1.985282315476216e-05,96.55000000000668,IL2,il2_menten_prolif,0,0.05
1.9805233514023362e-05,96.56000000000668,IL2,il2_menten_prolif,0,0.05
1.9757757951372246e-05,96.57000000000669,IL2,il2_menten_prolif,0,0.05
1.971039619329376e-05,96.58000000000669,IL2,il2_menten_prolif,0,0.05
1.966314796692248e-05,96.5900000000067,IL2,il2_menten_prolif,0,0.05
1.9616013000040782e-05,96.6000000000067,IL2,il2_menten_prolif,0,0.05
1.9568991021077013e-05,96.6100000000067,IL2,il2_menten_prolif,0,0.05
1.952208175910366e-05,96.62000000000671,IL2,il2_menten_prolif,0,0.05
1.947528494383555e-05,96.63000000000672,IL2,il2_menten_prolif,0,0.05
1.9428600305628046e-05,96.64000000000672,IL2,il2_menten_prolif,0,0.05
1.9382027575475196e-05,96.65000000000673,IL2,il2_menten_prolif,0,0.05
1.933556648500792e-05,96.66000000000673,IL2,il2_menten_prolif,0,0.05
1.9289216774392224e-05,96.67000000000674,IL2,il2_menten_prolif,0,0.05
1.9242978170913893e-05,96.68000000000674,IL2,il2_menten_prolif,0,0.05
1.919685040736244e-05,96.69000000000675,IL2,il2_menten_prolif,0,0.05
1.9150833218018525e-05,96.70000000000675,IL2,il2_menten_prolif,0,0.05
1.9104926337795677e-05,96.71000000000676,IL2,il2_menten_prolif,0,0.05
1.905912950223861e-05,96.72000000000676,IL2,il2_menten_prolif,0,0.05
1.901344244752142e-05,96.73000000000677,IL2,il2_menten_prolif,0,0.05
1.896786491044596e-05,96.74000000000677,IL2,il2_menten_prolif,0,0.05
1.892239662844003e-05,96.75000000000678,IL2,il2_menten_prolif,0,0.05
1.88770373395557e-05,96.76000000000678,IL2,il2_menten_prolif,0,0.05
1.8831786782467563e-05,96.77000000000679,IL2,il2_menten_prolif,0,0.05
1.878664469647102e-05,96.7800000000068,IL2,il2_menten_prolif,0,0.05
1.8741610821480556e-05,96.7900000000068,IL2,il2_menten_prolif,0,0.05
1.869668489802802e-05,96.8000000000068,IL2,il2_menten_prolif,0,0.05
1.8651866667260864e-05,96.81000000000681,IL2,il2_menten_prolif,0,0.05
1.8607155870940473e-05,96.82000000000681,IL2,il2_menten_prolif,0,0.05
1.8562552251440405e-05,96.83000000000682,IL2,il2_menten_prolif,0,0.05
1.8518055551744677e-05,96.84000000000682,IL2,il2_menten_prolif,0,0.05
1.8473665515446033e-05,96.85000000000683,IL2,il2_menten_prolif,0,0.05
1.8429381886744215e-05,96.86000000000683,IL2,il2_menten_prolif,0,0.05
1.838520441044427e-05,96.87000000000684,IL2,il2_menten_prolif,0,0.05
1.8341132831954786e-05,96.88000000000685,IL2,il2_menten_prolif,0,0.05
1.8297166897286184e-05,96.89000000000685,IL2,il2_menten_prolif,0,0.05
1.825330635304899e-05,96.90000000000686,IL2,il2_menten_prolif,0,0.05
1.8209550946452127e-05,96.91000000000686,IL2,il2_menten_prolif,0,0.05
1.8165900427202356e-05,96.92000000000687,IL2,il2_menten_prolif,0,0.05
1.812235455300169e-05,96.93000000000687,IL2,il2_menten_prolif,0,0.05
1.8078913063738172e-05,96.94000000000688,IL2,il2_menten_prolif,0,0.05
1.8035575709164602e-05,96.95000000000688,IL2,il2_menten_prolif,0,0.05
1.7992342239630783e-05,96.96000000000689,IL2,il2_menten_prolif,0,0.05
1.7949212406081883e-05,96.97000000000689,IL2,il2_menten_prolif,0,0.05
1.7906185960056874e-05,96.9800000000069,IL2,il2_menten_prolif,0,0.05
1.7863262653686915e-05,96.9900000000069,IL2,il2_menten_prolif,0,0.05
1.7820442239693795e-05,97.0000000000069,IL2,il2_menten_prolif,0,0.05
1.7777724471388306e-05,97.01000000000691,IL2,il2_menten_prolif,0,0.05
1.7735109102668684e-05,97.02000000000692,IL2,il2_menten_prolif,0,0.05
1.769259588801901e-05,97.03000000000692,IL2,il2_menten_prolif,0,0.05
1.7650184582507586e-05,97.04000000000693,IL2,il2_menten_prolif,0,0.05
1.760787494178541e-05,97.05000000000693,IL2,il2_menten_prolif,0,0.05
1.7565666722084522e-05,97.06000000000694,IL2,il2_menten_prolif,0,0.05
1.7523559680216473e-05,97.07000000000694,IL2,il2_menten_prolif,0,0.05
1.7481553573570654e-05,97.08000000000695,IL2,il2_menten_prolif,0,0.05
1.7439648160112798e-05,97.09000000000695,IL2,il2_menten_prolif,0,0.05
1.739784319838333e-05,97.10000000000696,IL2,il2_menten_prolif,0,0.05
1.7356138447495792e-05,97.11000000000696,IL2,il2_menten_prolif,0,0.05
1.7314533667135247e-05,97.12000000000697,IL2,il2_menten_prolif,0,0.05
1.727302861755671e-05,97.13000000000697,IL2,il2_menten_prolif,0,0.05
1.7231623059583536e-05,97.14000000000698,IL2,il2_menten_prolif,0,0.05
1.7190316754605828e-05,97.15000000000698,IL2,il2_menten_prolif,0,0.05
1.7149109464578862e-05,97.16000000000699,IL2,il2_menten_prolif,0,0.05
1.7108000952021498e-05,97.170000000007,IL2,il2_menten_prolif,0,0.05
1.7066990984469932e-05,97.180000000007,IL2,il2_menten_prolif,0,0.05
1.7026079328416065e-05,97.190000000007,IL2,il2_menten_prolif,0,0.05
1.6985265742599435e-05,97.20000000000701,IL2,il2_menten_prolif,0,0.05
1.6944549991923436e-05,97.21000000000701,IL2,il2_menten_prolif,0,0.05
1.6903931841853348e-05,97.22000000000702,IL2,il2_menten_prolif,0,0.05
1.6863411058414843e-05,97.23000000000702,IL2,il2_menten_prolif,0,0.05
1.6822987408192525e-05,97.24000000000703,IL2,il2_menten_prolif,0,0.05
1.6782660658328455e-05,97.25000000000703,IL2,il2_menten_prolif,0,0.05
1.674243057652065e-05,97.26000000000704,IL2,il2_menten_prolif,0,0.05
1.6702296931021658e-05,97.27000000000704,IL2,il2_menten_prolif,0,0.05
1.666225949063703e-05,97.28000000000705,IL2,il2_menten_prolif,0,0.05
1.6622318024723897e-05,97.29000000000705,IL2,il2_menten_prolif,0,0.05
1.658247230318945e-05,97.30000000000706,IL2,il2_menten_prolif,0,0.05
1.6542722096489487e-05,97.31000000000707,IL2,il2_menten_prolif,0,0.05
1.6503067175626956e-05,97.32000000000707,IL2,il2_menten_prolif,0,0.05
1.6463507312150433e-05,97.33000000000708,IL2,il2_menten_prolif,0,0.05
1.6424042278152707e-05,97.34000000000708,IL2,il2_menten_prolif,0,0.05
1.638467184626925e-05,97.35000000000709,IL2,il2_menten_prolif,0,0.05
1.6345395789676783e-05,97.36000000000709,IL2,il2_menten_prolif,0,0.05
1.6306213882091772e-05,97.3700000000071,IL2,il2_menten_prolif,0,0.05
1.6267125897768988e-05,97.3800000000071,IL2,il2_menten_prolif,0,0.05
1.6228131611500006e-05,97.3900000000071,IL2,il2_menten_prolif,0,0.05
1.6189230798611726e-05,97.40000000000711,IL2,il2_menten_prolif,0,0.05
1.6150423234964913e-05,97.41000000000712,IL2,il2_menten_prolif,0,0.05
1.6111708696952728e-05,97.42000000000712,IL2,il2_menten_prolif,0,0.05
1.6073086961499254e-05,97.43000000000713,IL2,il2_menten_prolif,0,0.05
1.6034557810840662e-05,97.44000000000713,IL2,il2_menten_prolif,0,0.05
1.5996121021310778e-05,97.45000000000714,IL2,il2_menten_prolif,0,0.05
1.595777636950144e-05,97.46000000000714,IL2,il2_menten_prolif,0,0.05
1.5919523634541267e-05,97.47000000000715,IL2,il2_menten_prolif,0,0.05
1.5881362596086497e-05,97.48000000000715,IL2,il2_menten_prolif,0,0.05
1.584329303431955e-05,97.49000000000716,IL2,il2_menten_prolif,0,0.05
1.5805314729947682e-05,97.50000000000716,IL2,il2_menten_prolif,0,0.05
1.5767427464201534e-05,97.51000000000717,IL2,il2_menten_prolif,0,0.05
1.5729631018833768e-05,97.52000000000717,IL2,il2_menten_prolif,0,0.05
1.5691925176117658e-05,97.53000000000718,IL2,il2_menten_prolif,0,0.05
1.5654309718845683e-05,97.54000000000718,IL2,il2_menten_prolif,0,0.05
1.5616784430328135e-05,97.55000000000719,IL2,il2_menten_prolif,0,0.05
1.5579349094391718e-05,97.5600000000072,IL2,il2_menten_prolif,0,0.05
1.554200349537815e-05,97.5700000000072,IL2,il2_menten_prolif,0,0.05
1.5504747418142764e-05,97.5800000000072,IL2,il2_menten_prolif,0,0.05
1.5467580648053103e-05,97.59000000000721,IL2,il2_menten_prolif,0,0.05
1.5430502970987528e-05,97.60000000000721,IL2,il2_menten_prolif,0,0.05
1.5393514173333813e-05,97.61000000000722,IL2,il2_menten_prolif,0,0.05
1.535661404198776e-05,97.62000000000722,IL2,il2_menten_prolif,0,0.05
1.531980236435177e-05,97.63000000000723,IL2,il2_menten_prolif,0,0.05
1.5283078928333466e-05,97.64000000000723,IL2,il2_menten_prolif,0,0.05
1.5246443522344305e-05,97.65000000000724,IL2,il2_menten_prolif,0,0.05
1.5209895935298139e-05,97.66000000000724,IL2,il2_menten_prolif,0,0.05
1.5173435956609866e-05,97.67000000000725,IL2,il2_menten_prolif,0,0.05
1.513706337619398e-05,97.68000000000725,IL2,il2_menten_prolif,0,0.05
1.5100777984463211e-05,97.69000000000726,IL2,il2_menten_prolif,0,0.05
1.5064579576768451e-05,97.70000000000726,IL2,il2_menten_prolif,0,0.05
1.5028467941215886e-05,97.71000000000727,IL2,il2_menten_prolif,0,0.05
1.4992442869592229e-05,97.72000000000727,IL2,il2_menten_prolif,0,0.05
1.4956504154387265e-05,97.73000000000728,IL2,il2_menten_prolif,0,0.05
1.4920651588587108e-05,97.74000000000729,IL2,il2_menten_prolif,0,0.05
1.4884884965672871e-05,97.75000000000729,IL2,il2_menten_prolif,0,0.05
1.48492040796194e-05,97.7600000000073,IL2,il2_menten_prolif,0,0.05
1.4813608724894017e-05,97.7700000000073,IL2,il2_menten_prolif,0,0.05
1.4778098696455173e-05,97.7800000000073,IL2,il2_menten_prolif,0,0.05
1.4742673789751216e-05,97.79000000000731,IL2,il2_menten_prolif,0,0.05
1.4707333800719082e-05,97.80000000000732,IL2,il2_menten_prolif,0,0.05
1.4672078525783023e-05,97.81000000000732,IL2,il2_menten_prolif,0,0.05
1.463690776185331e-05,97.82000000000733,IL2,il2_menten_prolif,0,0.05
1.4601821306324946e-05,97.83000000000733,IL2,il2_menten_prolif,0,0.05
1.4566818957076402e-05,97.84000000000734,IL2,il2_menten_prolif,0,0.05
1.4531900512468303e-05,97.85000000000734,IL2,il2_menten_prolif,0,0.05
1.4497065771342157e-05,97.86000000000735,IL2,il2_menten_prolif,0,0.05
1.4462314533019084e-05,97.87000000000735,IL2,il2_menten_prolif,0,0.05
1.4427646597298503e-05,97.88000000000736,IL2,il2_menten_prolif,0,0.05
1.4393061764456862e-05,97.89000000000736,IL2,il2_menten_prolif,0,0.05
1.4358559835652837e-05,97.90000000000737,IL2,il2_menten_prolif,0,0.05
1.4324140613812068e-05,97.91000000000737,IL2,il2_menten_prolif,0,0.05
1.4289803899024668e-05,97.92000000000738,IL2,il2_menten_prolif,0,0.05
1.425554949351117e-05,97.93000000000738,IL2,il2_menten_prolif,0,0.05
1.4221377199965274e-05,97.94000000000739,IL2,il2_menten_prolif,0,0.05
1.418728682155266e-05,97.95000000000739,IL2,il2_menten_prolif,0,0.05
1.4153278161909728e-05,97.9600000000074,IL2,il2_menten_prolif,0,0.05
1.4119351025142396e-05,97.9700000000074,IL2,il2_menten_prolif,0,0.05
1.408550521582485e-05,97.98000000000741,IL2,il2_menten_prolif,0,0.05
1.405174053899834e-05,97.99000000000741,IL2,il2_menten_prolif,0,0.05
1.4018056800169935e-05,98.00000000000742,IL2,il2_menten_prolif,0,0.05
1.3984453805311319e-05,98.01000000000742,IL2,il2_menten_prolif,0,0.05
1.3950931360857544e-05,98.02000000000743,IL2,il2_menten_prolif,0,0.05
1.3917489273705815e-05,98.03000000000743,IL2,il2_menten_prolif,0,0.05
1.3884127351214258e-05,98.04000000000744,IL2,il2_menten_prolif,0,0.05
1.38508454012007e-05,98.05000000000744,IL2,il2_menten_prolif,0,0.05
1.3817643231941442e-05,98.06000000000745,IL2,il2_menten_prolif,0,0.05
1.3784520652170034e-05,98.07000000000745,IL2,il2_menten_prolif,0,0.05
1.3751477471076036e-05,98.08000000000746,IL2,il2_menten_prolif,0,0.05
1.3718513498303806e-05,98.09000000000746,IL2,il2_menten_prolif,0,0.05
1.3685628543951277e-05,98.10000000000747,IL2,il2_menten_prolif,0,0.05
1.3652822419306892e-05,98.11000000000747,IL2,il2_menten_prolif,0,0.05
1.3620094935947872e-05,98.12000000000748,IL2,il2_menten_prolif,0,0.05
1.358744590440814e-05,98.13000000000748,IL2,il2_menten_prolif,0,0.05
1.3554875136626312e-05,98.14000000000749,IL2,il2_menten_prolif,0,0.05
1.3522382444990465e-05,98.1500000000075,IL2,il2_menten_prolif,0,0.05
1.348996764233698e-05,98.1600000000075,IL2,il2_menten_prolif,0,0.05
1.3457630541949335e-05,98.1700000000075,IL2,il2_menten_prolif,0,0.05
1.342537095755695e-05,98.18000000000751,IL2,il2_menten_prolif,0,0.05
1.339318870333398e-05,98.19000000000752,IL2,il2_menten_prolif,0,0.05
1.3361083593898178e-05,98.20000000000752,IL2,il2_menten_prolif,0,0.05
1.3329055444309656e-05,98.21,IL2,il2_menten_prolif,0,0.05
1.3297104069516586e-05,98.22,IL2,il2_menten_prolif,0,0.05
1.3265229284791336e-05,98.23,IL2,il2_menten_prolif,0,0.05
1.3233430907823214e-05,98.24000000000001,IL2,il2_menten_prolif,0,0.05
1.32017087554539e-05,98.25000000000001,IL2,il2_menten_prolif,0,0.05
1.317006264496346e-05,98.26000000000002,IL2,il2_menten_prolif,0,0.05
1.3138492394070304e-05,98.27000000000002,IL2,il2_menten_prolif,0,0.05
1.3106997820929747e-05,98.28000000000003,IL2,il2_menten_prolif,0,0.05
1.3075578744132804e-05,98.29000000000003,IL2,il2_menten_prolif,0,0.05
1.3044234982705595e-05,98.30000000000004,IL2,il2_menten_prolif,0,0.05
1.3012966356107951e-05,98.31000000000004,IL2,il2_menten_prolif,0,0.05
1.2981772684232491e-05,98.32000000000005,IL2,il2_menten_prolif,0,0.05
1.2950653787403592e-05,98.33000000000006,IL2,il2_menten_prolif,0,0.05
1.2919609486376302e-05,98.34000000000006,IL2,il2_menten_prolif,0,0.05
1.2888639602335382e-05,98.35000000000007,IL2,il2_menten_prolif,0,0.05
1.2857743956894183e-05,98.36000000000007,IL2,il2_menten_prolif,0,0.05
1.2826922372093741e-05,98.37000000000008,IL2,il2_menten_prolif,0,0.05
1.279617467040161e-05,98.38000000000008,IL2,il2_menten_prolif,0,0.05
1.2765500674710977e-05,98.39000000000009,IL2,il2_menten_prolif,0,0.05
1.2734900208339504e-05,98.40000000000009,IL2,il2_menten_prolif,0,0.05
1.270437309502846e-05,98.4100000000001,IL2,il2_menten_prolif,0,0.05
1.2673919158941553e-05,98.4200000000001,IL2,il2_menten_prolif,0,0.05
1.2643538224664057e-05,98.4300000000001,IL2,il2_menten_prolif,0,0.05
1.2613230117201677e-05,98.44000000000011,IL2,il2_menten_prolif,0,0.05
1.2582994661979664e-05,98.45000000000012,IL2,il2_menten_prolif,0,0.05
1.2552831684841673e-05,98.46000000000012,IL2,il2_menten_prolif,0,0.05
1.2522741012048912e-05,98.47000000000013,IL2,il2_menten_prolif,0,0.05
1.2492722470278986e-05,98.48000000000013,IL2,il2_menten_prolif,0,0.05
1.2462775886625043e-05,98.49000000000014,IL2,il2_menten_prolif,0,0.05
1.2432901088594683e-05,98.50000000000014,IL2,il2_menten_prolif,0,0.05
1.240309790410895e-05,98.51000000000015,IL2,il2_menten_prolif,0,0.05
1.2373366161501454e-05,98.52000000000015,IL2,il2_menten_prolif,0,0.05
1.2343705689517242e-05,98.53000000000016,IL2,il2_menten_prolif,0,0.05
1.2314116317311929e-05,98.54000000000016,IL2,il2_menten_prolif,0,0.05
1.2284597874450668e-05,98.55000000000017,IL2,il2_menten_prolif,0,0.05
1.2255150190907109e-05,98.56000000000017,IL2,il2_menten_prolif,0,0.05
1.2225773097062553e-05,98.57000000000018,IL2,il2_menten_prolif,0,0.05
1.2196466423704818e-05,98.58000000000018,IL2,il2_menten_prolif,0,0.05
1.2167230002027405e-05,98.59000000000019,IL2,il2_menten_prolif,0,0.05
1.2138063663628463e-05,98.6000000000002,IL2,il2_menten_prolif,0,0.05
1.210896724050976e-05,98.6100000000002,IL2,il2_menten_prolif,0,0.05
1.207994056507586e-05,98.6200000000002,IL2,il2_menten_prolif,0,0.05
1.2050983470132998e-05,98.63000000000021,IL2,il2_menten_prolif,0,0.05
1.2022095788888246e-05,98.64000000000021,IL2,il2_menten_prolif,0,0.05
1.1993277354948489e-05,98.65000000000022,IL2,il2_menten_prolif,0,0.05
1.196452800231944e-05,98.66000000000022,IL2,il2_menten_prolif,0,0.05
1.1935847565404776e-05,98.67000000000023,IL2,il2_menten_prolif,0,0.05
1.190723587900508e-05,98.68000000000023,IL2,il2_menten_prolif,0,0.05
1.1878692778316966e-05,98.69000000000024,IL2,il2_menten_prolif,0,0.05
1.1850218098932108e-05,98.70000000000024,IL2,il2_menten_prolif,0,0.05
1.1821811676836252e-05,98.71000000000025,IL2,il2_menten_prolif,0,0.05
1.1793473348408342e-05,98.72000000000025,IL2,il2_menten_prolif,0,0.05
1.1765202950419521e-05,98.73000000000026,IL2,il2_menten_prolif,0,0.05
1.1737000320032237e-05,98.74000000000026,IL2,il2_menten_prolif,0,0.05
1.1708865294799236e-05,98.75000000000027,IL2,il2_menten_prolif,0,0.05
1.1680797712662705e-05,98.76000000000028,IL2,il2_menten_prolif,0,0.05
1.1652797411953301e-05,98.77000000000028,IL2,il2_menten_prolif,0,0.05
1.1624864231389202e-05,98.78000000000029,IL2,il2_menten_prolif,0,0.05
1.1596998010075215e-05,98.79000000000029,IL2,il2_menten_prolif,0,0.05
1.1569198587501841e-05,98.8000000000003,IL2,il2_menten_prolif,0,0.05
1.1541465803544308e-05,98.8100000000003,IL2,il2_menten_prolif,0,0.05
1.1513799498461712e-05,98.8200000000003,IL2,il2_menten_prolif,0,0.05
1.148619951289607e-05,98.83000000000031,IL2,il2_menten_prolif,0,0.05
1.145866568787137e-05,98.84000000000032,IL2,il2_menten_prolif,0,0.05
1.1431197864792713e-05,98.85000000000032,IL2,il2_menten_prolif,0,0.05
1.140379588544537e-05,98.86000000000033,IL2,il2_menten_prolif,0,0.05
1.1376459591993847e-05,98.87000000000033,IL2,il2_menten_prolif,0,0.05
1.1349188826981031e-05,98.88000000000034,IL2,il2_menten_prolif,0,0.05
1.1321983433327247e-05,98.89000000000034,IL2,il2_menten_prolif,0,0.05
1.1294843254329327e-05,98.90000000000035,IL2,il2_menten_prolif,0,0.05
1.1267768133659786e-05,98.91000000000035,IL2,il2_menten_prolif,0,0.05
1.1240757915365831e-05,98.92000000000036,IL2,il2_menten_prolif,0,0.05
1.121381244386856e-05,98.93000000000036,IL2,il2_menten_prolif,0,0.05
1.1186931563961971e-05,98.94000000000037,IL2,il2_menten_prolif,0,0.05
1.1160115120812109e-05,98.95000000000037,IL2,il2_menten_prolif,0,0.05
1.1133362959956209e-05,98.96000000000038,IL2,il2_menten_prolif,0,0.05
1.1106674927301742e-05,98.97000000000038,IL2,il2_menten_prolif,0,0.05
1.1080050869125551e-05,98.98000000000039,IL2,il2_menten_prolif,0,0.05
1.1053490632073012e-05,98.99000000000039,IL2,il2_menten_prolif,0,0.05
1.1026994063157074e-05,99.0000000000004,IL2,il2_menten_prolif,0,0.05
1.1000561009757428e-05,99.0100000000004,IL2,il2_menten_prolif,0,0.05
1.0974191319619598e-05,99.02000000000041,IL2,il2_menten_prolif,0,0.05
1.0947884840854127e-05,99.03000000000041,IL2,il2_menten_prolif,0,0.05
1.0921641421935606e-05,99.04000000000042,IL2,il2_menten_prolif,0,0.05
1.0895460911701861e-05,99.05000000000042,IL2,il2_menten_prolif,0,0.05
1.08693431593531e-05,99.06000000000043,IL2,il2_menten_prolif,0,0.05
1.084328801445099e-05,99.07000000000043,IL2,il2_menten_prolif,0,0.05
1.0817295326917813e-05,99.08000000000044,IL2,il2_menten_prolif,0,0.05
1.0791364947035637e-05,99.09000000000044,IL2,il2_menten_prolif,0,0.05
1.0765496725445389e-05,99.10000000000045,IL2,il2_menten_prolif,0,0.05
1.0739690513146048e-05,99.11000000000045,IL2,il2_menten_prolif,0,0.05
1.0713946161493745e-05,99.12000000000046,IL2,il2_menten_prolif,0,0.05
1.0688263522200963e-05,99.13000000000046,IL2,il2_menten_prolif,0,0.05
1.0662642447335623e-05,99.14000000000047,IL2,il2_menten_prolif,0,0.05
1.0637082789320247e-05,99.15000000000047,IL2,il2_menten_prolif,0,0.05
1.0611584400931156e-05,99.16000000000048,IL2,il2_menten_prolif,0,0.05
1.0586147135297554e-05,99.17000000000048,IL2,il2_menten_prolif,0,0.05
1.0560770845900719e-05,99.18000000000049,IL2,il2_menten_prolif,0,0.05
1.0535455386573155e-05,99.1900000000005,IL2,il2_menten_prolif,0,0.05
1.0510200611497748e-05,99.2000000000005,IL2,il2_menten_prolif,0,0.05
1.048500637520692e-05,99.2100000000005,IL2,il2_menten_prolif,0,0.05
1.0459872532581804e-05,99.22000000000051,IL2,il2_menten_prolif,0,0.05
1.0434798938851395e-05,99.23000000000052,IL2,il2_menten_prolif,0,0.05
1.0409785449591721e-05,99.24000000000052,IL2,il2_menten_prolif,0,0.05
1.0384831920725023e-05,99.25000000000053,IL2,il2_menten_prolif,0,0.05
1.0359938208518898e-05,99.26000000000053,IL2,il2_menten_prolif,0,0.05
1.0335104169585494e-05,99.27000000000054,IL2,il2_menten_prolif,0,0.05
1.0310329660880685e-05,99.28000000000054,IL2,il2_menten_prolif,0,0.05
1.0285614539703231e-05,99.29000000000055,IL2,il2_menten_prolif,0,0.05
1.0260958663693956e-05,99.30000000000055,IL2,il2_menten_prolif,0,0.05
1.0236361890834958e-05,99.31000000000056,IL2,il2_menten_prolif,0,0.05
1.0211824079448753e-05,99.32000000000056,IL2,il2_menten_prolif,0,0.05
1.0187345088197481e-05,99.33000000000057,IL2,il2_menten_prolif,0,0.05
1.0162924776082077e-05,99.34000000000057,IL2,il2_menten_prolif,0,0.05
1.0138563002441486e-05,99.35000000000058,IL2,il2_menten_prolif,0,0.05
1.0114259626951819e-05,99.36000000000058,IL2,il2_menten_prolif,0,0.05
1.0090014509625569e-05,99.37000000000059,IL2,il2_menten_prolif,0,0.05
1.006582751081079e-05,99.38000000000059,IL2,il2_menten_prolif,0,0.05
1.0041698491190305e-05,99.3900000000006,IL2,il2_menten_prolif,0,0.05
1.0017627311780892e-05,99.4000000000006,IL2,il2_menten_prolif,0,0.05
9.99361383393249e-06,99.41000000000061,IL2,il2_menten_prolif,0,0.05
9.969657919327404e-06,99.42000000000061,IL2,il2_menten_prolif,0,0.05
9.945759429979494e-06,99.43000000000062,IL2,il2_menten_prolif,0,0.05
9.921918228233404e-06,99.44000000000062,IL2,il2_menten_prolif,0,0.05
9.89813417676373e-06,99.45000000000063,IL2,il2_menten_prolif,0,0.05
9.87440713857429e-06,99.46000000000063,IL2,il2_menten_prolif,0,0.05
9.850736976997268e-06,99.47000000000064,IL2,il2_menten_prolif,0,0.05
9.827123555692468e-06,99.48000000000064,IL2,il2_menten_prolif,0,0.05
9.803566738646509e-06,99.49000000000065,IL2,il2_menten_prolif,0,0.05
9.780066390172082e-06,99.50000000000065,IL2,il2_menten_prolif,0,0.05
9.7566223749071e-06,99.51000000000066,IL2,il2_menten_prolif,0,0.05
9.733234557813973e-06,99.52000000000066,IL2,il2_menten_prolif,0,0.05
9.709902804178801e-06,99.53000000000067,IL2,il2_menten_prolif,0,0.05
9.686626979610636e-06,99.54000000000067,IL2,il2_menten_prolif,0,0.05
9.663406950040656e-06,99.55000000000068,IL2,il2_menten_prolif,0,0.05
9.640242581721425e-06,99.56000000000068,IL2,il2_menten_prolif,0,0.05
9.617133741226108e-06,99.57000000000069,IL2,il2_menten_prolif,0,0.05
9.59408029544774e-06,99.5800000000007,IL2,il2_menten_prolif,0,0.05
9.571082111598401e-06,99.5900000000007,IL2,il2_menten_prolif,0,0.05
9.548139057208484e-06,99.6000000000007,IL2,il2_menten_prolif,0,0.05
9.525251000125938e-06,99.61000000000071,IL2,il2_menten_prolif,0,0.05
9.502417808515478e-06,99.62000000000072,IL2,il2_menten_prolif,0,0.05
9.479639350857875e-06,99.63000000000072,IL2,il2_menten_prolif,0,0.05
9.456915495949146e-06,99.64000000000073,IL2,il2_menten_prolif,0,0.05
9.434246112899816e-06,99.65000000000073,IL2,il2_menten_prolif,0,0.05
9.411631071134174e-06,99.66000000000074,IL2,il2_menten_prolif,0,0.05
9.38907024038953e-06,99.67000000000074,IL2,il2_menten_prolif,0,0.05
9.366563490715431e-06,99.68000000000075,IL2,il2_menten_prolif,0,0.05
9.344110692472936e-06,99.69000000000075,IL2,il2_menten_prolif,0,0.05
9.32171171633385e-06,99.70000000000076,IL2,il2_menten_prolif,0,0.05
9.299366433280041e-06,99.71000000000076,IL2,il2_menten_prolif,0,0.05
9.277074714602594e-06,99.72000000000077,IL2,il2_menten_prolif,0,0.05
9.254836431901155e-06,99.73000000000077,IL2,il2_menten_prolif,0,0.05
9.232651457083161e-06,99.74000000000078,IL2,il2_menten_prolif,0,0.05
9.21051966236308e-06,99.75000000000078,IL2,il2_menten_prolif,0,0.05
9.18844092026172e-06,99.76000000000079,IL2,il2_menten_prolif,0,0.05
9.16641510360547e-06,99.77000000000079,IL2,il2_menten_prolif,0,0.05
9.144442085525562e-06,99.7800000000008,IL2,il2_menten_prolif,0,0.05
9.122521739457358e-06,99.7900000000008,IL2,il2_menten_prolif,0,0.05
9.100653939139614e-06,99.80000000000081,IL2,il2_menten_prolif,0,0.05
9.078838558613766e-06,99.81000000000081,IL2,il2_menten_prolif,0,0.05
9.057075472223152e-06,99.82000000000082,IL2,il2_menten_prolif,0,0.05
9.035364554612291e-06,99.83000000000082,IL2,il2_menten_prolif,0,0.05
9.013705680726185e-06,99.84000000000083,IL2,il2_menten_prolif,0,0.05
8.992098725809718e-06,99.85000000000083,IL2,il2_menten_prolif,0,0.05
8.970543565406841e-06,99.86000000000084,IL2,il2_menten_prolif,0,0.05
8.949040075359755e-06,99.87000000000084,IL2,il2_menten_prolif,0,0.05
8.92758813180824e-06,99.88000000000085,IL2,il2_menten_prolif,0,0.05
8.906187611188957e-06,99.89000000000085,IL2,il2_menten_prolif,0,0.05
8.884838390234905e-06,99.90000000000086,IL2,il2_menten_prolif,0,0.05
8.863540345974616e-06,99.91000000000086,IL2,il2_menten_prolif,0,0.05
8.842293355731277e-06,99.92000000000087,IL2,il2_menten_prolif,0,0.05
8.82109729712212e-06,99.93000000000087,IL2,il2_menten_prolif,0,0.05
8.799952048057701e-06,99.94000000000088,IL2,il2_menten_prolif,0,0.05
8.778857486741358e-06,99.95000000000088,IL2,il2_menten_prolif,0,0.05
8.757813491668475e-06,99.96000000000089,IL2,il2_menten_prolif,0,0.05
8.736819941625575e-06,99.9700000000009,IL2,il2_menten_prolif,0,0.05
8.715876715689704e-06,99.9800000000009,IL2,il2_menten_prolif,0,0.05
8.69498369322773e-06,99.9900000000009,IL2,il2_menten_prolif,0,0.05
8.674140753895825e-06,100.00000000000091,IL2,il2_menten_prolif,0,0.05
8.653347777638698e-06,100.01000000000091,IL2,il2_menten_prolif,0,0.05
8.63260464468875e-06,100.02000000000092,IL2,il2_menten_prolif,0,0.05
8.61191123556544e-06,100.03000000000092,IL2,il2_menten_prolif,0,0.05
8.591267431074591e-06,100.04000000000093,IL2,il2_menten_prolif,0,0.05
8.570673112307826e-06,100.05000000000094,IL2,il2_menten_prolif,0,0.05
8.550128160642022e-06,100.06000000000094,IL2,il2_menten_prolif,0,0.05
8.529632457738185e-06,100.07000000000095,IL2,il2_menten_prolif,0,0.05
8.509185885540958e-06,100.08000000000095,IL2,il2_menten_prolif,0,0.05
8.488788326277931e-06,100.09000000000096,IL2,il2_menten_prolif,0,0.05
8.468439662458932e-06,100.10000000000096,IL2,il2_menten_prolif,0,0.05
8.44813977687572e-06,100.11000000000097,IL2,il2_menten_prolif,0,0.05
8.427888552601084e-06,100.12000000000097,IL2,il2_menten_prolif,0,0.05
8.407685872987915e-06,100.13000000000098,IL2,il2_menten_prolif,0,0.05
8.387531621668672e-06,100.14000000000098,IL2,il2_menten_prolif,0,0.05
8.367425682554725e-06,100.15000000000099,IL2,il2_menten_prolif,0,0.05
8.347367939835644e-06,100.16000000000099,IL2,il2_menten_prolif,0,0.05
8.327358277978964e-06,100.170000000001,IL2,il2_menten_prolif,0,0.05
8.307396581729101e-06,100.180000000001,IL2,il2_menten_prolif,0,0.05
8.287482736106616e-06,100.190000000001,IL2,il2_menten_prolif,0,0.05
8.267616626407647e-06,100.20000000000101,IL2,il2_menten_prolif,0,0.05
8.247798138203243e-06,100.21000000000102,IL2,il2_menten_prolif,0,0.05
8.228027157338705e-06,100.22000000000102,IL2,il2_menten_prolif,0,0.05
8.208303569933382e-06,100.23000000000103,IL2,il2_menten_prolif,0,0.05
8.188627262379421e-06,100.24000000000103,IL2,il2_menten_prolif,0,0.05
8.16899812134122e-06,100.25000000000104,IL2,il2_menten_prolif,0,0.05
8.149416033754816e-06,100.26000000000104,IL2,il2_menten_prolif,0,0.05
8.129880886827214e-06,100.27000000000105,IL2,il2_menten_prolif,0,0.05
8.110392568035793e-06,100.28000000000105,IL2,il2_menten_prolif,0,0.05
8.09095096512806e-06,100.29000000000106,IL2,il2_menten_prolif,0,0.05
8.071555966120365e-06,100.30000000000106,IL2,il2_menten_prolif,0,0.05
8.05220745929743e-06,100.31000000000107,IL2,il2_menten_prolif,0,0.05
8.032905333211739e-06,100.32000000000107,IL2,il2_menten_prolif,0,0.05
8.013649476682871e-06,100.33000000000108,IL2,il2_menten_prolif,0,0.05
7.994439778778047e-06,100.34000000000108,IL2,il2_menten_prolif,0,0.05
7.975276128900002e-06,100.35000000000109,IL2,il2_menten_prolif,0,0.05
7.95615841662687e-06,100.3600000000011,IL2,il2_menten_prolif,0,0.05
7.937086531844853e-06,100.3700000000011,IL2,il2_menten_prolif,0,0.05
7.918060364702064e-06,100.3800000000011,IL2,il2_menten_prolif,0,0.05
7.899079805608526e-06,100.39000000000111,IL2,il2_menten_prolif,0,0.05
7.88014474523488e-06,100.40000000000111,IL2,il2_menten_prolif,0,0.05
7.861255074512224e-06,100.41000000000112,IL2,il2_menten_prolif,0,0.05
7.842410684634885e-06,100.42000000000112,IL2,il2_menten_prolif,0,0.05
7.823611467058962e-06,100.43000000000113,IL2,il2_menten_prolif,0,0.05
7.804857313502306e-06,100.44000000000113,IL2,il2_menten_prolif,0,0.05
7.786148115944522e-06,100.45000000000114,IL2,il2_menten_prolif,0,0.05
7.767483766626959e-06,100.46000000000114,IL2,il2_menten_prolif,0,0.05
7.748864158049415e-06,100.47000000000115,IL2,il2_menten_prolif,0,0.05
7.730289182937723e-06,100.48000000000116,IL2,il2_menten_prolif,0,0.05
7.711758734291769e-06,100.49000000000116,IL2,il2_menten_prolif,0,0.05
7.693272705378416e-06,100.50000000000117,IL2,il2_menten_prolif,0,0.05
7.674830989724004e-06,100.51000000000117,IL2,il2_menten_prolif,0,0.05
7.656433481114318e-06,100.52000000000118,IL2,il2_menten_prolif,0,0.05
7.638080073594618e-06,100.53000000000118,IL2,il2_menten_prolif,0,0.05
7.619770661469615e-06,100.54000000000119,IL2,il2_menten_prolif,0,0.05
7.601505139267211e-06,100.55000000000119,IL2,il2_menten_prolif,0,0.05
7.5832834017333435e-06,100.5600000000012,IL2,il2_menten_prolif,0,0.05
7.56510534391117e-06,100.5700000000012,IL2,il2_menten_prolif,0,0.05
7.546970861099437e-06,100.5800000000012,IL2,il2_menten_prolif,0,0.05
7.52887984885193e-06,100.59000000000121,IL2,il2_menten_prolif,0,0.05
7.5108322029774556e-06,100.60000000000122,IL2,il2_menten_prolif,0,0.05
7.4928278195398495e-06,100.61000000000122,IL2,il2_menten_prolif,0,0.05
7.474866594851417e-06,100.62000000000123,IL2,il2_menten_prolif,0,0.05
7.4569484254085345e-06,100.63000000000123,IL2,il2_menten_prolif,0,0.05
7.4390732079870386e-06,100.64000000000124,IL2,il2_menten_prolif,0,0.05
7.421240839628207e-06,100.65000000000124,IL2,il2_menten_prolif,0,0.05
7.403451217623791e-06,100.66000000000125,IL2,il2_menten_prolif,0,0.05
7.38570423951603e-06,100.67000000000125,IL2,il2_menten_prolif,0,0.05
7.36799980309764e-06,100.68000000000126,IL2,il2_menten_prolif,0,0.05
7.350337806411811e-06,100.69000000000126,IL2,il2_menten_prolif,0,0.05
7.332718147715656e-06,100.70000000000127,IL2,il2_menten_prolif,0,0.05
7.3151407254750126e-06,100.71000000000127,IL2,il2_menten_prolif,0,0.05
7.297605438444257e-06,100.72000000000128,IL2,il2_menten_prolif,0,0.05
7.280112185624346e-06,100.73000000000128,IL2,il2_menten_prolif,0,0.05
7.262660866262255e-06,100.74000000000129,IL2,il2_menten_prolif,0,0.05
7.2452513798509655e-06,100.7500000000013,IL2,il2_menten_prolif,0,0.05
7.227883626129473e-06,100.7600000000013,IL2,il2_menten_prolif,0,0.05
7.210557505076469e-06,100.7700000000013,IL2,il2_menten_prolif,0,0.05
7.1932729168481525e-06,100.78000000000131,IL2,il2_menten_prolif,0,0.05
7.1760297618703436e-06,100.79000000000131,IL2,il2_menten_prolif,0,0.05
7.158827940824909e-06,100.80000000000132,IL2,il2_menten_prolif,0,0.05
7.141667354635342e-06,100.81000000000132,IL2,il2_menten_prolif,0,0.05
7.124547904466753e-06,100.82000000000133,IL2,il2_menten_prolif,0,0.05
7.10746949172588e-06,100.83000000000133,IL2,il2_menten_prolif,0,0.05
7.09043201806108e-06,100.84000000000134,IL2,il2_menten_prolif,0,0.05
7.073435385327075e-06,100.85000000000134,IL2,il2_menten_prolif,0,0.05
7.056479495579899e-06,100.86000000000135,IL2,il2_menten_prolif,0,0.05
7.039564251153949e-06,100.87000000000135,IL2,il2_menten_prolif,0,0.05
7.022689554621481e-06,100.88000000000136,IL2,il2_menten_prolif,0,0.05
7.005855308792068e-06,100.89000000000136,IL2,il2_menten_prolif,0,0.05
6.989061416712589e-06,100.90000000000137,IL2,il2_menten_prolif,0,0.05
6.97230778166724e-06,100.91000000000138,IL2,il2_menten_prolif,0,0.05
6.955594307171434e-06,100.92000000000138,IL2,il2_menten_prolif,0,0.05
6.938920896911818e-06,100.93000000000139,IL2,il2_menten_prolif,0,0.05
6.922287454835131e-06,100.94000000000139,IL2,il2_menten_prolif,0,0.05
6.9056938851350945e-06,100.9500000000014,IL2,il2_menten_prolif,0,0.05
6.88914009223852e-06,100.9600000000014,IL2,il2_menten_prolif,0,0.05
6.872625980805291e-06,100.9700000000014,IL2,il2_menten_prolif,0,0.05
6.856151455728372e-06,100.98000000000141,IL2,il2_menten_prolif,0,0.05
6.83971642213381e-06,100.99000000000142,IL2,il2_menten_prolif,0,0.05
6.823320785346711e-06,101.00000000000142,IL2,il2_menten_prolif,0,0.05
6.806964450886378e-06,101.01000000000143,IL2,il2_menten_prolif,0,0.05
6.790647324540639e-06,101.02000000000143,IL2,il2_menten_prolif,0,0.05
6.774369312326765e-06,101.03000000000144,IL2,il2_menten_prolif,0,0.05
6.758130320490953e-06,101.04000000000144,IL2,il2_menten_prolif,0,0.05
6.741930255508317e-06,101.05000000000145,IL2,il2_menten_prolif,0,0.05
6.7257690240828935e-06,101.06000000000145,IL2,il2_menten_prolif,0,0.05
6.709646533141765e-06,101.07000000000146,IL2,il2_menten_prolif,0,0.05
6.6935626897771885e-06,101.08000000000146,IL2,il2_menten_prolif,0,0.05
6.677517401332318e-06,101.09000000000147,IL2,il2_menten_prolif,0,0.05
6.661510575388559e-06,101.10000000000147,IL2,il2_menten_prolif,0,0.05
6.645542119752162e-06,101.11000000000148,IL2,il2_menten_prolif,0,0.05
6.629611942454207e-06,101.12000000000148,IL2,il2_menten_prolif,0,0.05
6.61371995175062e-06,101.13000000000149,IL2,il2_menten_prolif,0,0.05
6.597866056122155e-06,101.14000000000149,IL2,il2_menten_prolif,0,0.05
6.5820501642416e-06,101.1500000000015,IL2,il2_menten_prolif,0,0.05
6.566272184969073e-06,101.1600000000015,IL2,il2_menten_prolif,0,0.05
6.550532027423705e-06,101.17000000000151,IL2,il2_menten_prolif,0,0.05
6.534829600945979e-06,101.18000000000151,IL2,il2_menten_prolif,0,0.05
6.519164815097193e-06,101.19000000000152,IL2,il2_menten_prolif,0,0.05
6.503537579659475e-06,101.20000000000152,IL2,il2_menten_prolif,0,0.05
6.487947804635782e-06,101.21000000000153,IL2,il2_menten_prolif,0,0.05
6.47239540024422e-06,101.22000000000153,IL2,il2_menten_prolif,0,0.05
6.456880276862246e-06,101.23000000000154,IL2,il2_menten_prolif,0,0.05
6.441402345109327e-06,101.24000000000154,IL2,il2_menten_prolif,0,0.05
6.4259615158347664e-06,101.25000000000155,IL2,il2_menten_prolif,0,0.05
6.4105577001047555e-06,101.26000000000155,IL2,il2_menten_prolif,0,0.05
6.395190809202369e-06,101.27000000000156,IL2,il2_menten_prolif,0,0.05
6.379860754627577e-06,101.28000000000156,IL2,il2_menten_prolif,0,0.05
6.364567448097231e-06,101.29000000000157,IL2,il2_menten_prolif,0,0.05
6.349310801513415e-06,101.30000000000157,IL2,il2_menten_prolif,0,0.05
6.334090726958929e-06,101.31000000000158,IL2,il2_menten_prolif,0,0.05
6.318907136766431e-06,101.32000000000158,IL2,il2_menten_prolif,0,0.05
6.3037599434820886e-06,101.33000000000159,IL2,il2_menten_prolif,0,0.05
6.2886490598650896e-06,101.3400000000016,IL2,il2_menten_prolif,0,0.05
6.273574398887643e-06,101.3500000000016,IL2,il2_menten_prolif,0,0.05
6.25853587373497e-06,101.3600000000016,IL2,il2_menten_prolif,0,0.05
6.243533397799841e-06,101.37000000000161,IL2,il2_menten_prolif,0,0.05
6.228566884628739e-06,101.38000000000162,IL2,il2_menten_prolif,0,0.05
6.213636248001599e-06,101.39000000000162,IL2,il2_menten_prolif,0,0.05
6.198741401920069e-06,101.40000000000163,IL2,il2_menten_prolif,0,0.05
6.18388226059501e-06,101.41000000000163,IL2,il2_menten_prolif,0,0.05
6.169058738446508e-06,101.42000000000164,IL2,il2_menten_prolif,0,0.05
6.154270750103861e-06,101.43000000000164,IL2,il2_menten_prolif,0,0.05
6.139518210405591e-06,101.44000000000165,IL2,il2_menten_prolif,0,0.05
6.124801034421529e-06,101.45000000000165,IL2,il2_menten_prolif,0,0.05
6.110119137208505e-06,101.46000000000166,IL2,il2_menten_prolif,0,0.05
6.09547243429607e-06,101.47000000000166,IL2,il2_menten_prolif,0,0.05
6.080860841316157e-06,101.48000000000167,IL2,il2_menten_prolif,0,0.05
6.066284274108479e-06,101.49000000000167,IL2,il2_menten_prolif,0,0.05
6.051742648720042e-06,101.50000000000168,IL2,il2_menten_prolif,0,0.05
6.0372358814046315e-06,101.51000000000168,IL2,il2_menten_prolif,0,0.05
6.022763888606683e-06,101.52000000000169,IL2,il2_menten_prolif,0,0.05
6.00832658682374e-06,101.53000000000169,IL2,il2_menten_prolif,0,0.05
5.993923892853462e-06,101.5400000000017,IL2,il2_menten_prolif,0,0.05
5.979555723734717e-06,101.5500000000017,IL2,il2_menten_prolif,0,0.05
5.9652219967082405e-06,101.56000000000171,IL2,il2_menten_prolif,0,0.05
5.9509226292160865e-06,101.57000000000171,IL2,il2_menten_prolif,0,0.05
5.9366575389010535e-06,101.58000000000172,IL2,il2_menten_prolif,0,0.05
5.922426643606128e-06,101.59000000000172,IL2,il2_menten_prolif,0,0.05
5.9082298613739196e-06,101.60000000000173,IL2,il2_menten_prolif,0,0.05
5.894067110446105e-06,101.61000000000173,IL2,il2_menten_prolif,0,0.05
5.87993830926286e-06,101.62000000000174,IL2,il2_menten_prolif,0,0.05
5.865843376462299e-06,101.63000000000174,IL2,il2_menten_prolif,0,0.05
5.851782230879915e-06,101.64000000000175,IL2,il2_menten_prolif,0,0.05
5.837754791548014e-06,101.65000000000175,IL2,il2_menten_prolif,0,0.05
5.823760977695155e-06,101.66000000000176,IL2,il2_menten_prolif,0,0.05
5.8098007087455875e-06,101.67000000000176,IL2,il2_menten_prolif,0,0.05
5.795873904318693e-06,101.68000000000177,IL2,il2_menten_prolif,0,0.05
5.7819804842284175e-06,101.69000000000177,IL2,il2_menten_prolif,0,0.05
5.768120368482709e-06,101.70000000000178,IL2,il2_menten_prolif,0,0.05
5.754293477282962e-06,101.71000000000178,IL2,il2_menten_prolif,0,0.05
5.74049973102345e-06,101.72000000000179,IL2,il2_menten_prolif,0,0.05
5.726739050290765e-06,101.7300000000018,IL2,il2_menten_prolif,0,0.05
5.713011355863255e-06,101.7400000000018,IL2,il2_menten_prolif,0,0.05
5.699316568710462e-06,101.7500000000018,IL2,il2_menten_prolif,0,0.05
5.6856546099081655e-06,101.76000000000181,IL2,il2_menten_prolif,0,0.05
5.672025400638735e-06,101.77000000000182,IL2,il2_menten_prolif,0,0.05
5.658428862401135e-06,101.78000000000182,IL2,il2_menten_prolif,0,0.05
5.644864916883249e-06,101.79000000000183,IL2,il2_menten_prolif,0,0.05
5.631333485958726e-06,101.80000000000183,IL2,il2_menten_prolif,0,0.05
5.617834491686343e-06,101.81000000000184,IL2,il2_menten_prolif,0,0.05
5.604367856309375e-06,101.82000000000184,IL2,il2_menten_prolif,0,0.05
5.590933502254968e-06,101.83000000000185,IL2,il2_menten_prolif,0,0.05
5.5775313521335015e-06,101.84000000000185,IL2,il2_menten_prolif,0,0.05
5.564161328737964e-06,101.85000000000186,IL2,il2_menten_prolif,0,0.05
5.55082335504332e-06,101.86000000000186,IL2,il2_menten_prolif,0,0.05
5.537517354205878e-06,101.87000000000187,IL2,il2_menten_prolif,0,0.05
5.524243249562662e-06,101.88000000000187,IL2,il2_menten_prolif,0,0.05
5.511000964630775e-06,101.89000000000188,IL2,il2_menten_prolif,0,0.05
5.497790423106777e-06,101.90000000000188,IL2,il2_menten_prolif,0,0.05
5.484611548866047e-06,101.91000000000189,IL2,il2_menten_prolif,0,0.05
5.471464265962157e-06,101.92000000000189,IL2,il2_menten_prolif,0,0.05
5.458348498626234e-06,101.9300000000019,IL2,il2_menten_prolif,0,0.05
5.4452641712663435e-06,101.9400000000019,IL2,il2_menten_prolif,0,0.05
5.432211208466838e-06,101.9500000000019,IL2,il2_menten_prolif,0,0.05
5.419189534987746e-06,101.96000000000191,IL2,il2_menten_prolif,0,0.05
5.406199075764129e-06,101.97000000000192,IL2,il2_menten_prolif,0,0.05
5.393239755905454e-06,101.98000000000192,IL2,il2_menten_prolif,0,0.05
5.380311500720996e-06,101.99000000000193,IL2,il2_menten_prolif,0,0.05
5.367414236064566e-06,102.00000000000193,IL2,il2_menten_prolif,0,0.05
5.354547887765555e-06,102.01000000000194,IL2,il2_menten_prolif,0,0.05
5.3417123817151075e-06,102.02000000000194,IL2,il2_menten_prolif,0,0.05
5.328907643981545e-06,102.03000000000195,IL2,il2_menten_prolif,0,0.05
5.316133600809895e-06,102.04000000000195,IL2,il2_menten_prolif,0,0.05
5.3033901786214194e-06,102.05000000000196,IL2,il2_menten_prolif,0,0.05
5.2906773040131306e-06,102.06000000000196,IL2,il2_menten_prolif,0,0.05
5.277994903757335e-06,102.07000000000197,IL2,il2_menten_prolif,0,0.05
5.265342904801142e-06,102.08000000000197,IL2,il2_menten_prolif,0,0.05
5.25272123426601e-06,102.09000000000198,IL2,il2_menten_prolif,0,0.05
5.240129819447253e-06,102.10000000000198,IL2,il2_menten_prolif,0,0.05
5.2275685878135805e-06,102.11000000000199,IL2,il2_menten_prolif,0,0.05
5.215037467006623e-06,102.120000000002,IL2,il2_menten_prolif,0,0.05
5.202536384840452e-06,102.130000000002,IL2,il2_menten_prolif,0,0.05
5.190065269301115e-06,102.140000000002,IL2,il2_menten_prolif,0,0.05
5.1776240485461586e-06,102.15000000000201,IL2,il2_menten_prolif,0,0.05
5.165212650904149e-06,102.16000000000201,IL2,il2_menten_prolif,0,0.05
5.1528310048742145e-06,102.17000000000202,IL2,il2_menten_prolif,0,0.05
5.1404790391255515e-06,102.18000000000202,IL2,il2_menten_prolif,0,0.05
5.1281566824969725e-06,102.19000000000203,IL2,il2_menten_prolif,0,0.05
5.1158638639964135e-06,102.20000000000203,IL2,il2_menten_prolif,0,0.05
5.103600512800478e-06,102.21000000000204,IL2,il2_menten_prolif,0,0.05
5.091366558253949e-06,102.22000000000205,IL2,il2_menten_prolif,0,0.05
5.079161929914936e-06,102.23000000000205,IL2,il2_menten_prolif,0,0.05
5.066986557575314e-06,102.24000000000206,IL2,il2_menten_prolif,0,0.05
5.054840371109238e-06,102.25000000000206,IL2,il2_menten_prolif,0,0.05
5.042723300555446e-06,102.26000000000207,IL2,il2_menten_prolif,0,0.05
5.030635276120169e-06,102.27000000000207,IL2,il2_menten_prolif,0,0.05
5.018576228176701e-06,102.28000000000208,IL2,il2_menten_prolif,0,0.05
5.006546087264966e-06,102.29000000000208,IL2,il2_menten_prolif,0,0.05
4.994544784091093e-06,102.30000000000209,IL2,il2_menten_prolif,0,0.05
4.982572249526984e-06,102.31000000000209,IL2,il2_menten_prolif,0,0.05
4.970628414609888e-06,102.3200000000021,IL2,il2_menten_prolif,0,0.05
4.958713210541966e-06,102.3300000000021,IL2,il2_menten_prolif,0,0.05
4.9468265686898664e-06,102.3400000000021,IL2,il2_menten_prolif,0,0.05
4.934968420584293e-06,102.35000000000211,IL2,il2_menten_prolif,0,0.05
4.923138697919579e-06,102.36000000000212,IL2,il2_menten_prolif,0,0.05
4.911337332553252e-06,102.37000000000212,IL2,il2_menten_prolif,0,0.05
4.89956425650561e-06,102.38000000000213,IL2,il2_menten_prolif,0,0.05
4.88781940195929e-06,102.39000000000213,IL2,il2_menten_prolif,0,0.05
4.876102701258837e-06,102.40000000000214,IL2,il2_menten_prolif,0,0.05
4.864414086910278e-06,102.41000000000214,IL2,il2_menten_prolif,0,0.05
4.8527534915806905e-06,102.42000000000215,IL2,il2_menten_prolif,0,0.05
4.841120848097774e-06,102.43000000000215,IL2,il2_menten_prolif,0,0.05
4.829516089449415e-06,102.44000000000216,IL2,il2_menten_prolif,0,0.05
4.81793914878327e-06,102.45000000000216,IL2,il2_menten_prolif,0,0.05
4.806389959408752e-06,102.46000000000217,IL2,il2_menten_prolif,0,0.05
4.794868454848639e-06,102.47000000000217,IL2,il2_menten_prolif,0,0.05
4.783374568760821e-06,102.48000000000218,IL2,il2_menten_prolif,0,0.05
4.771908234941223e-06,102.49000000000218,IL2,il2_menten_prolif,0,0.05
4.760469387344273e-06,102.50000000000219,IL2,il2_menten_prolif,0,0.05
4.749057960082495e-06,102.5100000000022,IL2,il2_menten_prolif,0,0.05
4.737673887426111e-06,102.5200000000022,IL2,il2_menten_prolif,0,0.05
4.726317103802626e-06,102.5300000000022,IL2,il2_menten_prolif,0,0.05
4.714987543796429e-06,102.54000000000221,IL2,il2_menten_prolif,0,0.05
4.703685142148384e-06,102.54,IL2,il2_menten_prolif,0,0.05
4.692409834043267e-06,102.55000000000001,IL2,il2_menten_prolif,0,0.05
4.681161553777085e-06,102.56000000000002,IL2,il2_menten_prolif,0,0.05
4.669940237014304e-06,102.57000000000002,IL2,il2_menten_prolif,0,0.05
4.658745819120267e-06,102.58000000000003,IL2,il2_menten_prolif,0,0.05
4.647578235615e-06,102.59000000000003,IL2,il2_menten_prolif,0,0.05
4.6364374221732375e-06,102.60000000000004,IL2,il2_menten_prolif,0,0.05
4.625323314623869e-06,102.61000000000004,IL2,il2_menten_prolif,0,0.05
4.614235848949552e-06,102.62000000000005,IL2,il2_menten_prolif,0,0.05
4.603174961286486e-06,102.63000000000005,IL2,il2_menten_prolif,0,0.05
4.592140587923928e-06,102.64000000000006,IL2,il2_menten_prolif,0,0.05
4.58113266530385e-06,102.65000000000006,IL2,il2_menten_prolif,0,0.05
4.570151130020589e-06,102.66000000000007,IL2,il2_menten_prolif,0,0.05
4.559195918820475e-06,102.67000000000007,IL2,il2_menten_prolif,0,0.05
4.5482669686014575e-06,102.68000000000008,IL2,il2_menten_prolif,0,0.05
4.537364216412762e-06,102.69000000000008,IL2,il2_menten_prolif,0,0.05
4.526487599454492e-06,102.70000000000009,IL2,il2_menten_prolif,0,0.05
4.515637055077314e-06,102.7100000000001,IL2,il2_menten_prolif,0,0.05
4.504812520782052e-06,102.7200000000001,IL2,il2_menten_prolif,0,0.05
4.494013934219373e-06,102.7300000000001,IL2,il2_menten_prolif,0,0.05
4.4832412331893725e-06,102.74000000000011,IL2,il2_menten_prolif,0,0.05
4.472494355641277e-06,102.75000000000011,IL2,il2_menten_prolif,0,0.05
4.461773239673029e-06,102.76000000000012,IL2,il2_menten_prolif,0,0.05
4.451077823530984e-06,102.77000000000012,IL2,il2_menten_prolif,0,0.05
4.440408045609502e-06,102.78000000000013,IL2,il2_menten_prolif,0,0.05
4.429763844450647e-06,102.79000000000013,IL2,il2_menten_prolif,0,0.05
4.419145158743777e-06,102.80000000000014,IL2,il2_menten_prolif,0,0.05
4.408551927325245e-06,102.81000000000014,IL2,il2_menten_prolif,0,0.05
4.3979840891779975e-06,102.82000000000015,IL2,il2_menten_prolif,0,0.05
4.387441583431257e-06,102.83000000000015,IL2,il2_menten_prolif,0,0.05
4.376924349360174e-06,102.84000000000016,IL2,il2_menten_prolif,0,0.05
4.366432326385438e-06,102.85000000000016,IL2,il2_menten_prolif,0,0.05
4.355965454072981e-06,102.86000000000017,IL2,il2_menten_prolif,0,0.05
4.345523672133583e-06,102.87000000000018,IL2,il2_menten_prolif,0,0.05
4.335106920422544e-06,102.88000000000018,IL2,il2_menten_prolif,0,0.05
4.324715138939359e-06,102.89000000000019,IL2,il2_menten_prolif,0,0.05
4.314348267827325e-06,102.90000000000019,IL2,il2_menten_prolif,0,0.05
4.304006247373248e-06,102.9100000000002,IL2,il2_menten_prolif,0,0.05
4.293689018007056e-06,102.9200000000002,IL2,il2_menten_prolif,0,0.05
4.283396520301473e-06,102.9300000000002,IL2,il2_menten_prolif,0,0.05
4.273128694971695e-06,102.94000000000021,IL2,il2_menten_prolif,0,0.05
4.2628854828750095e-06,102.95000000000022,IL2,il2_menten_prolif,0,0.05
4.252666825010497e-06,102.96000000000022,IL2,il2_menten_prolif,0,0.05
4.242472662518653e-06,102.97000000000023,IL2,il2_menten_prolif,0,0.05
4.232302936681071e-06,102.98000000000023,IL2,il2_menten_prolif,0,0.05
4.222157588920111e-06,102.99000000000024,IL2,il2_menten_prolif,0,0.05
4.212036560798535e-06,103.00000000000024,IL2,il2_menten_prolif,0,0.05
4.201939794019198e-06,103.01000000000025,IL2,il2_menten_prolif,0,0.05
4.191867230424688e-06,103.02000000000025,IL2,il2_menten_prolif,0,0.05
4.181818811997017e-06,103.03000000000026,IL2,il2_menten_prolif,0,0.05
4.171794480857267e-06,103.04000000000026,IL2,il2_menten_prolif,0,0.05
4.161794179265258e-06,103.05000000000027,IL2,il2_menten_prolif,0,0.05
4.151817849619229e-06,103.06000000000027,IL2,il2_menten_prolif,0,0.05
4.1418654344554935e-06,103.07000000000028,IL2,il2_menten_prolif,0,0.05
4.131936876448111e-06,103.08000000000028,IL2,il2_menten_prolif,0,0.05
4.122032118408561e-06,103.09000000000029,IL2,il2_menten_prolif,0,0.05
4.112151103285409e-06,103.10000000000029,IL2,il2_menten_prolif,0,0.05
4.102293774163982e-06,103.1100000000003,IL2,il2_menten_prolif,0,0.05
4.092460074266037e-06,103.1200000000003,IL2,il2_menten_prolif,0,0.05
4.0826499469494335e-06,103.13000000000031,IL2,il2_menten_prolif,0,0.05
4.072863335707812e-06,103.14000000000031,IL2,il2_menten_prolif,0,0.05
4.063100184170265e-06,103.15000000000032,IL2,il2_menten_prolif,0,0.05
4.053360436101015e-06,103.16000000000032,IL2,il2_menten_prolif,0,0.05
4.043644035399081e-06,103.17000000000033,IL2,il2_menten_prolif,0,0.05
4.033950926097971e-06,103.18000000000033,IL2,il2_menten_prolif,0,0.05
4.024281052365348e-06,103.19000000000034,IL2,il2_menten_prolif,0,0.05
4.014634358502714e-06,103.20000000000034,IL2,il2_menten_prolif,0,0.05
4.005010788945085e-06,103.21000000000035,IL2,il2_menten_prolif,0,0.05
3.995410288260673e-06,103.22000000000035,IL2,il2_menten_prolif,0,0.05
3.985832801150568e-06,103.23000000000036,IL2,il2_menten_prolif,0,0.05
3.976278272448418e-06,103.24000000000036,IL2,il2_menten_prolif,0,0.05
3.9667466471201135e-06,103.25000000000037,IL2,il2_menten_prolif,0,0.05
3.957237870263461e-06,103.26000000000037,IL2,il2_menten_prolif,0,0.05
3.9477518871078825e-06,103.27000000000038,IL2,il2_menten_prolif,0,0.05
3.938288643014092e-06,103.28000000000038,IL2,il2_menten_prolif,0,0.05
3.928848083473769e-06,103.29000000000039,IL2,il2_menten_prolif,0,0.05
3.919430154109271e-06,103.3000000000004,IL2,il2_menten_prolif,0,0.05
3.910034800673299e-06,103.3100000000004,IL2,il2_menten_prolif,0,0.05
3.900661969048585e-06,103.3200000000004,IL2,il2_menten_prolif,0,0.05
3.8913116052476e-06,103.33000000000041,IL2,il2_menten_prolif,0,0.05
3.881983655412219e-06,103.34000000000042,IL2,il2_menten_prolif,0,0.05
3.87267806581343e-06,103.35000000000042,IL2,il2_menten_prolif,0,0.05
3.863394782851003e-06,103.36000000000043,IL2,il2_menten_prolif,0,0.05
3.854133753053208e-06,103.37000000000043,IL2,il2_menten_prolif,0,0.05
3.8448949230764885e-06,103.38000000000044,IL2,il2_menten_prolif,0,0.05
3.835678239705153e-06,103.39000000000044,IL2,il2_menten_prolif,0,0.05
3.8264836498510835e-06,103.40000000000045,IL2,il2_menten_prolif,0,0.05
3.817311100553421e-06,103.41000000000045,IL2,il2_menten_prolif,0,0.05
3.808160538978246e-06,103.42000000000046,IL2,il2_menten_prolif,0,0.05
3.799031912418307e-06,103.43000000000046,IL2,il2_menten_prolif,0,0.05
3.789925168292685e-06,103.44000000000047,IL2,il2_menten_prolif,0,0.05
3.780840254146516e-06,103.45000000000047,IL2,il2_menten_prolif,0,0.05
3.7717771176506593e-06,103.46000000000048,IL2,il2_menten_prolif,0,0.05
3.7627357066014295e-06,103.47000000000048,IL2,il2_menten_prolif,0,0.05
3.753715968920276e-06,103.48000000000049,IL2,il2_menten_prolif,0,0.05
3.7447178526534773e-06,103.49000000000049,IL2,il2_menten_prolif,0,0.05
3.735741305971865e-06,103.5000000000005,IL2,il2_menten_prolif,0,0.05
3.7267862771705083e-06,103.5100000000005,IL2,il2_menten_prolif,0,0.05
3.7178527146684054e-06,103.52000000000051,IL2,il2_menten_prolif,0,0.05
3.70894056700822e-06,103.53000000000051,IL2,il2_menten_prolif,0,0.05
3.7000497828559536e-06,103.54000000000052,IL2,il2_menten_prolif,0,0.05
3.6911803110006714e-06,103.55000000000052,IL2,il2_menten_prolif,0,0.05
3.682332100354181e-06,103.56000000000053,IL2,il2_menten_prolif,0,0.05
3.6735050999507712e-06,103.57000000000053,IL2,il2_menten_prolif,0,0.05
3.6646992589468934e-06,103.58000000000054,IL2,il2_menten_prolif,0,0.05
3.6559145266208815e-06,103.59000000000054,IL2,il2_menten_prolif,0,0.05
3.6471508523726483e-06,103.60000000000055,IL2,il2_menten_prolif,0,0.05
3.6384081857234078e-06,103.61000000000055,IL2,il2_menten_prolif,0,0.05
3.6296864763153773e-06,103.62000000000056,IL2,il2_menten_prolif,0,0.05
3.6209856739114893e-06,103.63000000000056,IL2,il2_menten_prolif,0,0.05
3.6123057283950898e-06,103.64000000000057,IL2,il2_menten_prolif,0,0.05
3.6036465897696743e-06,103.65000000000057,IL2,il2_menten_prolif,0,0.05
3.5950082081585786e-06,103.66000000000058,IL2,il2_menten_prolif,0,0.05
3.5863905338047054e-06,103.67000000000058,IL2,il2_menten_prolif,0,0.05
3.577793517070218e-06,103.68000000000059,IL2,il2_menten_prolif,0,0.05
3.569217108436282e-06,103.6900000000006,IL2,il2_menten_prolif,0,0.05
3.560661258502762e-06,103.7000000000006,IL2,il2_menten_prolif,0,0.05
3.552125917987932e-06,103.7100000000006,IL2,il2_menten_prolif,0,0.05
3.54361103772821e-06,103.72000000000061,IL2,il2_menten_prolif,0,0.05
3.535116568677863e-06,103.73000000000062,IL2,il2_menten_prolif,0,0.05
3.52664246190873e-06,103.74000000000062,IL2,il2_menten_prolif,0,0.05
3.5181886686099235e-06,103.75000000000063,IL2,il2_menten_prolif,0,0.05
3.5097551400875753e-06,103.76000000000063,IL2,il2_menten_prolif,0,0.05
3.501341827764538e-06,103.77000000000064,IL2,il2_menten_prolif,0,0.05
3.4929486831801103e-06,103.78000000000064,IL2,il2_menten_prolif,0,0.05
3.4845756579897535e-06,103.79000000000065,IL2,il2_menten_prolif,0,0.05
3.476222703964822e-06,103.80000000000065,IL2,il2_menten_prolif,0,0.05
3.467889772992274e-06,103.81000000000066,IL2,il2_menten_prolif,0,0.05
3.4595768170744093e-06,103.82000000000066,IL2,il2_menten_prolif,0,0.05
3.4512837883285746e-06,103.83000000000067,IL2,il2_menten_prolif,0,0.05
3.443010638986903e-06,103.84000000000067,IL2,il2_menten_prolif,0,0.05
3.4347573213960313e-06,103.85000000000068,IL2,il2_menten_prolif,0,0.05
3.4265237880168276e-06,103.86000000000068,IL2,il2_menten_prolif,0,0.05
3.4183099914241165e-06,103.87000000000069,IL2,il2_menten_prolif,0,0.05
3.410115884306406e-06,103.88000000000069,IL2,il2_menten_prolif,0,0.05
3.4019414194656182e-06,103.8900000000007,IL2,il2_menten_prolif,0,0.05
3.3937865498168127e-06,103.9000000000007,IL2,il2_menten_prolif,0,0.05
3.3856512283879167e-06,103.91000000000071,IL2,il2_menten_prolif,0,0.05
3.3775354083194567e-06,103.92000000000071,IL2,il2_menten_prolif,0,0.05
3.3694390428642873e-06,103.93000000000072,IL2,il2_menten_prolif,0,0.05
3.3613620853873203e-06,103.94000000000072,IL2,il2_menten_prolif,0,0.05
3.3533044893652586e-06,103.95000000000073,IL2,il2_menten_prolif,0,0.05
3.3452662083863273e-06,103.96000000000073,IL2,il2_menten_prolif,0,0.05
3.3372471961500054e-06,103.97000000000074,IL2,il2_menten_prolif,0,0.05
3.329247406466759e-06,103.98000000000074,IL2,il2_menten_prolif,0,0.05
3.32126679325778e-06,103.99000000000075,IL2,il2_menten_prolif,0,0.05
3.3133053105547122e-06,104.00000000000075,IL2,il2_menten_prolif,0,0.05
3.305362912499394e-06,104.01000000000076,IL2,il2_menten_prolif,0,0.05
3.2974395533435902e-06,104.02000000000076,IL2,il2_menten_prolif,0,0.05
3.2895351874487295e-06,104.03000000000077,IL2,il2_menten_prolif,0,0.05
3.2816497692856463e-06,104.04000000000077,IL2,il2_menten_prolif,0,0.05
3.273783253434305e-06,104.05000000000078,IL2,il2_menten_prolif,0,0.05
3.2659355945835554e-06,104.06000000000078,IL2,il2_menten_prolif,0,0.05
3.2581067475308586e-06,104.07000000000079,IL2,il2_menten_prolif,0,0.05
3.2502966671820387e-06,104.0800000000008,IL2,il2_menten_prolif,0,0.05
3.24250530855101e-06,104.0900000000008,IL2,il2_menten_prolif,0,0.05
3.2347326267595244e-06,104.1000000000008,IL2,il2_menten_prolif,0,0.05
3.2269785770369127e-06,104.11000000000081,IL2,il2_menten_prolif,0,0.05
3.2192431147198238e-06,104.12000000000081,IL2,il2_menten_prolif,0,0.05
3.211526195251988e-06,104.13000000000082,IL2,il2_menten_prolif,0,0.05
3.203827774183933e-06,104.14000000000082,IL2,il2_menten_prolif,0,0.05
3.1961478071727275e-06,104.15000000000083,IL2,il2_menten_prolif,0,0.05
3.188486249981725e-06,104.16000000000084,IL2,il2_menten_prolif,0,0.05
3.180843058480311e-06,104.17000000000084,IL2,il2_menten_prolif,0,0.05
3.173218188643713e-06,104.18000000000085,IL2,il2_menten_prolif,0,0.05
3.16561159655268e-06,104.19000000000085,IL2,il2_menten_prolif,0,0.05
3.1580232383932116e-06,104.20000000000086,IL2,il2_menten_prolif,0,0.05
3.150453070456328e-06,104.21000000000086,IL2,il2_menten_prolif,0,0.05
3.1429010491378003e-06,104.22000000000087,IL2,il2_menten_prolif,0,0.05
3.135367130938002e-06,104.23000000000087,IL2,il2_menten_prolif,0,0.05
3.1278512724615703e-06,104.24000000000088,IL2,il2_menten_prolif,0,0.05
3.1203534304171346e-06,104.25000000000088,IL2,il2_menten_prolif,0,0.05
3.1128735616170864e-06,104.26000000000089,IL2,il2_menten_prolif,0,0.05
3.1054116229773244e-06,104.27000000000089,IL2,il2_menten_prolif,0,0.05
3.097967571517084e-06,104.2800000000009,IL2,il2_menten_prolif,0,0.05
3.090541364358646e-06,104.2900000000009,IL2,il2_menten_prolif,0,0.05
3.08313295872703e-06,104.3000000000009,IL2,il2_menten_prolif,0,0.05
3.075742311949784e-06,104.31000000000091,IL2,il2_menten_prolif,0,0.05
3.0683693814567302e-06,104.32000000000092,IL2,il2_menten_prolif,0,0.05
3.061014124779775e-06,104.33000000000092,IL2,il2_menten_prolif,0,0.05
3.0536764995526666e-06,104.34000000000093,IL2,il2_menten_prolif,0,0.05
3.046356463510658e-06,104.35000000000093,IL2,il2_menten_prolif,0,0.05
3.039053974490307e-06,104.36000000000094,IL2,il2_menten_prolif,0,0.05
3.0317689904292287e-06,104.37000000000094,IL2,il2_menten_prolif,0,0.05
3.0245014693658926e-06,104.38000000000095,IL2,il2_menten_prolif,0,0.05
3.0172513694394314e-06,104.39000000000095,IL2,il2_menten_prolif,0,0.05
3.010018648889242e-06,104.40000000000096,IL2,il2_menten_prolif,0,0.05
3.0028032660548175e-06,104.41000000000096,IL2,il2_menten_prolif,0,0.05
2.9956051793754986e-06,104.42000000000097,IL2,il2_menten_prolif,0,0.05
2.988424347390225e-06,104.43000000000097,IL2,il2_menten_prolif,0,0.05
2.981260728737424e-06,104.44000000000098,IL2,il2_menten_prolif,0,0.05
2.9741142821547004e-06,104.45000000000098,IL2,il2_menten_prolif,0,0.05
2.9669849664785004e-06,104.46000000000099,IL2,il2_menten_prolif,0,0.05
2.959872740643929e-06,104.470000000001,IL2,il2_menten_prolif,0,0.05
2.9527775636845156e-06,104.480000000001,IL2,il2_menten_prolif,0,0.05
2.9456993947319632e-06,104.490000000001,IL2,il2_menten_prolif,0,0.05
2.938638193016063e-06,104.50000000000101,IL2,il2_menten_prolif,0,0.05
2.93159391786432e-06,104.51000000000101,IL2,il2_menten_prolif,0,0.05
2.9245665287016834e-06,104.52000000000102,IL2,il2_menten_prolif,0,0.05
2.9175559850503533e-06,104.53000000000102,IL2,il2_menten_prolif,0,0.05
2.910562246529542e-06,104.54000000000103,IL2,il2_menten_prolif,0,0.05
2.9035852728552436e-06,104.55000000000103,IL2,il2_menten_prolif,0,0.05
2.896625023840157e-06,104.56000000000104,IL2,il2_menten_prolif,0,0.05
2.889681459393254e-06,104.57000000000104,IL2,il2_menten_prolif,0,0.05
2.8827545395195786e-06,104.58000000000105,IL2,il2_menten_prolif,0,0.05
2.875844224320031e-06,104.59000000000106,IL2,il2_menten_prolif,0,0.05
2.868950473991137e-06,104.60000000000106,IL2,il2_menten_prolif,0,0.05
2.8620732488248356e-06,104.61000000000107,IL2,il2_menten_prolif,0,0.05
2.8552125092083842e-06,104.62000000000107,IL2,il2_menten_prolif,0,0.05
2.848368215623917e-06,104.63000000000108,IL2,il2_menten_prolif,0,0.05
2.841540328648277e-06,104.64000000000108,IL2,il2_menten_prolif,0,0.05
2.8347288089527914e-06,104.65000000000109,IL2,il2_menten_prolif,0,0.05
2.8279336173030438e-06,104.66000000000109,IL2,il2_menten_prolif,0,0.05
2.821154714552014e-06,104.6700000000011,IL2,il2_menten_prolif,0,0.05
2.814392061671073e-06,104.6800000000011,IL2,il2_menten_prolif,0,0.05
2.8076456196934913e-06,104.6900000000011,IL2,il2_menten_prolif,0,0.05
2.800915349761255e-06,104.70000000000111,IL2,il2_menten_prolif,0,0.05
2.7942012131087755e-06,104.71000000000112,IL2,il2_menten_prolif,0,0.05
2.787503171062889e-06,104.72000000000112,IL2,il2_menten_prolif,0,0.05
2.7808211850423963e-06,104.73000000000113,IL2,il2_menten_prolif,0,0.05
2.7741552165580226e-06,104.74000000000113,IL2,il2_menten_prolif,0,0.05
2.7675052272133737e-06,104.75000000000114,IL2,il2_menten_prolif,0,0.05
2.7608711787044345e-06,104.76000000000114,IL2,il2_menten_prolif,0,0.05
2.7542530328195615e-06,104.77000000000115,IL2,il2_menten_prolif,0,0.05
2.747650751439477e-06,104.78000000000115,IL2,il2_menten_prolif,0,0.05
2.7410642965372755e-06,104.79000000000116,IL2,il2_menten_prolif,0,0.05
2.7344936301772482e-06,104.80000000000116,IL2,il2_menten_prolif,0,0.05
2.7279387145034656e-06,104.81000000000117,IL2,il2_menten_prolif,0,0.05
2.7213995117566913e-06,104.82000000000117,IL2,il2_menten_prolif,0,0.05
2.7148759842719147e-06,104.83000000000118,IL2,il2_menten_prolif,0,0.05
2.7083680944756855e-06,104.84000000000118,IL2,il2_menten_prolif,0,0.05
2.701875804886114e-06,104.85000000000119,IL2,il2_menten_prolif,0,0.05
2.6953990781128696e-06,104.8600000000012,IL2,il2_menten_prolif,0,0.05
2.6889378768571867e-06,104.8700000000012,IL2,il2_menten_prolif,0,0.05
2.6824921638990533e-06,104.8800000000012,IL2,il2_menten_prolif,0,0.05
2.6760619020954104e-06,104.89000000000121,IL2,il2_menten_prolif,0,0.05
2.669647054408077e-06,104.90000000000121,IL2,il2_menten_prolif,0,0.05
2.663247583889068e-06,104.91000000000122,IL2,il2_menten_prolif,0,0.05
2.6568634536803998e-06,104.92000000000122,IL2,il2_menten_prolif,0,0.05
2.650494627014084e-06,104.93000000000123,IL2,il2_menten_prolif,0,0.05
2.6441410672121273e-06,104.94000000000123,IL2,il2_menten_prolif,0,0.05
2.6378027376842184e-06,104.95000000000124,IL2,il2_menten_prolif,0,0.05
2.631479601905009e-06,104.96000000000124,IL2,il2_menten_prolif,0,0.05
2.625171623447761e-06,104.97000000000125,IL2,il2_menten_prolif,0,0.05
2.618878765979412e-06,104.98000000000125,IL2,il2_menten_prolif,0,0.05
2.6126009932552905e-06,104.99000000000126,IL2,il2_menten_prolif,0,0.05
2.606338269119114e-06,105.00000000000126,IL2,il2_menten_prolif,0,0.05
2.6000905575029964e-06,105.01000000000127,IL2,il2_menten_prolif,0,0.05
2.593857822427437e-06,105.02000000000127,IL2,il2_menten_prolif,0,0.05
2.587640027988428e-06,105.03000000000128,IL2,il2_menten_prolif,0,0.05
2.5814371383556236e-06,105.04000000000129,IL2,il2_menten_prolif,0,0.05
2.5752491178004916e-06,105.05000000000129,IL2,il2_menten_prolif,0,0.05
2.5690759306815217e-06,105.0600000000013,IL2,il2_menten_prolif,0,0.05
2.562917541444015e-06,105.0700000000013,IL2,il2_menten_prolif,0,0.05
2.556773914620093e-06,105.0800000000013,IL2,il2_menten_prolif,0,0.05
2.550645014828686e-06,105.09000000000131,IL2,il2_menten_prolif,0,0.05
2.5445308067733145e-06,105.10000000000132,IL2,il2_menten_prolif,0,0.05
2.5384312552201393e-06,105.11000000000132,IL2,il2_menten_prolif,0,0.05
2.532346325030468e-06,105.12000000000133,IL2,il2_menten_prolif,0,0.05
2.526275981155963e-06,105.13000000000133,IL2,il2_menten_prolif,0,0.05
2.5202201886335535e-06,105.14000000000134,IL2,il2_menten_prolif,0,0.05
2.5141789125854355e-06,105.15000000000134,IL2,il2_menten_prolif,0,0.05
2.5081521182190717e-06,105.16000000000135,IL2,il2_menten_prolif,0,0.05
2.502139770827188e-06,105.17000000000135,IL2,il2_menten_prolif,0,0.05
2.4961418357753366e-06,105.18000000000136,IL2,il2_menten_prolif,0,0.05
2.4901582785001094e-06,105.19000000000136,IL2,il2_menten_prolif,0,0.05
2.4841890645363307e-06,105.20000000000137,IL2,il2_menten_prolif,0,0.05
2.4782341595027625e-06,105.21000000000137,IL2,il2_menten_prolif,0,0.05
2.4722935291019118e-06,105.22000000000138,IL2,il2_menten_prolif,0,0.05
2.4663671391200315e-06,105.23000000000138,IL2,il2_menten_prolif,0,0.05
2.4604549554271174e-06,105.24000000000139,IL2,il2_menten_prolif,0,0.05
2.454556943974763e-06,105.25000000000139,IL2,il2_menten_prolif,0,0.05
2.4486730707749867e-06,105.2600000000014,IL2,il2_menten_prolif,0,0.05
2.442803301931591e-06,105.2700000000014,IL2,il2_menten_prolif,0,0.05
2.4369476036355368e-06,105.28000000000141,IL2,il2_menten_prolif,0,0.05
2.431105942160036e-06,105.29000000000141,IL2,il2_menten_prolif,0,0.05
2.4252782838605562e-06,105.30000000000142,IL2,il2_menten_prolif,0,0.05
2.419464595174811e-06,105.31000000000142,IL2,il2_menten_prolif,0,0.05
2.4136648426227683e-06,105.32000000000143,IL2,il2_menten_prolif,0,0.05
2.4078789927946413e-06,105.33000000000143,IL2,il2_menten_prolif,0,0.05
2.402107012349176e-06,105.34000000000144,IL2,il2_menten_prolif,0,0.05
2.396348868039875e-06,105.35000000000144,IL2,il2_menten_prolif,0,0.05
2.3906045267012096e-06,105.36000000000145,IL2,il2_menten_prolif,0,0.05
2.3848739552484368e-06,105.37000000000145,IL2,il2_menten_prolif,0,0.05
2.379157120677598e-06,105.38000000000146,IL2,il2_menten_prolif,0,0.05
2.373453990065515e-06,105.39000000000146,IL2,il2_menten_prolif,0,0.05
2.3677645305677233e-06,105.40000000000147,IL2,il2_menten_prolif,0,0.05
2.3620887093980473e-06,105.41000000000147,IL2,il2_menten_prolif,0,0.05
2.3564264938588476e-06,105.42000000000148,IL2,il2_menten_prolif,0,0.05
2.3507778513365633e-06,105.43000000000148,IL2,il2_menten_prolif,0,0.05
2.345142749296977e-06,105.44000000000149,IL2,il2_menten_prolif,0,0.05
2.339521155285215e-06,105.4500000000015,IL2,il2_menten_prolif,0,0.05
2.3339130369257444e-06,105.4600000000015,IL2,il2_menten_prolif,0,0.05
2.328318361922377e-06,105.4700000000015,IL2,il2_menten_prolif,0,0.05
2.3227370980466875e-06,105.48000000000151,IL2,il2_menten_prolif,0,0.05
2.3171692131363567e-06,105.49000000000152,IL2,il2_menten_prolif,0,0.05
2.311614675120475e-06,105.50000000000152,IL2,il2_menten_prolif,0,0.05
2.306073452006238e-06,105.51000000000153,IL2,il2_menten_prolif,0,0.05
2.3005455118787677e-06,105.52000000000153,IL2,il2_menten_prolif,0,0.05
2.295030822901116e-06,105.53000000000154,IL2,il2_menten_prolif,0,0.05
2.2895293533142597e-06,105.54000000000154,IL2,il2_menten_prolif,0,0.05
2.284041071435104e-06,105.55000000000155,IL2,il2_menten_prolif,0,0.05
2.2785659456367825e-06,105.56000000000155,IL2,il2_menten_prolif,0,0.05
2.2731039443778358e-06,105.57000000000156,IL2,il2_menten_prolif,0,0.05
2.2676550361979087e-06,105.58000000000156,IL2,il2_menten_prolif,0,0.05
2.262219189713184e-06,105.59000000000157,IL2,il2_menten_prolif,0,0.05
2.2567963736163825e-06,105.60000000000157,IL2,il2_menten_prolif,0,0.05
2.251386556676761e-06,105.61000000000158,IL2,il2_menten_prolif,0,0.05
2.2459897077401156e-06,105.62000000000158,IL2,il2_menten_prolif,0,0.05
2.2406057957176065e-06,105.63000000000159,IL2,il2_menten_prolif,0,0.05
2.2352347895841682e-06,105.64000000000159,IL2,il2_menten_prolif,0,0.05
2.229876658402906e-06,105.6500000000016,IL2,il2_menten_prolif,0,0.05
2.224531371312273e-06,105.6600000000016,IL2,il2_menten_prolif,0,0.05
2.219198897525891e-06,105.67000000000161,IL2,il2_menten_prolif,0,0.05
2.2138792063325573e-06,105.68000000000161,IL2,il2_menten_prolif,0,0.05
2.2085722670962405e-06,105.69000000000162,IL2,il2_menten_prolif,0,0.05
2.203278049254148e-06,105.70000000000162,IL2,il2_menten_prolif,0,0.05
2.197996522297732e-06,105.71000000000163,IL2,il2_menten_prolif,0,0.05
2.1927276558008284e-06,105.72000000000163,IL2,il2_menten_prolif,0,0.05
2.1874714194155116e-06,105.73000000000164,IL2,il2_menten_prolif,0,0.05
2.1822277828676872e-06,105.74000000000164,IL2,il2_menten_prolif,0,0.05
2.176996715957092e-06,105.75000000000165,IL2,il2_menten_prolif,0,0.05
2.1717781885572924e-06,105.76000000000165,IL2,il2_menten_prolif,0,0.05
2.1665721706156885e-06,105.77000000000166,IL2,il2_menten_prolif,0,0.05
2.1613786321613057e-06,105.78000000000166,IL2,il2_menten_prolif,0,0.05
2.1561975432185835e-06,105.79000000000167,IL2,il2_menten_prolif,0,0.05
2.1510288739787765e-06,105.80000000000167,IL2,il2_menten_prolif,0,0.05
2.1458725946692716e-06,105.81000000000168,IL2,il2_menten_prolif,0,0.05
2.1407286755907784e-06,105.82000000000168,IL2,il2_menten_prolif,0,0.05
2.1355970871171557e-06,105.83000000000169,IL2,il2_menten_prolif,0,0.05
2.1304777996952394e-06,105.8400000000017,IL2,il2_menten_prolif,0,0.05
2.1253707838391344e-06,105.8500000000017,IL2,il2_menten_prolif,0,0.05
2.120276010081693e-06,105.8600000000017,IL2,il2_menten_prolif,0,0.05
2.1151934490616754e-06,105.87000000000171,IL2,il2_menten_prolif,0,0.05
2.1101230715029583e-06,105.88000000000171,IL2,il2_menten_prolif,0,0.05
2.1050648482006595e-06,105.89000000000172,IL2,il2_menten_prolif,0,0.05
2.100018750020936e-06,105.90000000000173,IL2,il2_menten_prolif,0,0.05
2.094984747900788e-06,105.91000000000173,IL2,il2_menten_prolif,0,0.05
2.0899628128478585e-06,105.92000000000174,IL2,il2_menten_prolif,0,0.05
2.084952915940238e-06,105.93000000000174,IL2,il2_menten_prolif,0,0.05
2.079955028326262e-06,105.94000000000175,IL2,il2_menten_prolif,0,0.05
2.0749691212243173e-06,105.95000000000175,IL2,il2_menten_prolif,0,0.05
2.0699951659226398e-06,105.96000000000176,IL2,il2_menten_prolif,0,0.05
2.0650331337791174e-06,105.97000000000176,IL2,il2_menten_prolif,0,0.05
2.060082996221094e-06,105.98000000000177,IL2,il2_menten_prolif,0,0.05
2.0551447247451667e-06,105.99000000000177,IL2,il2_menten_prolif,0,0.05
2.0502182909169915e-06,106.00000000000178,IL2,il2_menten_prolif,0,0.05
2.0453036663710823e-06,106.01000000000178,IL2,il2_menten_prolif,0,0.05
2.0404008228106137e-06,106.02000000000179,IL2,il2_menten_prolif,0,0.05
2.035509732007223e-06,106.03000000000179,IL2,il2_menten_prolif,0,0.05
2.0306303658008116e-06,106.0400000000018,IL2,il2_menten_prolif,0,0.05
2.0257626960993446e-06,106.0500000000018,IL2,il2_menten_prolif,0,0.05
2.0209066948786564e-06,106.0600000000018,IL2,il2_menten_prolif,0,0.05
2.0160623341822506e-06,106.07000000000181,IL2,il2_menten_prolif,0,0.05
2.0112295861210985e-06,106.08000000000182,IL2,il2_menten_prolif,0,0.05
2.006408422843663e-06,106.09000000000182,IL2,il2_menten_prolif,0,0.05
2.0015988165360223e-06,106.10000000000183,IL2,il2_menten_prolif,0,0.05
1.9968007394959754e-06,106.11000000000183,IL2,il2_menten_prolif,0,0.05
1.9920141640879905e-06,106.12000000000184,IL2,il2_menten_prolif,0,0.05
1.9872390627420917e-06,106.13000000000184,IL2,il2_menten_prolif,0,0.05
1.9824754079536303e-06,106.14000000000185,IL2,il2_menten_prolif,0,0.05
1.977723172283066e-06,106.15000000000185,IL2,il2_menten_prolif,0,0.05
1.9729823283557452e-06,106.16000000000186,IL2,il2_menten_prolif,0,0.05
1.968252848861675e-06,106.17000000000186,IL2,il2_menten_prolif,0,0.05
1.963534706555304e-06,106.18000000000187,IL2,il2_menten_prolif,0,0.05
1.9588278742552965e-06,106.19000000000187,IL2,il2_menten_prolif,0,0.05
1.9541323248443135e-06,106.20000000000188,IL2,il2_menten_prolif,0,0.05
1.949448031268786e-06,106.21000000000188,IL2,il2_menten_prolif,0,0.05
1.9447749665386965e-06,106.22000000000189,IL2,il2_menten_prolif,0,0.05
1.940113103727353e-06,106.2300000000019,IL2,il2_menten_prolif,0,0.05
1.9354624159711682e-06,106.2400000000019,IL2,il2_menten_prolif,0,0.05
1.9308228764694356e-06,106.2500000000019,IL2,il2_menten_prolif,0,0.05
1.92619445848411e-06,106.26000000000191,IL2,il2_menten_prolif,0,0.05
1.9215771353395803e-06,106.27000000000191,IL2,il2_menten_prolif,0,0.05
1.9169708804224508e-06,106.28000000000192,IL2,il2_menten_prolif,0,0.05
1.9123756671813155e-06,106.29000000000192,IL2,il2_menten_prolif,0,0.05
1.907791469126539e-06,106.30000000000193,IL2,il2_menten_prolif,0,0.05
1.9032182598300308e-06,106.31000000000193,IL2,il2_menten_prolif,0,0.05
1.8986560129342098e-06,106.32000000000194,IL2,il2_menten_prolif,0,0.05
1.8941047022736555e-06,106.33000000000195,IL2,il2_menten_prolif,0,0.05
1.8895643016743315e-06,106.34000000000195,IL2,il2_menten_prolif,0,0.05
1.8850347849839932e-06,106.35000000000196,IL2,il2_menten_prolif,0,0.05
1.8805161261129191e-06,106.36000000000196,IL2,il2_menten_prolif,0,0.05
1.8760082990337471e-06,106.37000000000197,IL2,il2_menten_prolif,0,0.05
1.8715112777813031e-06,106.38000000000197,IL2,il2_menten_prolif,0,0.05
1.8670250364524374e-06,106.39000000000198,IL2,il2_menten_prolif,0,0.05
1.8625495492058566e-06,106.40000000000198,IL2,il2_menten_prolif,0,0.05
1.8580847902619576e-06,106.41000000000199,IL2,il2_menten_prolif,0,0.05
1.8536307339026565e-06,106.42000000000199,IL2,il2_menten_prolif,0,0.05
1.8491873544712276e-06,106.430000000002,IL2,il2_menten_prolif,0,0.05
1.8447546263721323e-06,106.440000000002,IL2,il2_menten_prolif,0,0.05
1.8403325240708537e-06,106.450000000002,IL2,il2_menten_prolif,0,0.05
1.835921022093728e-06,106.46000000000201,IL2,il2_menten_prolif,0,0.05
1.8315200950277796e-06,106.47000000000202,IL2,il2_menten_prolif,0,0.05
1.8271297175205517e-06,106.48000000000202,IL2,il2_menten_prolif,0,0.05
1.822749864279943e-06,106.49000000000203,IL2,il2_menten_prolif,0,0.05
1.818380510074037e-06,106.50000000000203,IL2,il2_menten_prolif,0,0.05
1.8140216297309358e-06,106.51000000000204,IL2,il2_menten_prolif,0,0.05
1.8096731981385943e-06,106.52000000000204,IL2,il2_menten_prolif,0,0.05
1.8053351902446526e-06,106.53000000000205,IL2,il2_menten_prolif,0,0.05
1.801007581056269e-06,106.54000000000205,IL2,il2_menten_prolif,0,0.05
1.7966903456399521e-06,106.55000000000206,IL2,il2_menten_prolif,0,0.05
1.792383459137491e-06,106.56000000000206,IL2,il2_menten_prolif,0,0.05
1.7880868967731672e-06,106.57000000000207,IL2,il2_menten_prolif,0,0.05
1.7838006338002992e-06,106.58000000000207,IL2,il2_menten_prolif,0,0.05
1.7795246455302852e-06,106.59000000000208,IL2,il2_menten_prolif,0,0.05
1.7752589073336288e-06,106.60000000000208,IL2,il2_menten_prolif,0,0.05
1.7710033946397897e-06,106.61000000000209,IL2,il2_menten_prolif,0,0.05
1.7667580829370285e-06,106.6200000000021,IL2,il2_menten_prolif,0,0.05
1.7625229477722581e-06,106.6300000000021,IL2,il2_menten_prolif,0,0.05
1.7582979647508922e-06,106.6400000000021,IL2,il2_menten_prolif,0,0.05
1.7540831095366914e-06,106.65000000000211,IL2,il2_menten_prolif,0,0.05
1.7498783578516142e-06,106.66000000000211,IL2,il2_menten_prolif,0,0.05
1.7456836854756633e-06,106.67000000000212,IL2,il2_menten_prolif,0,0.05
1.7414990682467362e-06,106.68000000000212,IL2,il2_menten_prolif,0,0.05
1.7373244820604726e-06,106.69000000000213,IL2,il2_menten_prolif,0,0.05
1.733159902870103e-06,106.70000000000213,IL2,il2_menten_prolif,0,0.05
1.729005306686296e-06,106.71000000000214,IL2,il2_menten_prolif,0,0.05
1.7248606695770098e-06,106.72000000000214,IL2,il2_menten_prolif,0,0.05
1.7207259676673372e-06,106.73000000000215,IL2,il2_menten_prolif,0,0.05
1.7166011771393565e-06,106.74000000000215,IL2,il2_menten_prolif,0,0.05
1.7124862742319787e-06,106.75000000000216,IL2,il2_menten_prolif,0,0.05
1.7083812352407975e-06,106.76000000000217,IL2,il2_menten_prolif,0,0.05
1.704286036517935e-06,106.77000000000217,IL2,il2_menten_prolif,0,0.05
1.700200654471893e-06,106.78000000000218,IL2,il2_menten_prolif,0,0.05
1.696125065568257e-06,106.79000000000218,IL2,il2_menten_prolif,0,0.05
1.6920592463479061e-06,106.80000000000219,IL2,il2_menten_prolif,0,0.05
1.6880031733993993e-06,106.81000000000219,IL2,il2_menten_prolif,0,0.05
1.683956823360006e-06,106.8200000000022,IL2,il2_menten_prolif,0,0.05
1.6799201729229302e-06,106.8300000000022,IL2,il2_menten_prolif,0,0.05
1.6758931988371671e-06,106.8400000000022,IL2,il2_menten_prolif,0,0.05
1.6718758779073608e-06,106.85000000000221,IL2,il2_menten_prolif,0,0.05
1.6678681869936596e-06,106.86000000000222,IL2,il2_menten_prolif,0,0.05
1.6638701030115738e-06,106.87000000000222,IL2,il2_menten_prolif,0,0.05
1.6598816029318327e-06,106.88000000000223,IL2,il2_menten_prolif,0,0.05
1.6559026637802405e-06,106.89000000000223,IL2,il2_menten_prolif,0,0.05
1.651933262637535e-06,106.90000000000224,IL2,il2_menten_prolif,0,0.05
1.647973376639242e-06,106.91000000000224,IL2,il2_menten_prolif,0,0.05
1.6440229829755331e-06,106.92000000000225,IL2,il2_menten_prolif,0,0.05
1.640082058891084e-06,106.93000000000225,IL2,il2_menten_prolif,0,0.05
1.6361505816849296e-06,106.94000000000226,IL2,il2_menten_prolif,0,0.05
1.6322285287103203e-06,106.95000000000226,IL2,il2_menten_prolif,0,0.05
1.6283158773745813e-06,106.96000000000227,IL2,il2_menten_prolif,0,0.05
1.6244126051389671e-06,106.97000000000227,IL2,il2_menten_prolif,0,0.05
1.6205186895185188e-06,106.98000000000228,IL2,il2_menten_prolif,0,0.05
1.6166341080819224e-06,106.99000000000228,IL2,il2_menten_prolif,0,0.05
1.6127588384513638e-06,107.00000000000229,IL2,il2_menten_prolif,0,0.05
1.6088928583023868e-06,107.0100000000023,IL2,il2_menten_prolif,0,0.05
1.605036145363749e-06,107.0200000000023,IL2,il2_menten_prolif,0,0.05
1.6011886704604355e-06,107.0300000000023,IL2,il2_menten_prolif,0,0.05
1.5973504267740546e-06,107.04000000000231,IL2,il2_menten_prolif,0,0.05
1.5935213836017028e-06,107.05000000000231,IL2,il2_menten_prolif,0,0.05
1.5897015189190155e-06,107.06000000000232,IL2,il2_menten_prolif,0,0.05
1.5858908107516209e-06,107.07000000000232,IL2,il2_menten_prolif,0,0.05
1.582089237175138e-06,107.08000000000233,IL2,il2_menten_prolif,0,0.05
1.578296776315177e-06,107.09000000000233,IL2,il2_menten_prolif,0,0.05
1.5745134063473412e-06,107.10000000000234,IL2,il2_menten_prolif,0,0.05
1.5707391054972222e-06,107.11000000000234,IL2,il2_menten_prolif,0,0.05
1.5669738520404056e-06,107.12000000000235,IL2,il2_menten_prolif,0,0.05
1.5632176243024684e-06,107.13000000000235,IL2,il2_menten_prolif,0,0.05
1.5594704006589764e-06,107.14000000000236,IL2,il2_menten_prolif,0,0.05
1.555732159535491e-06,107.15000000000236,IL2,il2_menten_prolif,0,0.05
1.552002879407561e-06,107.16000000000237,IL2,il2_menten_prolif,0,0.05
1.548282538800729e-06,107.17000000000237,IL2,il2_menten_prolif,0,0.05
1.5445711162905277e-06,107.18000000000238,IL2,il2_menten_prolif,0,0.05
1.5408685905024827e-06,107.19000000000239,IL2,il2_menten_prolif,0,0.05
1.5371749401121095e-06,107.20000000000239,IL2,il2_menten_prolif,0,0.05
1.5334901438449162e-06,107.2100000000024,IL2,il2_menten_prolif,0,0.05
1.5298141804764013e-06,107.2200000000024,IL2,il2_menten_prolif,0,0.05
1.5261470288320553e-06,107.2300000000024,IL2,il2_menten_prolif,0,0.05
1.5224886677873606e-06,107.24000000000241,IL2,il2_menten_prolif,0,0.05
1.518839076267789e-06,107.25000000000242,IL2,il2_menten_prolif,0,0.05
1.5151982332489967e-06,107.26000000000242,IL2,il2_menten_prolif,0,0.05
1.5115661177648092e-06,107.27000000000243,IL2,il2_menten_prolif,0,0.05
1.5079427088987404e-06,107.28000000000243,IL2,il2_menten_prolif,0,0.05
1.504327985781603e-06,107.29000000000244,IL2,il2_menten_prolif,0,0.05
1.5007219275947886e-06,107.30000000000244,IL2,il2_menten_prolif,0,0.05
1.497124513570264e-06,107.31000000000245,IL2,il2_menten_prolif,0,0.05
1.493535722990572e-06,107.32000000000245,IL2,il2_menten_prolif,0,0.05
1.4899555351888349e-06,107.33000000000246,IL2,il2_menten_prolif,0,0.05
1.4863839295442414e-06,107.34000000000246,IL2,il2_menten_prolif,0,0.05
1.4828208854736063e-06,107.35000000000247,IL2,il2_menten_prolif,0,0.05
1.4792663824527397e-06,107.36000000000247,IL2,il2_menten_prolif,0,0.05
1.4757204000079354e-06,107.37000000000248,IL2,il2_menten_prolif,0,0.05
1.4721829177151199e-06,107.38000000000248,IL2,il2_menten_prolif,0,0.05
1.4686539151998543e-06,107.39000000000249,IL2,il2_menten_prolif,0,0.05
1.465133372137332e-06,107.40000000000249,IL2,il2_menten_prolif,0,0.05
1.4616212682521642e-06,107.4100000000025,IL2,il2_menten_prolif,0,0.05
1.4581175833091416e-06,107.4200000000025,IL2,il2_menten_prolif,0,0.05
1.4546222971230488e-06,107.43000000000251,IL2,il2_menten_prolif,0,0.05
1.4511353895614068e-06,107.44000000000251,IL2,il2_menten_prolif,0,0.05
1.4476568405406961e-06,107.45000000000252,IL2,il2_menten_prolif,0,0.05
1.444186630026353e-06,107.46000000000252,IL2,il2_menten_prolif,0,0.05
1.4407247380327723e-06,107.47000000000253,IL2,il2_menten_prolif,0,0.05
1.437271144623307e-06,107.48000000000253,IL2,il2_menten_prolif,0,0.05
1.4338258299060793e-06,107.49000000000254,IL2,il2_menten_prolif,0,0.05
1.4303887740261441e-06,107.50000000000254,IL2,il2_menten_prolif,0,0.05
1.4269599571853295e-06,107.51000000000255,IL2,il2_menten_prolif,0,0.05
1.423539359634336e-06,107.52000000000255,IL2,il2_menten_prolif,0,0.05
1.4201269616719458e-06,107.53000000000256,IL2,il2_menten_prolif,0,0.05
1.4167227436450215e-06,107.54000000000256,IL2,il2_menten_prolif,0,0.05
1.4133266859485094e-06,107.55000000000257,IL2,il2_menten_prolif,0,0.05
1.4099387633850857e-06,107.56000000000257,IL2,il2_menten_prolif,0,0.05
1.4065589702205505e-06,107.57000000000258,IL2,il2_menten_prolif,0,0.05
1.4031872778892278e-06,107.58000000000258,IL2,il2_menten_prolif,0,0.05
1.399823667245214e-06,107.59000000000259,IL2,il2_menten_prolif,0,0.05
1.3964681191426077e-06,107.6000000000026,IL2,il2_menten_prolif,0,0.05
1.393120614435505e-06,107.6100000000026,IL2,il2_menten_prolif,0,0.05
1.3897811339780032e-06,107.6200000000026,IL2,il2_menten_prolif,0,0.05
1.3864496586241999e-06,107.63000000000261,IL2,il2_menten_prolif,0,0.05
1.3831261692889917e-06,107.64000000000262,IL2,il2_menten_prolif,0,0.05
1.3798106470411756e-06,107.65000000000262,IL2,il2_menten_prolif,0,0.05
1.3765030728061187e-06,107.66000000000263,IL2,il2_menten_prolif,0,0.05
1.3732034274970793e-06,107.67000000000263,IL2,il2_menten_prolif,0,0.05
1.3699116920273154e-06,107.68000000000264,IL2,il2_menten_prolif,0,0.05
1.3666278473100861e-06,107.69000000000264,IL2,il2_menten_prolif,0,0.05
1.3633518742586498e-06,107.70000000000265,IL2,il2_menten_prolif,0,0.05
1.3600837537862642e-06,107.71000000000265,IL2,il2_menten_prolif,0,0.05
1.3568234668779078e-06,107.72000000000266,IL2,il2_menten_prolif,0,0.05
1.3535709955097724e-06,107.73000000000266,IL2,il2_menten_prolif,0,0.05
1.3503263211921237e-06,107.74000000000267,IL2,il2_menten_prolif,0,0.05
1.3470894251528063e-06,107.75000000000267,IL2,il2_menten_prolif,0,0.05
1.343860288619667e-06,107.76000000000268,IL2,il2_menten_prolif,0,0.05
1.3406388928205492e-06,107.77000000000268,IL2,il2_menten_prolif,0,0.05
1.3374252189833e-06,107.78000000000269,IL2,il2_menten_prolif,0,0.05
1.3342192483357628e-06,107.79000000000269,IL2,il2_menten_prolif,0,0.05
1.3310209621057839e-06,107.8000000000027,IL2,il2_menten_prolif,0,0.05
1.3278303423096615e-06,107.8100000000027,IL2,il2_menten_prolif,0,0.05
1.3246473713055654e-06,107.82000000000271,IL2,il2_menten_prolif,0,0.05
1.3214720306949663e-06,107.83000000000271,IL2,il2_menten_prolif,0,0.05
1.318304302078599e-06,107.84000000000272,IL2,il2_menten_prolif,0,0.05
1.3151441670571982e-06,107.85000000000272,IL2,il2_menten_prolif,0,0.05
1.3119916072314975e-06,107.86000000000273,IL2,il2_menten_prolif,0,0.05
1.308846604202232e-06,107.87000000000273,IL2,il2_menten_prolif,0,0.05
1.3057091395701356e-06,107.88000000000274,IL2,il2_menten_prolif,0,0.05
1.3025792017887828e-06,107.89000000000274,IL2,il2_menten_prolif,0,0.05
1.299456757909066e-06,107.90000000000275,IL2,il2_menten_prolif,0,0.05
1.2963418003422854e-06,107.91000000000275,IL2,il2_menten_prolif,0,0.05
1.293234310781522e-06,107.92000000000276,IL2,il2_menten_prolif,0,0.05
1.2901342709635755e-06,107.93000000000276,IL2,il2_menten_prolif,0,0.05
1.2870416626689602e-06,107.94000000000277,IL2,il2_menten_prolif,0,0.05
1.2839564677219102e-06,107.95000000000277,IL2,il2_menten_prolif,0,0.05
1.2808786679903743e-06,107.96000000000278,IL2,il2_menten_prolif,0,0.05
1.277808245428738e-06,107.97000000000278,IL2,il2_menten_prolif,0,0.05
1.2747451829591357e-06,107.98000000000279,IL2,il2_menten_prolif,0,0.05
1.2716894631686358e-06,107.9900000000028,IL2,il2_menten_prolif,0,0.05
1.2686410683613626e-06,108.0000000000028,IL2,il2_menten_prolif,0,0.05
1.2655999808995667e-06,108.0100000000028,IL2,il2_menten_prolif,0,0.05
1.2625661832036253e-06,108.02000000000281,IL2,il2_menten_prolif,0,0.05
1.2595396577520405e-06,108.03000000000281,IL2,il2_menten_prolif,0,0.05
1.256520387081443e-06,108.04000000000282,IL2,il2_menten_prolif,0,0.05
1.2535083537865883e-06,108.05000000000283,IL2,il2_menten_prolif,0,0.05
1.2505035405203574e-06,108.06000000000283,IL2,il2_menten_prolif,0,0.05
1.2475059299937587e-06,108.07000000000284,IL2,il2_menten_prolif,0,0.05
1.2445155049759264e-06,108.08000000000284,IL2,il2_menten_prolif,0,0.05
1.2415322482941212e-06,108.09000000000285,IL2,il2_menten_prolif,0,0.05
1.2385561428337301e-06,108.10000000000285,IL2,il2_menten_prolif,0,0.05
1.2355871715382655e-06,108.11000000000286,IL2,il2_menten_prolif,0,0.05
1.2326253174093669e-06,108.12000000000286,IL2,il2_menten_prolif,0,0.05
1.2296705635068e-06,108.13000000000287,IL2,il2_menten_prolif,0,0.05
1.2267228926172268e-06,108.14000000000287,IL2,il2_menten_prolif,0,0.05
1.223782287299853e-06,108.15000000000288,IL2,il2_menten_prolif,0,0.05
1.2208487306200558e-06,108.16000000000288,IL2,il2_menten_prolif,0,0.05
1.2179222056984157e-06,108.17000000000289,IL2,il2_menten_prolif,0,0.05
1.2150026957044855e-06,108.18000000000289,IL2,il2_menten_prolif,0,0.05
1.2120901838567906e-06,108.1900000000029,IL2,il2_menten_prolif,0,0.05
1.2091846534228282e-06,108.2000000000029,IL2,il2_menten_prolif,0,0.05
1.2062860877190677e-06,108.2100000000029,IL2,il2_menten_prolif,0,0.05
1.2033944701109506e-06,108.22000000000291,IL2,il2_menten_prolif,0,0.05
1.2005097840128898e-06,108.23000000000292,IL2,il2_menten_prolif,0,0.05
1.1976320128882723e-06,108.24000000000292,IL2,il2_menten_prolif,0,0.05
1.1947611402494548e-06,108.25000000000293,IL2,il2_menten_prolif,0,0.05
1.1918971496577678e-06,108.26000000000293,IL2,il2_menten_prolif,0,0.05
1.1890400247235138e-06,108.27000000000294,IL2,il2_menten_prolif,0,0.05
1.1861897491059665e-06,108.28000000000294,IL2,il2_menten_prolif,0,0.05
1.183346306513373e-06,108.29000000000295,IL2,il2_menten_prolif,0,0.05
1.1805096806004853e-06,108.30000000000295,IL2,il2_menten_prolif,0,0.05
1.1776798544939305e-06,108.31000000000296,IL2,il2_menten_prolif,0,0.05
1.174856811793399e-06,108.32000000000296,IL2,il2_menten_prolif,0,0.05
1.1720405362374532e-06,108.33000000000297,IL2,il2_menten_prolif,0,0.05
1.1692310116046173e-06,108.34000000000297,IL2,il2_menten_prolif,0,0.05
1.1664282217133785e-06,108.35000000000298,IL2,il2_menten_prolif,0,0.05
1.1636321504221838e-06,108.36000000000298,IL2,il2_menten_prolif,0,0.05
1.1608427816294446e-06,108.37000000000299,IL2,il2_menten_prolif,0,0.05
1.1580600992735321e-06,108.380000000003,IL2,il2_menten_prolif,0,0.05
1.155284087332781e-06,108.390000000003,IL2,il2_menten_prolif,0,0.05
1.152514729825487e-06,108.400000000003,IL2,il2_menten_prolif,0,0.05
1.149752010809908e-06,108.41000000000301,IL2,il2_menten_prolif,0,0.05
1.1469959143842645e-06,108.42000000000301,IL2,il2_menten_prolif,0,0.05
1.144246424686738e-06,108.43000000000302,IL2,il2_menten_prolif,0,0.05
1.1415035258954724e-06,108.44000000000302,IL2,il2_menten_prolif,0,0.05
1.1387672022285734e-06,108.45000000000303,IL2,il2_menten_prolif,0,0.05
1.136037437943185e-06,108.46000000000303,IL2,il2_menten_prolif,0,0.05
1.1333142172512575e-06,108.47000000000304,IL2,il2_menten_prolif,0,0.05
1.1305975244164138e-06,108.48000000000305,IL2,il2_menten_prolif,0,0.05
1.127887343789825e-06,108.49000000000305,IL2,il2_menten_prolif,0,0.05
1.125183659761137e-06,108.50000000000306,IL2,il2_menten_prolif,0,0.05
1.1224864567584683e-06,108.51000000000306,IL2,il2_menten_prolif,0,0.05
1.1197957192484124e-06,108.52000000000307,IL2,il2_menten_prolif,0,0.05
1.1171114317360364e-06,108.53000000000307,IL2,il2_menten_prolif,0,0.05
1.1144335787648802e-06,108.54000000000308,IL2,il2_menten_prolif,0,0.05
1.1117621449169585e-06,108.55000000000308,IL2,il2_menten_prolif,0,0.05
1.1090971148127597e-06,108.56000000000309,IL2,il2_menten_prolif,0,0.05
1.106438473111246e-06,108.57000000000309,IL2,il2_menten_prolif,0,0.05
1.1037862045098525e-06,108.5800000000031,IL2,il2_menten_prolif,0,0.05
1.1011402937444893e-06,108.5900000000031,IL2,il2_menten_prolif,0,0.05
1.0985007255895395e-06,108.6000000000031,IL2,il2_menten_prolif,0,0.05
1.0958674848578605e-06,108.61000000000311,IL2,il2_menten_prolif,0,0.05
1.093240556400783e-06,108.62000000000312,IL2,il2_menten_prolif,0,0.05
1.0906199257824272e-06,108.63000000000312,IL2,il2_menten_prolif,0,0.05
1.0880055761960783e-06,108.64000000000313,IL2,il2_menten_prolif,0,0.05
1.0853974935383254e-06,108.65000000000313,IL2,il2_menten_prolif,0,0.05
1.0827956627774062e-06,108.66000000000314,IL2,il2_menten_prolif,0,0.05
1.080200068919783e-06,108.67000000000314,IL2,il2_menten_prolif,0,0.05
1.0776106970100503e-06,108.68000000000315,IL2,il2_menten_prolif,0,0.05
1.0750275321308435e-06,108.69000000000315,IL2,il2_menten_prolif,0,0.05
1.0724505594027483e-06,108.70000000000316,IL2,il2_menten_prolif,0,0.05
1.0698797639842085e-06,108.71000000000316,IL2,il2_menten_prolif,0,0.05
1.0673151310714348e-06,108.72000000000317,IL2,il2_menten_prolif,0,0.05
1.064756645898315e-06,108.73000000000317,IL2,il2_menten_prolif,0,0.05
1.06220429373632e-06,108.74000000000318,IL2,il2_menten_prolif,0,0.05
1.0596580598944145e-06,108.75000000000318,IL2,il2_menten_prolif,0,0.05
1.0571179297189655e-06,108.76000000000319,IL2,il2_menten_prolif,0,0.05
1.05458388859365e-06,108.7700000000032,IL2,il2_menten_prolif,0,0.05
1.0520559219393654e-06,108.7800000000032,IL2,il2_menten_prolif,0,0.05
1.0495340152013405e-06,108.7900000000032,IL2,il2_menten_prolif,0,0.05
1.0470181537223484e-06,108.80000000000321,IL2,il2_menten_prolif,0,0.05
1.0445083229714306e-06,108.81000000000321,IL2,il2_menten_prolif,0,0.05
1.0420045084926335e-06,108.82000000000322,IL2,il2_menten_prolif,0,0.05
1.039506695865547e-06,108.83000000000322,IL2,il2_menten_prolif,0,0.05
1.037014870705187e-06,108.84000000000323,IL2,il2_menten_prolif,0,0.05
1.0345290186618815e-06,108.85000000000323,IL2,il2_menten_prolif,0,0.05
1.0320491254211524e-06,108.86000000000324,IL2,il2_menten_prolif,0,0.05
1.0295751767036025e-06,108.87000000000324,IL2,il2_menten_prolif,0,0.05
1.027107158264798e-06,108.88000000000325,IL2,il2_menten_prolif,0,0.05
1.0246450558951541e-06,108.89000000000325,IL2,il2_menten_prolif,0,0.05
1.0221888554198173e-06,108.90000000000326,IL2,il2_menten_prolif,0,0.05
1.0197385426985527e-06,108.91000000000327,IL2,il2_menten_prolif,0,0.05
1.0172941036256256e-06,108.92000000000327,IL2,il2_menten_prolif,0,0.05
1.014855524129687e-06,108.93000000000328,IL2,il2_menten_prolif,0,0.05
1.0124227901736582e-06,108.94000000000328,IL2,il2_menten_prolif,0,0.05
1.0099958877546147e-06,108.95000000000329,IL2,il2_menten_prolif,0,0.05
1.0075748029036702e-06,108.96000000000329,IL2,il2_menten_prolif,0,0.05
1.0051595216858614e-06,108.9700000000033,IL2,il2_menten_prolif,0,0.05
1.0027500302000323e-06,108.9800000000033,IL2,il2_menten_prolif,0,0.05
1.0003463145787182e-06,108.9900000000033,IL2,il2_menten_prolif,0,0.05
9.979483609880304e-07,109.00000000000331,IL2,il2_menten_prolif,0,0.05
9.955561556275404e-07,109.01000000000332,IL2,il2_menten_prolif,0,0.05
9.931696847301636e-07,109.02000000000332,IL2,il2_menten_prolif,0,0.05
9.907889345620449e-07,109.03000000000333,IL2,il2_menten_prolif,0,0.05
9.884138914224425e-07,109.04000000000333,IL2,il2_menten_prolif,0,0.05
9.860445416436104e-07,109.05000000000334,IL2,il2_menten_prolif,0,0.05
9.836808715906858e-07,109.06000000000334,IL2,il2_menten_prolif,0,0.05
9.81322867661572e-07,109.07000000000335,IL2,il2_menten_prolif,0,0.05
9.78970516286821e-07,109.08000000000335,IL2,il2_menten_prolif,0,0.05
9.76623803929522e-07,109.09000000000336,IL2,il2_menten_prolif,0,0.05
9.74282717085181e-07,109.10000000000336,IL2,il2_menten_prolif,0,0.05
9.71947242270391e-07,109.11000000000337,IL2,il2_menten_prolif,0,0.05
9.696173659851774e-07,109.12000000000337,IL2,il2_menten_prolif,0,0.05
9.672930748050986e-07,109.13000000000338,IL2,il2_menten_prolif,0,0.05
9.649743553447383e-07,109.14000000000338,IL2,il2_menten_prolif,0,0.05
9.6266119425006e-07,109.15000000000339,IL2,il2_menten_prolif,0,0.05
9.603535781982797e-07,109.1600000000034,IL2,il2_menten_prolif,0,0.05
9.58051493897744e-07,109.1700000000034,IL2,il2_menten_prolif,0,0.05
9.557549280878024e-07,109.1800000000034,IL2,il2_menten_prolif,0,0.05
9.534638675386839e-07,109.19000000000341,IL2,il2_menten_prolif,0,0.05
9.51178299051372e-07,109.20000000000341,IL2,il2_menten_prolif,0,0.05
9.488982094574793e-07,109.21000000000342,IL2,il2_menten_prolif,0,0.05
9.466235856191238e-07,109.22000000000342,IL2,il2_menten_prolif,0,0.05
9.443544144288028e-07,109.23000000000343,IL2,il2_menten_prolif,0,0.05
9.420906828092681e-07,109.24000000000343,IL2,il2_menten_prolif,0,0.05
9.39832377713402e-07,109.25000000000344,IL2,il2_menten_prolif,0,0.05
9.375794861240916e-07,109.26000000000344,IL2,il2_menten_prolif,0,0.05
9.353319950541052e-07,109.27000000000345,IL2,il2_menten_prolif,0,0.05
9.330898915459647e-07,109.28000000000345,IL2,il2_menten_prolif,0,0.05
9.308531626718241e-07,109.29000000000346,IL2,il2_menten_prolif,0,0.05
9.286217955333424e-07,109.30000000000346,IL2,il2_menten_prolif,0,0.05
9.263957772615595e-07,109.31000000000347,IL2,il2_menten_prolif,0,0.05
9.241750950167707e-07,109.32000000000347,IL2,il2_menten_prolif,0,0.05
9.219597359884035e-07,109.33000000000348,IL2,il2_menten_prolif,0,0.05
9.197496873948899e-07,109.34000000000349,IL2,il2_menten_prolif,0,0.05
9.175449364835452e-07,109.35000000000349,IL2,il2_menten_prolif,0,0.05
9.153454705304393e-07,109.3600000000035,IL2,il2_menten_prolif,0,0.05
9.131512768402748e-07,109.3700000000035,IL2,il2_menten_prolif,0,0.05
9.1096234274626e-07,109.3800000000035,IL2,il2_menten_prolif,0,0.05
9.087786556099862e-07,109.39000000000351,IL2,il2_menten_prolif,0,0.05
9.066002028213004e-07,109.40000000000352,IL2,il2_menten_prolif,0,0.05
9.044269717981825e-07,109.41000000000352,IL2,il2_menten_prolif,0,0.05
9.022589499866196e-07,109.42000000000353,IL2,il2_menten_prolif,0,0.05
9.000961249358972e-07,109.43000000000353,IL2,il2_menten_prolif,0,0.05
8.979384843651068e-07,109.44000000000354,IL2,il2_menten_prolif,0,0.05
8.95786015857011e-07,109.45000000000354,IL2,il2_menten_prolif,0,0.05
8.936387070150013e-07,109.46000000000355,IL2,il2_menten_prolif,0,0.05
8.914965454727347e-07,109.47000000000355,IL2,il2_menten_prolif,0,0.05
8.893595188940797e-07,109.48000000000356,IL2,il2_menten_prolif,0,0.05
8.872276149730659e-07,109.49000000000356,IL2,il2_menten_prolif,0,0.05
8.851008214338305e-07,109.50000000000357,IL2,il2_menten_prolif,0,0.05
8.829791260305658e-07,109.51000000000357,IL2,il2_menten_prolif,0,0.05
8.808625165474672e-07,109.52000000000358,IL2,il2_menten_prolif,0,0.05
8.787509807986814e-07,109.53000000000358,IL2,il2_menten_prolif,0,0.05
8.76644506628254e-07,109.54000000000359,IL2,il2_menten_prolif,0,0.05
8.745430819100752e-07,109.55000000000359,IL2,il2_menten_prolif,0,0.05
8.724466945478313e-07,109.5600000000036,IL2,il2_menten_prolif,0,0.05
8.703553324749487e-07,109.5700000000036,IL2,il2_menten_prolif,0,0.05
8.682689836545429e-07,109.58000000000361,IL2,il2_menten_prolif,0,0.05
8.661876360793671e-07,109.59000000000361,IL2,il2_menten_prolif,0,0.05
8.641112777717589e-07,109.60000000000362,IL2,il2_menten_prolif,0,0.05
8.62039896783588e-07,109.61000000000362,IL2,il2_menten_prolif,0,0.05
8.599734811962042e-07,109.62000000000363,IL2,il2_menten_prolif,0,0.05
8.579120191203847e-07,109.63000000000363,IL2,il2_menten_prolif,0,0.05
8.558554986962825e-07,109.64000000000364,IL2,il2_menten_prolif,0,0.05
8.538039080933733e-07,109.65000000000364,IL2,il2_menten_prolif,0,0.05
8.517572355104032e-07,109.66000000000365,IL2,il2_menten_prolif,0,0.05
8.497154691750505e-07,109.67000000000365,IL2,il2_menten_prolif,0,0.05
8.476785972750708e-07,109.68000000000366,IL2,il2_menten_prolif,0,0.05
8.456466080306748e-07,109.69000000000366,IL2,il2_menten_prolif,0,0.05
8.43619489738014e-07,109.70000000000367,IL2,il2_menten_prolif,0,0.05
8.415972307210372e-07,109.71000000000367,IL2,il2_menten_prolif,0,0.05
8.39579819331406e-07,109.72000000000368,IL2,il2_menten_prolif,0,0.05
8.37567243948411e-07,109.73000000000368,IL2,il2_menten_prolif,0,0.05
8.3555949297889e-07,109.74000000000369,IL2,il2_menten_prolif,0,0.05
8.335565548571427e-07,109.7500000000037,IL2,il2_menten_prolif,0,0.05
8.315584180448489e-07,109.7600000000037,IL2,il2_menten_prolif,0,0.05
8.295650710309843e-07,109.7700000000037,IL2,il2_menten_prolif,0,0.05
8.275765023317372e-07,109.78000000000371,IL2,il2_menten_prolif,0,0.05
8.255927004904258e-07,109.79000000000372,IL2,il2_menten_prolif,0,0.05
8.236136540774138e-07,109.80000000000372,IL2,il2_menten_prolif,0,0.05
8.216393516900278e-07,109.81000000000373,IL2,il2_menten_prolif,0,0.05
8.196697819524735e-07,109.82000000000373,IL2,il2_menten_prolif,0,0.05
8.177049335157531e-07,109.83000000000374,IL2,il2_menten_prolif,0,0.05
8.157447950575804e-07,109.84000000000374,IL2,il2_menten_prolif,0,0.05
8.137893552822993e-07,109.85000000000375,IL2,il2_menten_prolif,0,0.05
8.11838602920799e-07,109.86000000000375,IL2,il2_menten_prolif,0,0.05
8.098925267304308e-07,109.87000000000376,IL2,il2_menten_prolif,0,0.05
8.079511154949264e-07,109.88000000000376,IL2,il2_menten_prolif,0,0.05
8.060143580243117e-07,109.89000000000377,IL2,il2_menten_prolif,0,0.05
8.040822431548258e-07,109.90000000000377,IL2,il2_menten_prolif,0,0.05
8.021547597488367e-07,109.91000000000378,IL2,il2_menten_prolif,0,0.05
8.002318967005101e-07,109.92000000000378,IL2,il2_menten_prolif,0,0.05
7.983136429787559e-07,109.93000000000379,IL2,il2_menten_prolif,0,0.05
7.963999875459526e-07,109.94000000000379,IL2,il2_menten_prolif,0,0.05
7.944909193794987e-07,109.9500000000038,IL2,il2_menten_prolif,0,0.05
7.925864274832143e-07,109.9600000000038,IL2,il2_menten_prolif,0,0.05
7.906865008872766e-07,109.97000000000381,IL2,il2_menten_prolif,0,0.05
7.887911286481532e-07,109.98000000000381,IL2,il2_menten_prolif,0,0.05
7.869002998485377e-07,109.99000000000382,IL2,il2_menten_prolif,0,0.05
7.850140035972844e-07,110.00000000000382,IL2,il2_menten_prolif,0,0.05
7.831322290293425e-07,110.01000000000383,IL2,il2_menten_prolif,0,0.05
7.812549653056905e-07,110.02000000000383,IL2,il2_menten_prolif,0,0.05
7.79382201613272e-07,110.03000000000384,IL2,il2_menten_prolif,0,0.05
7.775139271649286e-07,110.04000000000384,IL2,il2_menten_prolif,0,0.05
7.756501311993364e-07,110.05000000000385,IL2,il2_menten_prolif,0,0.05
7.737908029809394e-07,110.06000000000385,IL2,il2_menten_prolif,0,0.05
7.719359317998843e-07,110.07000000000386,IL2,il2_menten_prolif,0,0.05
7.700855069719559e-07,110.08000000000386,IL2,il2_menten_prolif,0,0.05
7.682395178385103e-07,110.09000000000387,IL2,il2_menten_prolif,0,0.05
7.663979537664114e-07,110.10000000000387,IL2,il2_menten_prolif,0,0.05
7.645608041479641e-07,110.11000000000388,IL2,il2_menten_prolif,0,0.05
7.627280584008497e-07,110.12000000000388,IL2,il2_menten_prolif,0,0.05
7.6089970596806e-07,110.13000000000389,IL2,il2_menten_prolif,0,0.05
7.590757363178321e-07,110.1400000000039,IL2,il2_menten_prolif,0,0.05
7.572561389435835e-07,110.1500000000039,IL2,il2_menten_prolif,0,0.05
7.554409033638463e-07,110.1600000000039,IL2,il2_menten_prolif,0,0.05
7.536300191239819e-07,110.17000000000391,IL2,il2_menten_prolif,0,0.05
7.518234757974354e-07,110.18000000000391,IL2,il2_menten_prolif,0,0.05
7.500212629788753e-07,110.19000000000392,IL2,il2_menten_prolif,0,0.05
7.48223370287693e-07,110.20000000000393,IL2,il2_menten_prolif,0,0.05
7.464297873681341e-07,110.21000000000393,IL2,il2_menten_prolif,0,0.05
7.446405038892329e-07,110.22000000000394,IL2,il2_menten_prolif,0,0.05
7.428555095447495e-07,110.23000000000394,IL2,il2_menten_prolif,0,0.05
7.410747940531057e-07,110.24000000000395,IL2,il2_menten_prolif,0,0.05
7.392983471573223e-07,110.25000000000395,IL2,il2_menten_prolif,0,0.05
7.375261586249536e-07,110.26000000000396,IL2,il2_menten_prolif,0,0.05
7.357582182480252e-07,110.27000000000396,IL2,il2_menten_prolif,0,0.05
7.339945158429699e-07,110.28000000000397,IL2,il2_menten_prolif,0,0.05
7.322350412505635e-07,110.29000000000397,IL2,il2_menten_prolif,0,0.05
7.304797843358615e-07,110.30000000000398,IL2,il2_menten_prolif,0,0.05
7.287287349881357e-07,110.31000000000398,IL2,il2_menten_prolif,0,0.05
7.269818831208094e-07,110.32000000000399,IL2,il2_menten_prolif,0,0.05
7.252392186713951e-07,110.33000000000399,IL2,il2_menten_prolif,0,0.05
7.235007316014298e-07,110.340000000004,IL2,il2_menten_prolif,0,0.05
7.21766411896411e-07,110.350000000004,IL2,il2_menten_prolif,0,0.05
7.200362495657347e-07,110.360000000004,IL2,il2_menten_prolif,0,0.05
7.183102346426297e-07,110.37000000000401,IL2,il2_menten_prolif,0,0.05
7.16588357184095e-07,110.38000000000402,IL2,il2_menten_prolif,0,0.05
7.148706072708352e-07,110.39000000000402,IL2,il2_menten_prolif,0,0.05
7.131569750071983e-07,110.40000000000403,IL2,il2_menten_prolif,0,0.05
7.114474505211578e-07,110.41000000000403,IL2,il2_menten_prolif,0,0.05
7.097420239720891e-07,110.42000000000404,IL2,il2_menten_prolif,0,0.05
7.080406855420752e-07,110.43000000000404,IL2,il2_menten_prolif,0,0.05
7.063434254315351e-07,110.44000000000405,IL2,il2_menten_prolif,0,0.05
7.046502338643477e-07,110.45000000000405,IL2,il2_menten_prolif,0,0.05
7.029611010877902e-07,110.46000000000406,IL2,il2_menten_prolif,0,0.05
7.012760173724789e-07,110.47000000000406,IL2,il2_menten_prolif,0,0.05
6.995949730123088e-07,110.48000000000407,IL2,il2_menten_prolif,0,0.05
6.979179583243925e-07,110.49000000000407,IL2,il2_menten_prolif,0,0.05
6.962449636490012e-07,110.50000000000408,IL2,il2_menten_prolif,0,0.05
6.945759793495035e-07,110.51000000000408,IL2,il2_menten_prolif,0,0.05
6.929109958123054e-07,110.52000000000409,IL2,il2_menten_prolif,0,0.05
6.912500034467905e-07,110.5300000000041,IL2,il2_menten_prolif,0,0.05
6.895929926852591e-07,110.5400000000041,IL2,il2_menten_prolif,0,0.05
6.879399539828681e-07,110.5500000000041,IL2,il2_menten_prolif,0,0.05
6.862908778175712e-07,110.56000000000411,IL2,il2_menten_prolif,0,0.05
6.846457546900581e-07,110.57000000000411,IL2,il2_menten_prolif,0,0.05
6.830045751236946e-07,110.58000000000412,IL2,il2_menten_prolif,0,0.05
6.813673296644619e-07,110.59000000000412,IL2,il2_menten_prolif,0,0.05
6.797340088808973e-07,110.60000000000413,IL2,il2_menten_prolif,0,0.05
6.781046033640324e-07,110.61000000000413,IL2,il2_menten_prolif,0,0.05
6.764791037273347e-07,110.62000000000414,IL2,il2_menten_prolif,0,0.05
6.748575006066455e-07,110.63000000000415,IL2,il2_menten_prolif,0,0.05
6.732397846601214e-07,110.64000000000415,IL2,il2_menten_prolif,0,0.05
6.716259465681726e-07,110.65000000000416,IL2,il2_menten_prolif,0,0.05
6.700159770338334e-07,110.66000000000416,IL2,il2_menten_prolif,0,0.05
6.684098667864447e-07,110.67000000000417,IL2,il2_menten_prolif,0,0.05
6.668076065769645e-07,110.68000000000417,IL2,il2_menten_prolif,0,0.05
6.652091871786204e-07,110.69000000000418,IL2,il2_menten_prolif,0,0.05
6.636145993875764e-07,110.70000000000418,IL2,il2_menten_prolif,0,0.05
6.620238340229616e-07,110.71000000000419,IL2,il2_menten_prolif,0,0.05
6.60436881925138e-07,110.72000000000419,IL2,il2_menten_prolif,0,0.05
6.588537339490396e-07,110.7300000000042,IL2,il2_menten_prolif,0,0.05
6.572743809747247e-07,110.7400000000042,IL2,il2_menten_prolif,0,0.05
6.556988139041519e-07,110.7500000000042,IL2,il2_menten_prolif,0,0.05
6.541270236603461e-07,110.76000000000421,IL2,il2_menten_prolif,0,0.05
6.525590011872463e-07,110.77000000000422,IL2,il2_menten_prolif,0,0.05
6.509947374517638e-07,110.78000000000422,IL2,il2_menten_prolif,0,0.05
6.494342234469967e-07,110.79000000000423,IL2,il2_menten_prolif,0,0.05
6.478774501846255e-07,110.80000000000423,IL2,il2_menten_prolif,0,0.05
6.463244086978502e-07,110.81000000000424,IL2,il2_menten_prolif,0,0.05
6.447750900415538e-07,110.82000000000424,IL2,il2_menten_prolif,0,0.05
6.43229485292284e-07,110.83000000000425,IL2,il2_menten_prolif,0,0.05
6.41687585547386e-07,110.84000000000425,IL2,il2_menten_prolif,0,0.05
6.401493819247744e-07,110.85000000000426,IL2,il2_menten_prolif,0,0.05
6.386148655643865e-07,110.86000000000426,IL2,il2_menten_prolif,0,0.05
6.370840276273977e-07,110.87000000000427,IL2,il2_menten_prolif,0,0.05
6.355568592961664e-07,110.88000000000427,IL2,il2_menten_prolif,0,0.05
6.340333517741811e-07,110.89000000000428,IL2,il2_menten_prolif,0,0.05
6.325134962860439e-07,110.90000000000428,IL2,il2_menten_prolif,0,0.05
6.309972840774015e-07,110.91000000000429,IL2,il2_menten_prolif,0,0.05
6.294847064148669e-07,110.9200000000043,IL2,il2_menten_prolif,0,0.05
6.279757545859851e-07,110.9300000000043,IL2,il2_menten_prolif,0,0.05
6.264704198991828e-07,110.9400000000043,IL2,il2_menten_prolif,0,0.05
6.249686936814511e-07,110.95000000000431,IL2,il2_menten_prolif,0,0.05
6.234705672888117e-07,110.96000000000431,IL2,il2_menten_prolif,0,0.05
6.219760320875459e-07,110.97000000000432,IL2,il2_menten_prolif,0,0.05
6.204850794695519e-07,110.98000000000432,IL2,il2_menten_prolif,0,0.05
6.189977008471797e-07,110.99000000000433,IL2,il2_menten_prolif,0,0.05
6.175138876532315e-07,111.00000000000433,IL2,il2_menten_prolif,0,0.05
6.160336313409403e-07,111.01000000000434,IL2,il2_menten_prolif,0,0.05
6.14556923383798e-07,111.02000000000434,IL2,il2_menten_prolif,0,0.05
6.13083755275825e-07,111.03000000000435,IL2,il2_menten_prolif,0,0.05
6.11614118531517e-07,111.04000000000435,IL2,il2_menten_prolif,0,0.05
6.101480046858101e-07,111.05000000000436,IL2,il2_menten_prolif,0,0.05
6.086854052940798e-07,111.06000000000437,IL2,il2_menten_prolif,0,0.05
6.072263119321418e-07,111.07000000000437,IL2,il2_menten_prolif,0,0.05
6.057707161962518e-07,111.08000000000438,IL2,il2_menten_prolif,0,0.05
6.043186097014908e-07,111.09000000000438,IL2,il2_menten_prolif,0,0.05
6.02869984081934e-07,111.10000000000439,IL2,il2_menten_prolif,0,0.05
6.01424830993552e-07,111.11000000000439,IL2,il2_menten_prolif,0,0.05
5.999831421125859e-07,111.1200000000044,IL2,il2_menten_prolif,0,0.05
5.985449091355379e-07,111.1300000000044,IL2,il2_menten_prolif,0,0.05
5.97110123779171e-07,111.1400000000044,IL2,il2_menten_prolif,0,0.05
5.956787777805099e-07,111.15000000000441,IL2,il2_menten_prolif,0,0.05
5.942508628962223e-07,111.16000000000442,IL2,il2_menten_prolif,0,0.05
5.928263708978141e-07,111.17000000000442,IL2,il2_menten_prolif,0,0.05
5.914052935791833e-07,111.18000000000443,IL2,il2_menten_prolif,0,0.05
5.899876227551373e-07,111.19000000000443,IL2,il2_menten_prolif,0,0.05
5.885733502603983e-07,111.20000000000444,IL2,il2_menten_prolif,0,0.05
5.871624679496028e-07,111.21000000000444,IL2,il2_menten_prolif,0,0.05
5.857549676973029e-07,111.22000000000445,IL2,il2_menten_prolif,0,0.05
5.843508413979661e-07,111.23000000000445,IL2,il2_menten_prolif,0,0.05
5.829500809627666e-07,111.24000000000446,IL2,il2_menten_prolif,0,0.05
5.815526783199239e-07,111.25000000000446,IL2,il2_menten_prolif,0,0.05
5.801586254204621e-07,111.26000000000447,IL2,il2_menten_prolif,0,0.05
5.787679142349835e-07,111.27000000000447,IL2,il2_menten_prolif,0,0.05
5.773805367536503e-07,111.28000000000448,IL2,il2_menten_prolif,0,0.05
5.759964849861844e-07,111.29000000000448,IL2,il2_menten_prolif,0,0.05
5.74615750961868e-07,111.30000000000449,IL2,il2_menten_prolif,0,0.05
5.732383247228007e-07,111.3100000000045,IL2,il2_menten_prolif,0,0.05
5.718642032590789e-07,111.3200000000045,IL2,il2_menten_prolif,0,0.05
5.704933753769078e-07,111.3300000000045,IL2,il2_menten_prolif,0,0.05
5.691258332876304e-07,111.34000000000451,IL2,il2_menten_prolif,0,0.05
5.677615692025894e-07,111.35000000000451,IL2,il2_menten_prolif,0,0.05
5.664005753331284e-07,111.36000000000452,IL2,il2_menten_prolif,0,0.05
5.650428438905899e-07,111.37000000000452,IL2,il2_menten_prolif,0,0.05
5.636883670863174e-07,111.38000000000453,IL2,il2_menten_prolif,0,0.05
5.623371371872585e-07,111.39000000000453,IL2,il2_menten_prolif,0,0.05
5.609891464953037e-07,111.40000000000454,IL2,il2_menten_prolif,0,0.05
5.596443872487393e-07,111.41000000000454,IL2,il2_menten_prolif,0,0.05
5.583028516855062e-07,111.42000000000455,IL2,il2_menten_prolif,0,0.05
5.569645320435455e-07,111.43000000000455,IL2,il2_menten_prolif,0,0.05
5.556294205607979e-07,111.44000000000456,IL2,il2_menten_prolif,0,0.05
5.542975094752042e-07,111.45000000000456,IL2,il2_menten_prolif,0,0.05
5.529687910247055e-07,111.46000000000457,IL2,il2_menten_prolif,0,0.05
5.516432574472428e-07,111.47000000000457,IL2,il2_menten_prolif,0,0.05
5.503209011754842e-07,111.48000000000458,IL2,il2_menten_prolif,0,0.05
5.49001714983032e-07,111.49000000000458,IL2,il2_menten_prolif,0,0.05
5.476856912665436e-07,111.50000000000459,IL2,il2_menten_prolif,0,0.05
5.463728224041709e-07,111.5100000000046,IL2,il2_menten_prolif,0,0.05
5.450631007740654e-07,111.5200000000046,IL2,il2_menten_prolif,0,0.05
5.437565187543788e-07,111.5300000000046,IL2,il2_menten_prolif,0,0.05
5.424530687232628e-07,111.54000000000461,IL2,il2_menten_prolif,0,0.05
5.41152743058869e-07,111.55000000000462,IL2,il2_menten_prolif,0,0.05
5.398555341393492e-07,111.56000000000462,IL2,il2_menten_prolif,0,0.05
5.38561434481468e-07,111.57000000000463,IL2,il2_menten_prolif,0,0.05
5.372704371216589e-07,111.58000000000463,IL2,il2_menten_prolif,0,0.05
5.359825346656424e-07,111.59000000000464,IL2,il2_menten_prolif,0,0.05
5.346977196574879e-07,111.60000000000464,IL2,il2_menten_prolif,0,0.05
5.334159846412643e-07,111.61000000000465,IL2,il2_menten_prolif,0,0.05
5.321373221610408e-07,111.62000000000465,IL2,il2_menten_prolif,0,0.05
5.308617247608867e-07,111.63000000000466,IL2,il2_menten_prolif,0,0.05
5.295891849848707e-07,111.64000000000466,IL2,il2_menten_prolif,0,0.05
5.283196953770623e-07,111.65000000000467,IL2,il2_menten_prolif,0,0.05
5.270532528577401e-07,111.66000000000467,IL2,il2_menten_prolif,0,0.05
5.257898403244632e-07,111.67000000000468,IL2,il2_menten_prolif,0,0.05
5.245294570981803e-07,111.68000000000468,IL2,il2_menten_prolif,0,0.05
5.232720957570215e-07,111.69000000000469,IL2,il2_menten_prolif,0,0.05
5.220177488968156e-07,111.70000000000469,IL2,il2_menten_prolif,0,0.05
5.207664091310887e-07,111.7100000000047,IL2,il2_menten_prolif,0,0.05
5.195180690910664e-07,111.7200000000047,IL2,il2_menten_prolif,0,0.05
5.182727214256716e-07,111.73000000000471,IL2,il2_menten_prolif,0,0.05
5.170303588015258e-07,111.74000000000471,IL2,il2_menten_prolif,0,0.05
5.157909739253821e-07,111.75000000000472,IL2,il2_menten_prolif,0,0.05
5.145545599931132e-07,111.76000000000472,IL2,il2_menten_prolif,0,0.05
5.133211100067486e-07,111.77000000000473,IL2,il2_menten_prolif,0,0.05
5.120906168147074e-07,111.78000000000473,IL2,il2_menten_prolif,0,0.05
5.108630732883019e-07,111.79000000000474,IL2,il2_menten_prolif,0,0.05
5.096384723217377e-07,111.80000000000474,IL2,il2_menten_prolif,0,0.05
5.084168068321134e-07,111.81000000000475,IL2,il2_menten_prolif,0,0.05
5.071980697594205e-07,111.82000000000475,IL2,il2_menten_prolif,0,0.05
5.059822540665444e-07,111.83000000000476,IL2,il2_menten_prolif,0,0.05
5.047693527392631e-07,111.84000000000476,IL2,il2_menten_prolif,0,0.05
5.035593587862476e-07,111.85000000000477,IL2,il2_menten_prolif,0,0.05
5.023522652390626e-07,111.86000000000477,IL2,il2_menten_prolif,0,0.05
5.011480651521654e-07,111.87000000000478,IL2,il2_menten_prolif,0,0.05
4.999467516029066e-07,111.88000000000478,IL2,il2_menten_prolif,0,0.05
4.987483176915304e-07,111.89000000000479,IL2,il2_menten_prolif,0,0.05
4.975527565411735e-07,111.9000000000048,IL2,il2_menten_prolif,0,0.05
4.963600612978663e-07,111.9100000000048,IL2,il2_menten_prolif,0,0.05
4.951702251305319e-07,111.9200000000048,IL2,il2_menten_prolif,0,0.05
4.939832412309866e-07,111.93000000000481,IL2,il2_menten_prolif,0,0.05
4.927991028139402e-07,111.94000000000482,IL2,il2_menten_prolif,0,0.05
4.916178030251073e-07,111.95000000000482,IL2,il2_menten_prolif,0,0.05
4.904393347757192e-07,111.96000000000483,IL2,il2_menten_prolif,0,0.05
4.892636912546499e-07,111.97000000000483,IL2,il2_menten_prolif,0,0.05
4.880908656962098e-07,111.98000000000484,IL2,il2_menten_prolif,0,0.05
4.869208513542944e-07,111.99000000000484,IL2,il2_menten_prolif,0,0.05
4.857536415023847e-07,112.00000000000485,IL2,il2_menten_prolif,0,0.05
4.845892294335474e-07,112.01000000000485,IL2,il2_menten_prolif,0,0.05
4.834276084604337e-07,112.02000000000486,IL2,il2_menten_prolif,0,0.05
4.822687719152806e-07,112.03000000000486,IL2,il2_menten_prolif,0,0.05
4.811127131499105e-07,112.04000000000487,IL2,il2_menten_prolif,0,0.05
4.799594255357309e-07,112.05000000000487,IL2,il2_menten_prolif,0,0.05
4.788089024637344e-07,112.06000000000488,IL2,il2_menten_prolif,0,0.05
4.776611373444993e-07,112.07000000000488,IL2,il2_menten_prolif,0,0.05
4.7651612360818887e-07,112.08000000000489,IL2,il2_menten_prolif,0,0.05
4.7537385470455195e-07,112.09000000000489,IL2,il2_menten_prolif,0,0.05
4.7423432410292244e-07,112.1000000000049,IL2,il2_menten_prolif,0,0.05
4.730975252922198e-07,112.1100000000049,IL2,il2_menten_prolif,0,0.05
4.7196345178094857e-07,112.12000000000491,IL2,il2_menten_prolif,0,0.05
4.7083209709719854e-07,112.13000000000491,IL2,il2_menten_prolif,0,0.05
4.6970345478831743e-07,112.14000000000492,IL2,il2_menten_prolif,0,0.05
4.685775181577452e-07,112.15000000000492,IL2,il2_menten_prolif,0,0.05
4.674542805130285e-07,112.16000000000493,IL2,il2_menten_prolif,0,0.05
4.6633373538354575e-07,112.17000000000493,IL2,il2_menten_prolif,0,0.05
4.6521587631461694e-07,112.18000000000494,IL2,il2_menten_prolif,0,0.05
4.641006968675035e-07,112.19000000000494,IL2,il2_menten_prolif,0,0.05
4.6298819061940903e-07,112.20000000000495,IL2,il2_menten_prolif,0,0.05
4.6187835116347874e-07,112.21000000000495,IL2,il2_menten_prolif,0,0.05
4.607711721087992e-07,112.22000000000496,IL2,il2_menten_prolif,0,0.05
4.5966664708039936e-07,112.23000000000496,IL2,il2_menten_prolif,0,0.05
4.5856476971924917e-07,112.24000000000497,IL2,il2_menten_prolif,0,0.05
4.574655336822611e-07,112.25000000000497,IL2,il2_menten_prolif,0,0.05
4.563689326422886e-07,112.26000000000498,IL2,il2_menten_prolif,0,0.05
4.552749602881274e-07,112.27000000000498,IL2,il2_menten_prolif,0,0.05
4.5418361032451455e-07,112.28000000000499,IL2,il2_menten_prolif,0,0.05
4.530948764721293e-07,112.290000000005,IL2,il2_menten_prolif,0,0.05
4.520087524675922e-07,112.300000000005,IL2,il2_menten_prolif,0,0.05
4.509252320634657e-07,112.310000000005,IL2,il2_menten_prolif,0,0.05
4.4984430902825397e-07,112.32000000000501,IL2,il2_menten_prolif,0,0.05
4.4876597714640295e-07,112.33000000000501,IL2,il2_menten_prolif,0,0.05
4.4769023020984526e-07,112.34000000000502,IL2,il2_menten_prolif,0,0.05
4.4661706196108386e-07,112.35000000000502,IL2,il2_menten_prolif,0,0.05
4.455464662034171e-07,112.36000000000503,IL2,il2_menten_prolif,0,0.05
4.444784367698228e-07,112.37000000000504,IL2,il2_menten_prolif,0,0.05
4.4341296750851294e-07,112.38000000000504,IL2,il2_menten_prolif,0,0.05
4.4235005228293406e-07,112.39000000000505,IL2,il2_menten_prolif,0,0.05
4.4128968497176667e-07,112.40000000000505,IL2,il2_menten_prolif,0,0.05
4.4023185946892605e-07,112.41000000000506,IL2,il2_menten_prolif,0,0.05
4.391765696835615e-07,112.42000000000506,IL2,il2_menten_prolif,0,0.05
4.3812380954005705e-07,112.43000000000507,IL2,il2_menten_prolif,0,0.05
4.3707357297803064e-07,112.44000000000507,IL2,il2_menten_prolif,0,0.05
4.360258539523349e-07,112.45000000000508,IL2,il2_menten_prolif,0,0.05
4.349806464330566e-07,112.46000000000508,IL2,il2_menten_prolif,0,0.05
4.339379444055169e-07,112.47000000000509,IL2,il2_menten_prolif,0,0.05
4.3289774187027154e-07,112.48000000000509,IL2,il2_menten_prolif,0,0.05
4.318600328431102e-07,112.4900000000051,IL2,il2_menten_prolif,0,0.05
4.3082481135505723e-07,112.5000000000051,IL2,il2_menten_prolif,0,0.05
4.297920714523713e-07,112.5100000000051,IL2,il2_menten_prolif,0,0.05
4.287618071965453e-07,112.52000000000511,IL2,il2_menten_prolif,0,0.05
4.2773401266430663e-07,112.53000000000512,IL2,il2_menten_prolif,0,0.05
4.267086826191999e-07,112.54000000000512,IL2,il2_menten_prolif,0,0.05
4.2568580952505935e-07,112.55000000000513,IL2,il2_menten_prolif,0,0.05
4.2466538839310185e-07,112.56000000000513,IL2,il2_menten_prolif,0,0.05
4.236474133401322e-07,112.57000000000514,IL2,il2_menten_prolif,0,0.05
4.226318784980878e-07,112.58000000000514,IL2,il2_menten_prolif,0,0.05
4.2161877801400304e-07,112.59000000000515,IL2,il2_menten_prolif,0,0.05
4.206081060499734e-07,112.60000000000515,IL2,il2_menten_prolif,0,0.05
4.1959985678311974e-07,112.61000000000516,IL2,il2_menten_prolif,0,0.05
4.185940244055512e-07,112.62000000000516,IL2,il2_menten_prolif,0,0.05
4.175906031243305e-07,112.63000000000517,IL2,il2_menten_prolif,0,0.05
4.165895871614374e-07,112.64000000000517,IL2,il2_menten_prolif,0,0.05
4.1559097075373243e-07,112.65000000000518,IL2,il2_menten_prolif,0,0.05
4.1459474815292134e-07,112.66000000000518,IL2,il2_menten_prolif,0,0.05
4.136009136255191e-07,112.67000000000519,IL2,il2_menten_prolif,0,0.05
4.126094614528136e-07,112.6800000000052,IL2,il2_menten_prolif,0,0.05
4.116203859308299e-07,112.6900000000052,IL2,il2_menten_prolif,0,0.05
4.1063368137029425e-07,112.7000000000052,IL2,il2_menten_prolif,0,0.05
4.096493420965979e-07,112.71000000000521,IL2,il2_menten_prolif,0,0.05
4.0866736244976145e-07,112.72000000000521,IL2,il2_menten_prolif,0,0.05
4.076877367820491e-07,112.73000000000522,IL2,il2_menten_prolif,0,0.05
4.0671045938660457e-07,112.74000000000522,IL2,il2_menten_prolif,0,0.05
4.0573552460117316e-07,112.75000000000523,IL2,il2_menten_prolif,0,0.05
4.047629268106944e-07,112.76000000000523,IL2,il2_menten_prolif,0,0.05
4.0379266041392267e-07,112.77000000000524,IL2,il2_menten_prolif,0,0.05
4.028247198233795e-07,112.78000000000524,IL2,il2_menten_prolif,0,0.05
4.018590994653044e-07,112.79000000000525,IL2,il2_menten_prolif,0,0.05
4.0089579377960757e-07,112.80000000000526,IL2,il2_menten_prolif,0,0.05
3.9993479721982055e-07,112.81000000000526,IL2,il2_menten_prolif,0,0.05
3.989761042530489e-07,112.82000000000527,IL2,il2_menten_prolif,0,0.05
3.98019709359923e-07,112.83000000000527,IL2,il2_menten_prolif,0,0.05
3.970656070345505e-07,112.84000000000528,IL2,il2_menten_prolif,0,0.05
3.9611379178446745e-07,112.85000000000528,IL2,il2_menten_prolif,0,0.05
3.9516425813059034e-07,112.86000000000529,IL2,il2_menten_prolif,0,0.05
3.942170006071676e-07,112.87000000000529,IL2,il2_menten_prolif,0,0.05
3.9327201376173135e-07,112.8800000000053,IL2,il2_menten_prolif,0,0.05
3.923292921550492e-07,112.8900000000053,IL2,il2_menten_prolif,0,0.05
3.9138883036107575e-07,112.9000000000053,IL2,il2_menten_prolif,0,0.05
3.9045062296690456e-07,112.91000000000531,IL2,il2_menten_prolif,0,0.05
3.895146645727196e-07,112.92000000000532,IL2,il2_menten_prolif,0,0.05
3.885809497917466e-07,112.93000000000532,IL2,il2_menten_prolif,0,0.05
3.876494732502059e-07,112.94000000000533,IL2,il2_menten_prolif,0,0.05
3.867202295872626e-07,112.95000000000533,IL2,il2_menten_prolif,0,0.05
3.8579321345497996e-07,112.96000000000534,IL2,il2_menten_prolif,0,0.05
3.848684195182692e-07,112.97000000000534,IL2,il2_menten_prolif,0,0.05
3.839458424548428e-07,112.98000000000535,IL2,il2_menten_prolif,0,0.05
3.8302547695516566e-07,112.99000000000535,IL2,il2_menten_prolif,0,0.05
3.82107317722406e-07,113.00000000000536,IL2,il2_menten_prolif,0,0.05
3.811913594723885e-07,113.01000000000536,IL2,il2_menten_prolif,0,0.05
3.8027759693354485e-07,113.02000000000537,IL2,il2_menten_prolif,0,0.05
3.7936602484686594e-07,113.03000000000537,IL2,il2_menten_prolif,0,0.05
3.784566379658535e-07,113.04000000000538,IL2,il2_menten_prolif,0,0.05
3.7754943105647173e-07,113.05000000000538,IL2,il2_menten_prolif,0,0.05
3.7664439889592674e-07,113.06000000000539,IL2,il2_menten_prolif,0,0.05
3.7574153626127336e-07,113.0700000000054,IL2,il2_menten_prolif,0,0.05
3.7484083795001734e-07,113.0800000000054,IL2,il2_menten_prolif,0,0.05
3.739422987753345e-07,113.0900000000054,IL2,il2_menten_prolif,0,0.05
3.730459135625189e-07,113.10000000000541,IL2,il2_menten_prolif,0,0.05
3.721516771489325e-07,113.11000000000541,IL2,il2_menten_prolif,0,0.05
3.712595843839545e-07,113.12000000000542,IL2,il2_menten_prolif,0,0.05
3.703696301289319e-07,113.13000000000542,IL2,il2_menten_prolif,0,0.05
3.694818092571284e-07,113.14000000000543,IL2,il2_menten_prolif,0,0.05
3.6859611665367443e-07,113.15000000000543,IL2,il2_menten_prolif,0,0.05
3.6771254721551645e-07,113.16000000000544,IL2,il2_menten_prolif,0,0.05
3.6683109585136744e-07,113.17000000000544,IL2,il2_menten_prolif,0,0.05
3.6595175748165617e-07,113.18000000000545,IL2,il2_menten_prolif,0,0.05
3.650745270384764e-07,113.19000000000545,IL2,il2_menten_prolif,0,0.05
3.6419939946553755e-07,113.20000000000546,IL2,il2_menten_prolif,0,0.05
3.633263697181138e-07,113.21000000000546,IL2,il2_menten_prolif,0,0.05
3.6245543276299386e-07,113.22000000000547,IL2,il2_menten_prolif,0,0.05
3.615865835784306e-07,113.23000000000548,IL2,il2_menten_prolif,0,0.05
3.6071981715409106e-07,113.24000000000548,IL2,il2_menten_prolif,0,0.05
3.5985512849100584e-07,113.25000000000549,IL2,il2_menten_prolif,0,0.05
3.589925126015191e-07,113.26000000000549,IL2,il2_menten_prolif,0,0.05
3.5813196450923814e-07,113.2700000000055,IL2,il2_menten_prolif,0,0.05
3.5727347924898257e-07,113.2800000000055,IL2,il2_menten_prolif,0,0.05
3.5641705186673515e-07,113.2900000000055,IL2,il2_menten_prolif,0,0.05
3.5556267741959043e-07,113.30000000000551,IL2,il2_menten_prolif,0,0.05
3.5471035097570485e-07,113.31000000000552,IL2,il2_menten_prolif,0,0.05
3.538600676142466e-07,113.32000000000552,IL2,il2_menten_prolif,0,0.05
3.530118224253452e-07,113.33000000000553,IL2,il2_menten_prolif,0,0.05
3.521656105100412e-07,113.34000000000553,IL2,il2_menten_prolif,0,0.05
3.513214269802355e-07,113.35000000000554,IL2,il2_menten_prolif,0,0.05
3.5047926695863995e-07,113.36000000000554,IL2,il2_menten_prolif,0,0.05
3.49639125578726e-07,113.37000000000555,IL2,il2_menten_prolif,0,0.05
3.4880099798467545e-07,113.38000000000555,IL2,il2_menten_prolif,0,0.05
3.4796487996627355e-07,113.39000000000556,IL2,il2_menten_prolif,0,0.05
3.4713076679824696e-07,113.40000000000556,IL2,il2_menten_prolif,0,0.05
3.462986531273068e-07,113.41000000000557,IL2,il2_menten_prolif,0,0.05
3.4546853415693484e-07,113.42000000000557,IL2,il2_menten_prolif,0,0.05
3.4464040510179465e-07,113.43000000000558,IL2,il2_menten_prolif,0,0.05
3.4381426118769573e-07,113.44000000000558,IL2,il2_menten_prolif,0,0.05
3.4299009765155554e-07,113.45000000000559,IL2,il2_menten_prolif,0,0.05
3.421679097413635e-07,113.46000000000559,IL2,il2_menten_prolif,0,0.05
3.413476927161436e-07,113.4700000000056,IL2,il2_menten_prolif,0,0.05
3.4052944184591775e-07,113.4800000000056,IL2,il2_menten_prolif,0,0.05
3.3971315241166867e-07,113.49000000000561,IL2,il2_menten_prolif,0,0.05
3.388988197053032e-07,113.50000000000561,IL2,il2_menten_prolif,0,0.05
3.380864390296155e-07,113.51000000000562,IL2,il2_menten_prolif,0,0.05
3.372760056982495e-07,113.52000000000562,IL2,il2_menten_prolif,0,0.05
3.3646751503566303e-07,113.53000000000563,IL2,il2_menten_prolif,0,0.05
3.356609623770903e-07,113.54000000000563,IL2,il2_menten_prolif,0,0.05
3.3485634306850495e-07,113.55000000000564,IL2,il2_menten_prolif,0,0.05
3.3405365246658335e-07,113.56000000000564,IL2,il2_menten_prolif,0,0.05
3.332528859386679e-07,113.57000000000565,IL2,il2_menten_prolif,0,0.05
3.324540388627299e-07,113.58000000000565,IL2,il2_menten_prolif,0,0.05
3.3165710662733243e-07,113.59000000000566,IL2,il2_menten_prolif,0,0.05
3.30862084631594e-07,113.60000000000566,IL2,il2_menten_prolif,0,0.05
3.300689682851512e-07,113.61000000000567,IL2,il2_menten_prolif,0,0.05
3.292777530081222e-07,113.62000000000567,IL2,il2_menten_prolif,0,0.05
3.284884342310695e-07,113.63000000000568,IL2,il2_menten_prolif,0,0.05
3.2770100739496337e-07,113.64000000000568,IL2,il2_menten_prolif,0,0.05
3.269154687184081e-07,113.65000000000569,IL2,il2_menten_prolif,0,0.05
3.261318132523543e-07,113.6600000000057,IL2,il2_menten_prolif,0,0.05
3.2535003628408353e-07,113.6700000000057,IL2,il2_menten_prolif,0,0.05
3.2457013330926794e-07,113.6800000000057,IL2,il2_menten_prolif,0,0.05
3.237920998343719e-07,113.69000000000571,IL2,il2_menten_prolif,0,0.05
3.2301593137662727e-07,113.70000000000572,IL2,il2_menten_prolif,0,0.05
3.222416234640061e-07,113.71000000000572,IL2,il2_menten_prolif,0,0.05
3.2146917163519423e-07,113.72000000000573,IL2,il2_menten_prolif,0,0.05
3.2069857143956543e-07,113.73000000000573,IL2,il2_menten_prolif,0,0.05
3.199298184371543e-07,113.74000000000574,IL2,il2_menten_prolif,0,0.05
3.191629081986308e-07,113.75000000000574,IL2,il2_menten_prolif,0,0.05
3.1839783630527293e-07,113.76000000000575,IL2,il2_menten_prolif,0,0.05
3.17634598348941e-07,113.77000000000575,IL2,il2_menten_prolif,0,0.05
3.1687318993205105e-07,113.78000000000576,IL2,il2_menten_prolif,0,0.05
3.161136066675482e-07,113.79000000000576,IL2,il2_menten_prolif,0,0.05
3.1535584417888076e-07,113.80000000000577,IL2,il2_menten_prolif,0,0.05
3.1459989809997337e-07,113.81000000000577,IL2,il2_menten_prolif,0,0.05
3.13845764075201e-07,113.82000000000578,IL2,il2_menten_prolif,0,0.05
3.1309343775936253e-07,113.83000000000578,IL2,il2_menten_prolif,0,0.05
3.123429148176539e-07,113.84000000000579,IL2,il2_menten_prolif,0,0.05
3.115941909256423e-07,113.85000000000579,IL2,il2_menten_prolif,0,0.05
3.108472617692396e-07,113.8600000000058,IL2,il2_menten_prolif,0,0.05
3.1010212304467567e-07,113.8700000000058,IL2,il2_menten_prolif,0,0.05
3.0935877045847257e-07,113.88000000000581,IL2,il2_menten_prolif,0,0.05
3.0861719972741773e-07,113.89000000000581,IL2,il2_menten_prolif,0,0.05
3.07877406586775e-07,113.90000000000582,IL2,il2_menten_prolif,0,0.05
3.0713938695207523e-07,113.91000000000582,IL2,il2_menten_prolif,0,0.05
3.064031364156528e-07,113.92000000000583,IL2,il2_menten_prolif,0,0.05
3.0566865073761634e-07,113.93000000000583,IL2,il2_menten_prolif,0,0.05
3.049359256883171e-07,113.94000000000584,IL2,il2_menten_prolif,0,0.05
3.0420495704832436e-07,113.95000000000584,IL2,il2_menten_prolif,0,0.05
3.0347574060840123e-07,113.96000000000585,IL2,il2_menten_prolif,0,0.05
3.0274827216948003e-07,113.97000000000585,IL2,il2_menten_prolif,0,0.05
3.020225475426384e-07,113.98000000000586,IL2,il2_menten_prolif,0,0.05
3.0129856254907466e-07,113.99000000000586,IL2,il2_menten_prolif,0,0.05
3.0057631302008355e-07,114.00000000000587,IL2,il2_menten_prolif,0,0.05
2.998557947970318e-07,114.01000000000587,IL2,il2_menten_prolif,0,0.05
2.991370037313337e-07,114.02000000000588,IL2,il2_menten_prolif,0,0.05
2.984199356844271e-07,114.03000000000588,IL2,il2_menten_prolif,0,0.05
2.9770458652774873e-07,114.04000000000589,IL2,il2_menten_prolif,0,0.05
2.969909521427101e-07,114.0500000000059,IL2,il2_menten_prolif,0,0.05
2.9627902842067274e-07,114.0600000000059,IL2,il2_menten_prolif,0,0.05
2.9556881126292434e-07,114.0700000000059,IL2,il2_menten_prolif,0,0.05
2.948602965806543e-07,114.08000000000591,IL2,il2_menten_prolif,0,0.05
2.941534802949289e-07,114.09000000000592,IL2,il2_menten_prolif,0,0.05
2.9344835833666764e-07,114.10000000000592,IL2,il2_menten_prolif,0,0.05
2.9274492664661864e-07,114.11000000000593,IL2,il2_menten_prolif,0,0.05
2.920431811753338e-07,114.12000000000593,IL2,il2_menten_prolif,0,0.05
2.9134311788314534e-07,114.13000000000594,IL2,il2_menten_prolif,0,0.05
2.9064473274014086e-07,114.14000000000594,IL2,il2_menten_prolif,0,0.05
2.899480217261389e-07,114.15000000000595,IL2,il2_menten_prolif,0,0.05
2.8925298078974073e-07,114.16000000000595,IL2,il2_menten_prolif,0,0.05
2.8855960586577004e-07,114.17000000000596,IL2,il2_menten_prolif,0,0.05
2.8786789304526325e-07,114.18000000000596,IL2,il2_menten_prolif,0,0.05
2.871778383448804e-07,114.19000000000597,IL2,il2_menten_prolif,0,0.05
2.8648943779081255e-07,114.20000000000597,IL2,il2_menten_prolif,0,0.05
2.858026874187549e-07,114.21000000000598,IL2,il2_menten_prolif,0,0.05
2.8511758327388193e-07,114.22000000000598,IL2,il2_menten_prolif,0,0.05
2.84434121410821e-07,114.23000000000599,IL2,il2_menten_prolif,0,0.05
2.8375229789362675e-07,114.24000000000599,IL2,il2_menten_prolif,0,0.05
2.8307210879575546e-07,114.250000000006,IL2,il2_menten_prolif,0,0.05
2.823935502000388e-07,114.260000000006,IL2,il2_menten_prolif,0,0.05
2.8171661819865826e-07,114.27000000000601,IL2,il2_menten_prolif,0,0.05
2.8104130889311965e-07,114.28000000000601,IL2,il2_menten_prolif,0,0.05
2.8036761839422666e-07,114.29000000000602,IL2,il2_menten_prolif,0,0.05
2.796955428220553e-07,114.30000000000602,IL2,il2_menten_prolif,0,0.05
2.790250783059285e-07,114.31000000000603,IL2,il2_menten_prolif,0,0.05
2.783562209843896e-07,114.32000000000603,IL2,il2_menten_prolif,0,0.05
2.7768896700517707e-07,114.33000000000604,IL2,il2_menten_prolif,0,0.05
2.770233125251984e-07,114.34000000000604,IL2,il2_menten_prolif,0,0.05
2.7635925371050427e-07,114.35000000000605,IL2,il2_menten_prolif,0,0.05
2.7569678673626306e-07,114.36000000000605,IL2,il2_menten_prolif,0,0.05
2.750359077867347e-07,114.37000000000606,IL2,il2_menten_prolif,0,0.05
2.743766130552451e-07,114.38000000000606,IL2,il2_menten_prolif,0,0.05
2.737188987441599e-07,114.39000000000607,IL2,il2_menten_prolif,0,0.05
2.7306276106485916e-07,114.40000000000607,IL2,il2_menten_prolif,0,0.05
2.7240819623771155e-07,114.41000000000608,IL2,il2_menten_prolif,0,0.05
2.717552005057928e-07,114.42000000000608,IL2,il2_menten_prolif,0,0.05
2.711037701069025e-07,114.43000000000609,IL2,il2_menten_prolif,0,0.05
2.7045390127913664e-07,114.4400000000061,IL2,il2_menten_prolif,0,0.05
2.698055902788894e-07,114.4500000000061,IL2,il2_menten_prolif,0,0.05
2.6915883337142867e-07,114.4600000000061,IL2,il2_menten_prolif,0,0.05
2.6851362683086985e-07,114.47000000000611,IL2,il2_menten_prolif,0,0.05
2.67869966940151e-07,114.48000000000611,IL2,il2_menten_prolif,0,0.05
2.6722784999100655e-07,114.49000000000612,IL2,il2_menten_prolif,0,0.05
2.665872722839424e-07,114.50000000000612,IL2,il2_menten_prolif,0,0.05
2.659482301282101e-07,114.51000000000613,IL2,il2_menten_prolif,0,0.05
2.65310719841781e-07,114.52000000000614,IL2,il2_menten_prolif,0,0.05
2.646747377513212e-07,114.53000000000614,IL2,il2_menten_prolif,0,0.05
2.6404028019216587e-07,114.54000000000615,IL2,il2_menten_prolif,0,0.05
2.6340734350829335e-07,114.55000000000615,IL2,il2_menten_prolif,0,0.05
2.627759240523e-07,114.56000000000616,IL2,il2_menten_prolif,0,0.05
2.621460181853744e-07,114.57000000000616,IL2,il2_menten_prolif,0,0.05
2.6151762227727203e-07,114.58000000000617,IL2,il2_menten_prolif,0,0.05
2.608907327062894e-07,114.59000000000617,IL2,il2_menten_prolif,0,0.05
2.6026534585923884e-07,114.60000000000618,IL2,il2_menten_prolif,0,0.05
2.5964145813142246e-07,114.61000000000618,IL2,il2_menten_prolif,0,0.05
2.5901906592660745e-07,114.62000000000619,IL2,il2_menten_prolif,0,0.05
2.583981656569993e-07,114.63000000000619,IL2,il2_menten_prolif,0,0.05
2.577787537432176e-07,114.6400000000062,IL2,il2_menten_prolif,0,0.05
2.571608266142693e-07,114.6500000000062,IL2,il2_menten_prolif,0,0.05
2.56544380707524e-07,114.6600000000062,IL2,il2_menten_prolif,0,0.05
2.5592941246868787e-07,114.67000000000621,IL2,il2_menten_prolif,0,0.05
2.553159185701535e-07,114.68000000000622,IL2,il2_menten_prolif,0,0.05
2.5470389533689647e-07,114.69000000000622,IL2,il2_menten_prolif,0,0.05
2.5409333920403786e-07,114.70000000000623,IL2,il2_menten_prolif,0,0.05
2.5348424665393507e-07,114.71000000000623,IL2,il2_menten_prolif,0,0.05
2.528766141773053e-07,114.72000000000624,IL2,il2_menten_prolif,0,0.05
2.522704382732029e-07,114.73000000000624,IL2,il2_menten_prolif,0,0.05
2.516657154489962e-07,114.74000000000625,IL2,il2_menten_prolif,0,0.05
2.510624422203453e-07,114.75000000000625,IL2,il2_menten_prolif,0,0.05
2.5046061511117846e-07,114.76000000000626,IL2,il2_menten_prolif,0,0.05
2.4986023065367023e-07,114.77000000000626,IL2,il2_menten_prolif,0,0.05
2.49261285388218e-07,114.78000000000627,IL2,il2_menten_prolif,0,0.05
2.486637758634196e-07,114.79000000000627,IL2,il2_menten_prolif,0,0.05
2.4806769863605037e-07,114.80000000000628,IL2,il2_menten_prolif,0,0.05
2.474730502710403e-07,114.81000000000628,IL2,il2_menten_prolif,0,0.05
2.468798273414515e-07,114.82000000000629,IL2,il2_menten_prolif,0,0.05
2.4628802642845505e-07,114.8300000000063,IL2,il2_menten_prolif,0,0.05
2.4569764412130884e-07,114.8400000000063,IL2,il2_menten_prolif,0,0.05
2.4510867701733397e-07,114.8500000000063,IL2,il2_menten_prolif,0,0.05
2.445211217218928e-07,114.86000000000631,IL2,il2_menten_prolif,0,0.05
2.4393497484836526e-07,114.87000000000631,IL2,il2_menten_prolif,0,0.05
2.433502330181272e-07,114.88000000000632,IL2,il2_menten_prolif,0,0.05
2.4276689286052644e-07,114.89000000000632,IL2,il2_menten_prolif,0,0.05
2.4218495101286095e-07,114.90000000000633,IL2,il2_menten_prolif,0,0.05
2.4160440412035537e-07,114.91000000000633,IL2,il2_menten_prolif,0,0.05
2.410252488361388e-07,114.92000000000634,IL2,il2_menten_prolif,0,0.05
2.404474818444268e-07,114.93000000000634,IL2,il2_menten_prolif,0,0.05
2.3987110001475786e-07,114.94000000000635,IL2,il2_menten_prolif,0,0.05
2.3929609983967235e-07,114.95000000000636,IL2,il2_menten_prolif,0,0.05
2.387224780068688e-07,114.96000000000636,IL2,il2_menten_prolif,0,0.05
2.3815023121197324e-07,114.97000000000637,IL2,il2_menten_prolif,0,0.05
2.375793561585187e-07,114.98000000000637,IL2,il2_menten_prolif,0,0.05
2.3700984955792523e-07,114.99000000000638,IL2,il2_menten_prolif,0,0.05
2.3644170812947965e-07,115.00000000000638,IL2,il2_menten_prolif,0,0.05
2.3587492860031532e-07,115.01000000000639,IL2,il2_menten_prolif,0,0.05
2.353095077053918e-07,115.02000000000639,IL2,il2_menten_prolif,0,0.05
2.3474544218747475e-07,115.0300000000064,IL2,il2_menten_prolif,0,0.05
2.3418272879711557e-07,115.0400000000064,IL2,il2_menten_prolif,0,0.05
2.3362136429263164e-07,115.0500000000064,IL2,il2_menten_prolif,0,0.05
2.3306134544008524e-07,115.06000000000641,IL2,il2_menten_prolif,0,0.05
2.3250266901326426e-07,115.07000000000642,IL2,il2_menten_prolif,0,0.05
2.319453317936613e-07,115.08000000000642,IL2,il2_menten_prolif,0,0.05
2.3138933057045394e-07,115.09000000000643,IL2,il2_menten_prolif,0,0.05
2.3083466214048413e-07,115.10000000000643,IL2,il2_menten_prolif,0,0.05
2.3028132330823805e-07,115.11000000000644,IL2,il2_menten_prolif,0,0.05
2.2972931088582617e-07,115.12000000000644,IL2,il2_menten_prolif,0,0.05
2.291786216929628e-07,115.13000000000645,IL2,il2_menten_prolif,0,0.05
2.2862925255694575e-07,115.14000000000645,IL2,il2_menten_prolif,0,0.05
2.2808120031263642e-07,115.15000000000646,IL2,il2_menten_prolif,0,0.05
2.2753446180243937e-07,115.16000000000646,IL2,il2_menten_prolif,0,0.05
2.2698903387628214e-07,115.17000000000647,IL2,il2_menten_prolif,0,0.05
2.2644491339159494e-07,115.18000000000647,IL2,il2_menten_prolif,0,0.05
2.2590209724618053e-07,115.19000000000648,IL2,il2_menten_prolif,0,0.05
2.2536058234643594e-07,115.20000000000648,IL2,il2_menten_prolif,0,0.05
2.2482036552099247e-07,115.21000000000649,IL2,il2_menten_prolif,0,0.05
2.2428144365833702e-07,115.2200000000065,IL2,il2_menten_prolif,0,0.05
2.2374381365441186e-07,115.2300000000065,IL2,il2_menten_prolif,0,0.05
2.2320747241259495e-07,115.2400000000065,IL2,il2_menten_prolif,0,0.05
2.22672416843681e-07,115.25000000000651,IL2,il2_menten_prolif,0,0.05
2.2213864386586215e-07,115.26000000000651,IL2,il2_menten_prolif,0,0.05
2.2160615040470876e-07,115.27000000000652,IL2,il2_menten_prolif,0,0.05
2.2107493339315014e-07,115.28000000000652,IL2,il2_menten_prolif,0,0.05
2.2054498977145533e-07,115.29000000000653,IL2,il2_menten_prolif,0,0.05
2.2001631648721408e-07,115.30000000000653,IL2,il2_menten_prolif,0,0.05
2.1948891049531716e-07,115.31000000000654,IL2,il2_menten_prolif,0,0.05
2.189627687579377e-07,115.32000000000654,IL2,il2_menten_prolif,0,0.05
2.1843788824451152e-07,115.33000000000655,IL2,il2_menten_prolif,0,0.05
2.1791426593171793e-07,115.34000000000655,IL2,il2_menten_prolif,0,0.05
2.1739189880346096e-07,115.35000000000656,IL2,il2_menten_prolif,0,0.05
2.1687078385084956e-07,115.36000000000656,IL2,il2_menten_prolif,0,0.05
2.1635091807217872e-07,115.37000000000657,IL2,il2_menten_prolif,0,0.05
2.1583229847291005e-07,115.38000000000658,IL2,il2_menten_prolif,0,0.05
2.1531492206565284e-07,115.39000000000658,IL2,il2_menten_prolif,0,0.05
2.1479878587014443e-07,115.40000000000659,IL2,il2_menten_prolif,0,0.05
2.1428388691323127e-07,115.41000000000659,IL2,il2_menten_prolif,0,0.05
2.1377022222884961e-07,115.4200000000066,IL2,il2_menten_prolif,0,0.05
2.1325778885800638e-07,115.4300000000066,IL2,il2_menten_prolif,0,0.05
2.1274658384875972e-07,115.4400000000066,IL2,il2_menten_prolif,0,0.05
2.1223660428112467e-07,115.45000000000661,IL2,il2_menten_prolif,0,0.05
2.117278472121389e-07,115.46000000000662,IL2,il2_menten_prolif,0,0.05
2.112203096979623e-07,115.47000000000662,IL2,il2_menten_prolif,0,0.05
2.1071398881521042e-07,115.48000000000663,IL2,il2_menten_prolif,0,0.05
2.102088816474773e-07,115.49000000000663,IL2,il2_menten_prolif,0,0.05
2.097049852853163e-07,115.50000000000664,IL2,il2_menten_prolif,0,0.05
2.092022968262217e-07,115.51000000000664,IL2,il2_menten_prolif,0,0.05
2.0870081337460984e-07,115.52000000000665,IL2,il2_menten_prolif,0,0.05
2.0820053204180015e-07,115.53000000000665,IL2,il2_menten_prolif,0,0.05
2.077014499459965e-07,115.54000000000666,IL2,il2_menten_prolif,0,0.05
2.0720356421226816e-07,115.55000000000666,IL2,il2_menten_prolif,0,0.05
2.0670687197253147e-07,115.56000000000667,IL2,il2_menten_prolif,0,0.05
2.0621137036553067e-07,115.57000000000667,IL2,il2_menten_prolif,0,0.05
2.05717056536819e-07,115.58000000000668,IL2,il2_menten_prolif,0,0.05
2.0522392763874038e-07,115.59000000000668,IL2,il2_menten_prolif,0,0.05
2.0473198083041e-07,115.60000000000669,IL2,il2_menten_prolif,0,0.05
2.0424121327769617e-07,115.61000000000669,IL2,il2_menten_prolif,0,0.05
2.0375162215320096e-07,115.6200000000067,IL2,il2_menten_prolif,0,0.05
2.0326320463624182e-07,115.6300000000067,IL2,il2_menten_prolif,0,0.05
2.0277595791283228e-07,115.64000000000671,IL2,il2_menten_prolif,0,0.05
2.0228987917566392e-07,115.65000000000671,IL2,il2_menten_prolif,0,0.05
2.0180496562408676e-07,115.66000000000672,IL2,il2_menten_prolif,0,0.05
2.0132121446409096e-07,115.67000000000672,IL2,il2_menten_prolif,0,0.05
2.0083862290828782e-07,115.68000000000673,IL2,il2_menten_prolif,0,0.05
2.0035718817589115e-07,115.69000000000673,IL2,il2_menten_prolif,0,0.05
1.9987690749269817e-07,115.70000000000674,IL2,il2_menten_prolif,0,0.05
1.9939777817273872e-07,115.71000000000674,IL2,il2_menten_prolif,0,0.05
1.9891979739688744e-07,115.72000000000675,IL2,il2_menten_prolif,0,0.05
1.98442962402921e-07,115.73000000000675,IL2,il2_menten_prolif,0,0.05
1.9796727044402758e-07,115.74000000000676,IL2,il2_menten_prolif,0,0.05
1.974927187799378e-07,115.75000000000676,IL2,il2_menten_prolif,0,0.05
1.9701930467690666e-07,115.76000000000677,IL2,il2_menten_prolif,0,0.05
1.965470254076957e-07,115.77000000000677,IL2,il2_menten_prolif,0,0.05
1.9607587825155518e-07,115.78000000000678,IL2,il2_menten_prolif,0,0.05
1.9560586049420646e-07,115.79000000000678,IL2,il2_menten_prolif,0,0.05
1.9513696942782374e-07,115.80000000000679,IL2,il2_menten_prolif,0,0.05
1.9466920235101678e-07,115.8100000000068,IL2,il2_menten_prolif,0,0.05
1.942025565688125e-07,115.8200000000068,IL2,il2_menten_prolif,0,0.05
1.937370293926376e-07,115.8300000000068,IL2,il2_menten_prolif,0,0.05
1.9327261814030056e-07,115.84000000000681,IL2,il2_menten_prolif,0,0.05
1.9280932013597358e-07,115.85000000000682,IL2,il2_menten_prolif,0,0.05
1.9234713271017526e-07,115.86000000000682,IL2,il2_menten_prolif,0,0.05
1.9188605319975237e-07,115.87000000000683,IL2,il2_menten_prolif,0,0.05
1.9142607894786198e-07,115.88000000000683,IL2,il2_menten_prolif,0,0.05
1.9096720730395402e-07,115.89000000000684,IL2,il2_menten_prolif,0,0.05
1.9050943562375312e-07,115.90000000000684,IL2,il2_menten_prolif,0,0.05
1.9005276126924085e-07,115.91000000000685,IL2,il2_menten_prolif,0,0.05
1.8959718160863782e-07,115.92000000000685,IL2,il2_menten_prolif,0,0.05
1.8914269401638616e-07,115.93000000000686,IL2,il2_menten_prolif,0,0.05
1.8868929587313126e-07,115.94000000000686,IL2,il2_menten_prolif,0,0.05
1.882369845657042e-07,115.95000000000687,IL2,il2_menten_prolif,0,0.05
1.8778575750676137e-07,115.96000000000687,IL2,il2_menten_prolif,0,0.05
1.8733561219159605e-07,115.97000000000688,IL2,il2_menten_prolif,0,0.05
1.8688654593136504e-07,115.98000000000688,IL2,il2_menten_prolif,0,0.05
1.864385561391965e-07,115.99000000000689,IL2,il2_menten_prolif,0,0.05
1.859916402343897e-07,116.00000000000689,IL2,il2_menten_prolif,0,0.05
1.8554579564239837e-07,116.0100000000069,IL2,il2_menten_prolif,0,0.05
1.8510101979481458e-07,116.0200000000069,IL2,il2_menten_prolif,0,0.05
1.846573101293522e-07,116.03000000000691,IL2,il2_menten_prolif,0,0.05
1.8421466408983013e-07,116.04000000000691,IL2,il2_menten_prolif,0,0.05
1.8377307912615651e-07,116.05000000000692,IL2,il2_menten_prolif,0,0.05
1.8333255269431162e-07,116.06000000000692,IL2,il2_menten_prolif,0,0.05
1.8289308225633184e-07,116.07000000000693,IL2,il2_menten_prolif,0,0.05
1.8245466528029313e-07,116.08000000000693,IL2,il2_menten_prolif,0,0.05
1.820172992402945e-07,116.09000000000694,IL2,il2_menten_prolif,0,0.05
1.8158098161644162e-07,116.1,IL2,il2_menten_prolif,0,0.05
1.8114570981318805e-07,116.11,IL2,il2_menten_prolif,0,0.05
1.8071148139217187e-07,116.12,IL2,il2_menten_prolif,0,0.05
1.8027829386978497e-07,116.13000000000001,IL2,il2_menten_prolif,0,0.05
1.7984614475087147e-07,116.14000000000001,IL2,il2_menten_prolif,0,0.05
1.7941503154624824e-07,116.15000000000002,IL2,il2_menten_prolif,0,0.05
1.7898495177270315e-07,116.16000000000003,IL2,il2_menten_prolif,0,0.05
1.7855590295297638e-07,116.17000000000003,IL2,il2_menten_prolif,0,0.05
1.7812788261574315e-07,116.18000000000004,IL2,il2_menten_prolif,0,0.05
1.7770088829560637e-07,116.19000000000004,IL2,il2_menten_prolif,0,0.05
1.7727491753307764e-07,116.20000000000005,IL2,il2_menten_prolif,0,0.05
1.768499678745639e-07,116.21000000000005,IL2,il2_menten_prolif,0,0.05
1.7642603687235417e-07,116.22000000000006,IL2,il2_menten_prolif,0,0.05
1.7600312208460465e-07,116.23000000000006,IL2,il2_menten_prolif,0,0.05
1.7558122107532486e-07,116.24000000000007,IL2,il2_menten_prolif,0,0.05
1.7516033141436415e-07,116.25000000000007,IL2,il2_menten_prolif,0,0.05
1.7474045067739655e-07,116.26000000000008,IL2,il2_menten_prolif,0,0.05
1.743215764459081e-07,116.27000000000008,IL2,il2_menten_prolif,0,0.05
1.7390370630718178e-07,116.28000000000009,IL2,il2_menten_prolif,0,0.05
1.7348683785428473e-07,116.29000000000009,IL2,il2_menten_prolif,0,0.05
1.7307096868605332e-07,116.3000000000001,IL2,il2_menten_prolif,0,0.05
1.7265609640708005e-07,116.3100000000001,IL2,il2_menten_prolif,0,0.05
1.7224221862769947e-07,116.3200000000001,IL2,il2_menten_prolif,0,0.05
1.7182933296397446e-07,116.33000000000011,IL2,il2_menten_prolif,0,0.05
1.7141743703768222e-07,116.34000000000012,IL2,il2_menten_prolif,0,0.05
1.7100652847630142e-07,116.35000000000012,IL2,il2_menten_prolif,0,0.05
1.7059660491299735e-07,116.36000000000013,IL2,il2_menten_prolif,0,0.05
1.7018766398660932e-07,116.37000000000013,IL2,il2_menten_prolif,0,0.05
1.697797033416363e-07,116.38000000000014,IL2,il2_menten_prolif,0,0.05
1.6937272062822407e-07,116.39000000000014,IL2,il2_menten_prolif,0,0.05
1.689667135021508e-07,116.40000000000015,IL2,il2_menten_prolif,0,0.05
1.6856167962481462e-07,116.41000000000015,IL2,il2_menten_prolif,0,0.05
1.6815761666321894e-07,116.42000000000016,IL2,il2_menten_prolif,0,0.05
1.6775452228996023e-07,116.43000000000016,IL2,il2_menten_prolif,0,0.05
1.6735239418321373e-07,116.44000000000017,IL2,il2_menten_prolif,0,0.05
1.669512300267204e-07,116.45000000000017,IL2,il2_menten_prolif,0,0.05
1.6655102750977364e-07,116.46000000000018,IL2,il2_menten_prolif,0,0.05
1.661517843272058e-07,116.47000000000018,IL2,il2_menten_prolif,0,0.05
1.65753498179375e-07,116.48000000000019,IL2,il2_menten_prolif,0,0.05
1.6535616677215217e-07,116.4900000000002,IL2,il2_menten_prolif,0,0.05
1.64959787816907e-07,116.5000000000002,IL2,il2_menten_prolif,0,0.05
1.6456435903049575e-07,116.5100000000002,IL2,il2_menten_prolif,0,0.05
1.641698781352475e-07,116.52000000000021,IL2,il2_menten_prolif,0,0.05
1.6377634285895114e-07,116.53000000000021,IL2,il2_menten_prolif,0,0.05
1.633837509348426e-07,116.54000000000022,IL2,il2_menten_prolif,0,0.05
1.6299210010159104e-07,116.55000000000022,IL2,il2_menten_prolif,0,0.05
1.6260138810328653e-07,116.56000000000023,IL2,il2_menten_prolif,0,0.05
1.6221161268942724e-07,116.57000000000023,IL2,il2_menten_prolif,0,0.05
1.6182277161490558e-07,116.58000000000024,IL2,il2_menten_prolif,0,0.05
1.6143486263999553e-07,116.59000000000024,IL2,il2_menten_prolif,0,0.05
1.610478835303409e-07,116.60000000000025,IL2,il2_menten_prolif,0,0.05
1.6066183205694064e-07,116.61000000000026,IL2,il2_menten_prolif,0,0.05
1.6027670599613726e-07,116.62000000000026,IL2,il2_menten_prolif,0,0.05
1.598925031296033e-07,116.63000000000027,IL2,il2_menten_prolif,0,0.05
1.5950922124432963e-07,116.64000000000027,IL2,il2_menten_prolif,0,0.05
1.591268581326114e-07,116.65000000000028,IL2,il2_menten_prolif,0,0.05
1.5874541159203576e-07,116.66000000000028,IL2,il2_menten_prolif,0,0.05
1.5836487942546996e-07,116.67000000000029,IL2,il2_menten_prolif,0,0.05
1.5798525944104752e-07,116.68000000000029,IL2,il2_menten_prolif,0,0.05
1.5760654945215606e-07,116.6900000000003,IL2,il2_menten_prolif,0,0.05
1.5722874727742539e-07,116.7000000000003,IL2,il2_menten_prolif,0,0.05
1.568518507407138e-07,116.7100000000003,IL2,il2_menten_prolif,0,0.05
1.5647585767109585e-07,116.72000000000031,IL2,il2_menten_prolif,0,0.05
1.5610076590285093e-07,116.73000000000032,IL2,il2_menten_prolif,0,0.05
1.5572657327544923e-07,116.74000000000032,IL2,il2_menten_prolif,0,0.05
1.5535327763353993e-07,116.75000000000033,IL2,il2_menten_prolif,0,0.05
1.5498087682693956e-07,116.76000000000033,IL2,il2_menten_prolif,0,0.05
1.5460936871061815e-07,116.77000000000034,IL2,il2_menten_prolif,0,0.05
1.5423875114468782e-07,116.78000000000034,IL2,il2_menten_prolif,0,0.05
1.538690219943907e-07,116.79000000000035,IL2,il2_menten_prolif,0,0.05
1.5350017913008568e-07,116.80000000000035,IL2,il2_menten_prolif,0,0.05
1.5313222042723701e-07,116.81000000000036,IL2,il2_menten_prolif,0,0.05
1.5276514376640123e-07,116.82000000000036,IL2,il2_menten_prolif,0,0.05
1.5239894703321593e-07,116.83000000000037,IL2,il2_menten_prolif,0,0.05
1.5203362811838693e-07,116.84000000000037,IL2,il2_menten_prolif,0,0.05
1.5166918491767622e-07,116.85000000000038,IL2,il2_menten_prolif,0,0.05
1.5130561533188995e-07,116.86000000000038,IL2,il2_menten_prolif,0,0.05
1.509429172668664e-07,116.87000000000039,IL2,il2_menten_prolif,0,0.05
1.5058108863346356e-07,116.8800000000004,IL2,il2_menten_prolif,0,0.05
1.5022012734754759e-07,116.8900000000004,IL2,il2_menten_prolif,0,0.05
1.4986003132998043e-07,116.9000000000004,IL2,il2_menten_prolif,0,0.05
1.4950079850660817e-07,116.91000000000041,IL2,il2_menten_prolif,0,0.05
1.4914242680824856e-07,116.92000000000041,IL2,il2_menten_prolif,0,0.05
1.487849141706797e-07,116.93000000000042,IL2,il2_menten_prolif,0,0.05
1.4842825853462797e-07,116.94000000000042,IL2,il2_menten_prolif,0,0.05
1.4807245784575562e-07,116.95000000000043,IL2,il2_menten_prolif,0,0.05
1.477175100546499e-07,116.96000000000043,IL2,il2_menten_prolif,0,0.05
1.473634131168106e-07,116.97000000000044,IL2,il2_menten_prolif,0,0.05
1.4701016499263818e-07,116.98000000000044,IL2,il2_menten_prolif,0,0.05
1.4665776364742254e-07,116.99000000000045,IL2,il2_menten_prolif,0,0.05
1.46306207051331e-07,117.00000000000045,IL2,il2_menten_prolif,0,0.05
1.4595549317939668e-07,117.01000000000046,IL2,il2_menten_prolif,0,0.05
1.4560562001150653e-07,117.02000000000046,IL2,il2_menten_prolif,0,0.05
1.452565855323902e-07,117.03000000000047,IL2,il2_menten_prolif,0,0.05
1.449083877316083e-07,117.04000000000048,IL2,il2_menten_prolif,0,0.05
1.4456102460354022e-07,117.05000000000048,IL2,il2_menten_prolif,0,0.05
1.4421449414737353e-07,117.06000000000049,IL2,il2_menten_prolif,0,0.05
1.438687943670918e-07,117.07000000000049,IL2,il2_menten_prolif,0,0.05
1.4352392327146344e-07,117.0800000000005,IL2,il2_menten_prolif,0,0.05
1.4317987887402997e-07,117.0900000000005,IL2,il2_menten_prolif,0,0.05
1.4283665919309466e-07,117.1000000000005,IL2,il2_menten_prolif,0,0.05
1.4249426225171114e-07,117.11000000000051,IL2,il2_menten_prolif,0,0.05
1.4215268607767225e-07,117.12000000000052,IL2,il2_menten_prolif,0,0.05
1.4181192870349821e-07,117.13000000000052,IL2,il2_menten_prolif,0,0.05
1.4147198816642556e-07,117.14000000000053,IL2,il2_menten_prolif,0,0.05
1.4113286250839582e-07,117.15000000000053,IL2,il2_menten_prolif,0,0.05
1.4079454977604438e-07,117.16000000000054,IL2,il2_menten_prolif,0,0.05
1.4045704802068898e-07,117.17000000000054,IL2,il2_menten_prolif,0,0.05
1.4012035529831847e-07,117.18000000000055,IL2,il2_menten_prolif,0,0.05
1.3978446966958183e-07,117.19000000000055,IL2,il2_menten_prolif,0,0.05
1.39449389199777e-07,117.20000000000056,IL2,il2_menten_prolif,0,0.05
1.3911511195883957e-07,117.21000000000056,IL2,il2_menten_prolif,0,0.05
1.387816360213316e-07,117.22000000000057,IL2,il2_menten_prolif,0,0.05
1.3844895946643077e-07,117.23000000000057,IL2,il2_menten_prolif,0,0.05
1.3811708037791928e-07,117.24000000000058,IL2,il2_menten_prolif,0,0.05
1.3778599684417267e-07,117.25000000000058,IL2,il2_menten_prolif,0,0.05
1.374557069581488e-07,117.26000000000059,IL2,il2_menten_prolif,0,0.05
1.371262088173771e-07,117.27000000000059,IL2,il2_menten_prolif,0,0.05
1.367975005239473e-07,117.2800000000006,IL2,il2_menten_prolif,0,0.05
1.3646958018449872e-07,117.2900000000006,IL2,il2_menten_prolif,0,0.05
1.3614244591020927e-07,117.30000000000061,IL2,il2_menten_prolif,0,0.05
1.3581609581678472e-07,117.31000000000061,IL2,il2_menten_prolif,0,0.05
1.354905280244476e-07,117.32000000000062,IL2,il2_menten_prolif,0,0.05
1.351657406579265e-07,117.33000000000062,IL2,il2_menten_prolif,0,0.05
1.3484173184644552e-07,117.34000000000063,IL2,il2_menten_prolif,0,0.05
1.3451849972371257e-07,117.35000000000063,IL2,il2_menten_prolif,0,0.05
1.3419604242790994e-07,117.36000000000064,IL2,il2_menten_prolif,0,0.05
1.3387435810168273e-07,117.37000000000064,IL2,il2_menten_prolif,0,0.05
1.3355344489212853e-07,117.38000000000065,IL2,il2_menten_prolif,0,0.05
1.3323330095078592e-07,117.39000000000065,IL2,il2_menten_prolif,0,0.05
1.3291392443362521e-07,117.40000000000066,IL2,il2_menten_prolif,0,0.05
1.3259531350103667e-07,117.41000000000066,IL2,il2_menten_prolif,0,0.05
1.322774663178207e-07,117.42000000000067,IL2,il2_menten_prolif,0,0.05
1.319603810531763e-07,117.43000000000067,IL2,il2_menten_prolif,0,0.05
1.3164405588069157e-07,117.44000000000068,IL2,il2_menten_prolif,0,0.05
1.3132848897833266e-07,117.45000000000068,IL2,il2_menten_prolif,0,0.05
1.3101367852843358e-07,117.46000000000069,IL2,il2_menten_prolif,0,0.05
1.3069962271768485e-07,117.4700000000007,IL2,il2_menten_prolif,0,0.05
1.3038631973712434e-07,117.4800000000007,IL2,il2_menten_prolif,0,0.05
1.3007376778212598e-07,117.4900000000007,IL2,il2_menten_prolif,0,0.05
1.2976196505238973e-07,117.50000000000071,IL2,il2_menten_prolif,0,0.05
1.294509097519311e-07,117.51000000000072,IL2,il2_menten_prolif,0,0.05
1.291406000890704e-07,117.52000000000072,IL2,il2_menten_prolif,0,0.05
1.2883103427642318e-07,117.53000000000073,IL2,il2_menten_prolif,0,0.05
1.2852221053088966e-07,117.54000000000073,IL2,il2_menten_prolif,0,0.05
1.282141270736443e-07,117.55000000000074,IL2,il2_menten_prolif,0,0.05
1.2790678213012518e-07,117.56000000000074,IL2,il2_menten_prolif,0,0.05
1.2760017393002473e-07,117.57000000000075,IL2,il2_menten_prolif,0,0.05
1.2729430070727892e-07,117.58000000000075,IL2,il2_menten_prolif,0,0.05
1.2698916070005735e-07,117.59000000000076,IL2,il2_menten_prolif,0,0.05
1.2668475215075236e-07,117.60000000000076,IL2,il2_menten_prolif,0,0.05
1.2638107330596995e-07,117.61000000000077,IL2,il2_menten_prolif,0,0.05
1.2607812241651923e-07,117.62000000000077,IL2,il2_menten_prolif,0,0.05
1.2577589773740234e-07,117.63000000000078,IL2,il2_menten_prolif,0,0.05
1.2547439752780406e-07,117.64000000000078,IL2,il2_menten_prolif,0,0.05
1.2517362005108252e-07,117.65000000000079,IL2,il2_menten_prolif,0,0.05
1.2487356357475861e-07,117.66000000000079,IL2,il2_menten_prolif,0,0.05
1.2457422637050617e-07,117.6700000000008,IL2,il2_menten_prolif,0,0.05
1.242756067141421e-07,117.6800000000008,IL2,il2_menten_prolif,0,0.05
1.239777028856166e-07,117.69000000000081,IL2,il2_menten_prolif,0,0.05
1.2368051316900312e-07,117.70000000000081,IL2,il2_menten_prolif,0,0.05
1.2338403585248793e-07,117.71000000000082,IL2,il2_menten_prolif,0,0.05
1.2308826922836023e-07,117.72000000000082,IL2,il2_menten_prolif,0,0.05
1.2279321159300277e-07,117.73000000000083,IL2,il2_menten_prolif,0,0.05
1.224988612468836e-07,117.74000000000083,IL2,il2_menten_prolif,0,0.05
1.2220521649454484e-07,117.75000000000084,IL2,il2_menten_prolif,0,0.05
1.2191227564459163e-07,117.76000000000084,IL2,il2_menten_prolif,0,0.05
1.216200370096831e-07,117.77000000000085,IL2,il2_menten_prolif,0,0.05
1.213284989065228e-07,117.78000000000085,IL2,il2_menten_prolif,0,0.05
1.2103765965585121e-07,117.79000000000086,IL2,il2_menten_prolif,0,0.05
1.2074751758243482e-07,117.80000000000086,IL2,il2_menten_prolif,0,0.05
1.2045807101505432e-07,117.81000000000087,IL2,il2_menten_prolif,0,0.05
1.2016931828649588e-07,117.82000000000087,IL2,il2_menten_prolif,0,0.05
1.198812577335419e-07,117.83000000000088,IL2,il2_menten_prolif,0,0.05
1.1959388769696327e-07,117.84000000000088,IL2,il2_menten_prolif,0,0.05
1.193072065215093e-07,117.85000000000089,IL2,il2_menten_prolif,0,0.05
1.1902121255589555e-07,117.8600000000009,IL2,il2_menten_prolif,0,0.05
1.1873590415279533e-07,117.8700000000009,IL2,il2_menten_prolif,0,0.05
1.1845127966883018e-07,117.8800000000009,IL2,il2_menten_prolif,0,0.05
1.1816733746456274e-07,117.89000000000091,IL2,il2_menten_prolif,0,0.05
1.1788407590448659e-07,117.90000000000092,IL2,il2_menten_prolif,0,0.05
1.1760149335701434e-07,117.91000000000092,IL2,il2_menten_prolif,0,0.05
1.1731958819446922e-07,117.92000000000093,IL2,il2_menten_prolif,0,0.05
1.1703835879307549e-07,117.93000000000093,IL2,il2_menten_prolif,0,0.05
1.1675780353295123e-07,117.94000000000094,IL2,il2_menten_prolif,0,0.05
1.1647792079809982e-07,117.95000000000094,IL2,il2_menten_prolif,0,0.05
1.1619870897639592e-07,117.96000000000095,IL2,il2_menten_prolif,0,0.05
1.1592016645957802e-07,117.97000000000095,IL2,il2_menten_prolif,0,0.05
1.1564229164323904e-07,117.98000000000096,IL2,il2_menten_prolif,0,0.05
1.15365082926817e-07,117.99000000000096,IL2,il2_menten_prolif,0,0.05
1.1508853871359029e-07,118.00000000000097,IL2,il2_menten_prolif,0,0.05
1.1481265741066625e-07,118.01000000000097,IL2,il2_menten_prolif,0,0.05
1.145374374289677e-07,118.02000000000098,IL2,il2_menten_prolif,0,0.05
1.1426287718322614e-07,118.03000000000098,IL2,il2_menten_prolif,0,0.05
1.1398897509197256e-07,118.04000000000099,IL2,il2_menten_prolif,0,0.05
1.1371572957752809e-07,118.05000000000099,IL2,il2_menten_prolif,0,0.05
1.1344313906600015e-07,118.060000000001,IL2,il2_menten_prolif,0,0.05
1.1317120198726837e-07,118.070000000001,IL2,il2_menten_prolif,0,0.05
1.1289991677497429e-07,118.08000000000101,IL2,il2_menten_prolif,0,0.05
1.1262928186651355e-07,118.09000000000101,IL2,il2_menten_prolif,0,0.05
1.1235929570302694e-07,118.10000000000102,IL2,il2_menten_prolif,0,0.05
1.1208995672939147e-07,118.11000000000102,IL2,il2_menten_prolif,0,0.05
1.11821263394217e-07,118.12000000000103,IL2,il2_menten_prolif,0,0.05
1.1155321414983035e-07,118.13000000000103,IL2,il2_menten_prolif,0,0.05
1.1128580745226682e-07,118.14000000000104,IL2,il2_menten_prolif,0,0.05
1.1101904176126231e-07,118.15000000000104,IL2,il2_menten_prolif,0,0.05
1.1075291554024419e-07,118.16000000000105,IL2,il2_menten_prolif,0,0.05
1.1048742725632312e-07,118.17000000000105,IL2,il2_menten_prolif,0,0.05
1.1022257538028938e-07,118.18000000000106,IL2,il2_menten_prolif,0,0.05
1.0995835838659604e-07,118.19000000000106,IL2,il2_menten_prolif,0,0.05
1.0969477475335209e-07,118.20000000000107,IL2,il2_menten_prolif,0,0.05
1.0943182296231422e-07,118.21000000000107,IL2,il2_menten_prolif,0,0.05
1.0916950149887772e-07,118.22000000000108,IL2,il2_menten_prolif,0,0.05
1.089078088518117e-07,118.23000000000108,IL2,il2_menten_prolif,0,0.05
1.0864674351445547e-07,118.24000000000109,IL2,il2_menten_prolif,0,0.05
1.0838630398253813e-07,118.2500000000011,IL2,il2_menten_prolif,0,0.05
1.081264887559856e-07,118.2600000000011,IL2,il2_menten_prolif,0,0.05
1.0786729633829173e-07,118.2700000000011,IL2,il2_menten_prolif,0,0.05
1.0760872523651836e-07,118.28000000000111,IL2,il2_menten_prolif,0,0.05
1.0735077396127792e-07,118.29000000000111,IL2,il2_menten_prolif,0,0.05
1.0709344102673035e-07,118.30000000000112,IL2,il2_menten_prolif,0,0.05
1.0683672495062224e-07,118.31000000000112,IL2,il2_menten_prolif,0,0.05
1.065806242542661e-07,118.32000000000113,IL2,il2_menten_prolif,0,0.05
1.0632513746254024e-07,118.33000000000114,IL2,il2_menten_prolif,0,0.05
1.0607026310388876e-07,118.34000000000114,IL2,il2_menten_prolif,0,0.05
1.0581599971032157e-07,118.35000000000115,IL2,il2_menten_prolif,0,0.05
1.0556234581736963e-07,118.36000000000115,IL2,il2_menten_prolif,0,0.05
1.0530929996364248e-07,118.37000000000116,IL2,il2_menten_prolif,0,0.05
1.0505686069148367e-07,118.38000000000116,IL2,il2_menten_prolif,0,0.05
1.048050265468737e-07,118.39000000000117,IL2,il2_menten_prolif,0,0.05
1.0455379607932776e-07,118.40000000000117,IL2,il2_menten_prolif,0,0.05
1.0430316784189553e-07,118.41000000000118,IL2,il2_menten_prolif,0,0.05
1.0405314039116147e-07,118.42000000000118,IL2,il2_menten_prolif,0,0.05
1.0380371228724452e-07,118.43000000000119,IL2,il2_menten_prolif,0,0.05
1.0355488209330438e-07,118.44000000000119,IL2,il2_menten_prolif,0,0.05
1.0330664837547035e-07,118.4500000000012,IL2,il2_menten_prolif,0,0.05
1.0305900970392139e-07,118.4600000000012,IL2,il2_menten_prolif,0,0.05
1.0281196465231824e-07,118.4700000000012,IL2,il2_menten_prolif,0,0.05
1.0256551179779585e-07,118.48000000000121,IL2,il2_menten_prolif,0,0.05
1.0231964972096337e-07,118.49000000000122,IL2,il2_menten_prolif,0,0.05
1.0207437700590425e-07,118.50000000000122,IL2,il2_menten_prolif,0,0.05
1.0182969224008696e-07,118.51000000000123,IL2,il2_menten_prolif,0,0.05
1.0158559401348703e-07,118.52000000000123,IL2,il2_menten_prolif,0,0.05
1.0134208091988757e-07,118.53000000000124,IL2,il2_menten_prolif,0,0.05
1.0109915155668764e-07,118.54000000000124,IL2,il2_menten_prolif,0,0.05
1.008568045246985e-07,118.55000000000125,IL2,il2_menten_prolif,0,0.05
1.0061503842814375e-07,118.56000000000125,IL2,il2_menten_prolif,0,0.05
1.0037385187465918e-07,118.57000000000126,IL2,il2_menten_prolif,0,0.05
1.0013324347529292e-07,118.58000000000126,IL2,il2_menten_prolif,0,0.05
9.989321184400748e-08,118.59000000000127,IL2,il2_menten_prolif,0,0.05
9.965375559760819e-08,118.60000000000127,IL2,il2_menten_prolif,0,0.05
9.941487335683164e-08,118.61000000000128,IL2,il2_menten_prolif,0,0.05
9.917656374577367e-08,118.62000000000128,IL2,il2_menten_prolif,0,0.05
9.893882539188126e-08,118.63000000000129,IL2,il2_menten_prolif,0,0.05
9.870165692595298e-08,118.6400000000013,IL2,il2_menten_prolif,0,0.05
9.846505698213869e-08,118.6500000000013,IL2,il2_menten_prolif,0,0.05
9.822902419785367e-08,118.6600000000013,IL2,il2_menten_prolif,0,0.05
9.799355721293134e-08,118.67000000000131,IL2,il2_menten_prolif,0,0.05
9.775865467087824e-08,118.68000000000131,IL2,il2_menten_prolif,0,0.05
9.752431521868892e-08,118.69000000000132,IL2,il2_menten_prolif,0,0.05
9.729053750664967e-08,118.70000000000132,IL2,il2_menten_prolif,0,0.05
9.705732018833827e-08,118.71000000000133,IL2,il2_menten_prolif,0,0.05
9.68246619206241e-08,118.72000000000133,IL2,il2_menten_prolif,0,0.05
9.659256136366835e-08,118.73000000000134,IL2,il2_menten_prolif,0,0.05
9.636101718044326e-08,118.74000000000134,IL2,il2_menten_prolif,0,0.05
9.61300280366636e-08,118.75000000000135,IL2,il2_menten_prolif,0,0.05
9.589959260183636e-08,118.76000000000136,IL2,il2_menten_prolif,0,0.05
9.566970954870875e-08,118.77000000000136,IL2,il2_menten_prolif,0,0.05
9.544037755326096e-08,118.78000000000137,IL2,il2_menten_prolif,0,0.05
9.521159529470609e-08,118.79000000000137,IL2,il2_menten_prolif,0,0.05
9.498336145549005e-08,118.80000000000138,IL2,il2_menten_prolif,0,0.05
9.475567472120873e-08,118.81000000000138,IL2,il2_menten_prolif,0,0.05
9.452853377979059e-08,118.82000000000139,IL2,il2_menten_prolif,0,0.05
9.430193732270745e-08,118.83000000000139,IL2,il2_menten_prolif,0,0.05
9.407588404479574e-08,118.8400000000014,IL2,il2_menten_prolif,0,0.05
9.385037264406713e-08,118.8500000000014,IL2,il2_menten_prolif,0,0.05
9.362540182170856e-08,118.8600000000014,IL2,il2_menten_prolif,0,0.05
9.34009702820822e-08,118.87000000000141,IL2,il2_menten_prolif,0,0.05
9.31770767327254e-08,118.88000000000142,IL2,il2_menten_prolif,0,0.05
9.295371988388742e-08,118.89000000000142,IL2,il2_menten_prolif,0,0.05
9.273089844846289e-08,118.90000000000143,IL2,il2_menten_prolif,0,0.05
9.250861114300467e-08,118.91000000000143,IL2,il2_menten_prolif,0,0.05
9.228685668719124e-08,118.92000000000144,IL2,il2_menten_prolif,0,0.05
9.206563380381979e-08,118.93000000000144,IL2,il2_menten_prolif,0,0.05
9.184494121880596e-08,118.94000000000145,IL2,il2_menten_prolif,0,0.05
9.162477766118405e-08,118.95000000000145,IL2,il2_menten_prolif,0,0.05
9.140514186302685e-08,118.96000000000146,IL2,il2_menten_prolif,0,0.05
9.11860325586574e-08,118.97000000000146,IL2,il2_menten_prolif,0,0.05
9.096744848581655e-08,118.98000000000147,IL2,il2_menten_prolif,0,0.05
9.074938838549097e-08,118.99000000000147,IL2,il2_menten_prolif,0,0.05
9.053185100173032e-08,119.00000000000148,IL2,il2_menten_prolif,0,0.05
9.031483508164713e-08,119.01000000000148,IL2,il2_menten_prolif,0,0.05
9.009833937541694e-08,119.02000000000149,IL2,il2_menten_prolif,0,0.05
8.988236263627826e-08,119.0300000000015,IL2,il2_menten_prolif,0,0.05
8.966690362008543e-08,119.0400000000015,IL2,il2_menten_prolif,0,0.05
8.945196108524488e-08,119.0500000000015,IL2,il2_menten_prolif,0,0.05
8.923753379369174e-08,119.06000000000151,IL2,il2_menten_prolif,0,0.05
8.902362051037632e-08,119.07000000000151,IL2,il2_menten_prolif,0,0.05
8.881022000325726e-08,119.08000000000152,IL2,il2_menten_prolif,0,0.05
8.859733104330145e-08,119.09000000000152,IL2,il2_menten_prolif,0,0.05
8.83849524044842e-08,119.10000000000153,IL2,il2_menten_prolif,0,0.05
8.81730828637118e-08,119.11000000000153,IL2,il2_menten_prolif,0,0.05
8.796172120006132e-08,119.12000000000154,IL2,il2_menten_prolif,0,0.05
8.775086619590667e-08,119.13000000000154,IL2,il2_menten_prolif,0,0.05
8.754051663675291e-08,119.14000000000155,IL2,il2_menten_prolif,0,0.05
8.733067131105967e-08,119.15000000000155,IL2,il2_menten_prolif,0,0.05
8.712132901024126e-08,119.16000000000156,IL2,il2_menten_prolif,0,0.05
8.691248852866664e-08,119.17000000000156,IL2,il2_menten_prolif,0,0.05
8.670414866365938e-08,119.18000000000157,IL2,il2_menten_prolif,0,0.05
8.649630821506655e-08,119.19000000000158,IL2,il2_menten_prolif,0,0.05
8.62889659851969e-08,119.20000000000158,IL2,il2_menten_prolif,0,0.05
8.608212077976317e-08,119.21000000000159,IL2,il2_menten_prolif,0,0.05
8.587577140738669e-08,119.22000000000159,IL2,il2_menten_prolif,0,0.05
8.566991667959067e-08,119.2300000000016,IL2,il2_menten_prolif,0,0.05
8.546455541080036e-08,119.2400000000016,IL2,il2_menten_prolif,0,0.05
8.525968641834283e-08,119.2500000000016,IL2,il2_menten_prolif,0,0.05
8.505530852237268e-08,119.26000000000161,IL2,il2_menten_prolif,0,0.05
8.485142054513837e-08,119.27000000000162,IL2,il2_menten_prolif,0,0.05
8.464802131206878e-08,119.28000000000162,IL2,il2_menten_prolif,0,0.05
8.444510965161314e-08,119.29000000000163,IL2,il2_menten_prolif,0,0.05
8.424268439507079e-08,119.30000000000163,IL2,il2_menten_prolif,0,0.05
8.404074437659127e-08,119.31000000000164,IL2,il2_menten_prolif,0,0.05
8.383928843317434e-08,119.32000000000164,IL2,il2_menten_prolif,0,0.05
8.363831540466981e-08,119.33000000000165,IL2,il2_menten_prolif,0,0.05
8.343782413407877e-08,119.34000000000165,IL2,il2_menten_prolif,0,0.05
8.323781346422516e-08,119.35000000000166,IL2,il2_menten_prolif,0,0.05
8.303828224437268e-08,119.36000000000166,IL2,il2_menten_prolif,0,0.05
8.283922932517987e-08,119.37000000000167,IL2,il2_menten_prolif,0,0.05
8.264065356013581e-08,119.38000000000167,IL2,il2_menten_prolif,0,0.05
8.244255380555354e-08,119.39000000000168,IL2,il2_menten_prolif,0,0.05
8.224492892056308e-08,119.40000000000168,IL2,il2_menten_prolif,0,0.05
8.204777776689165e-08,119.41000000000169,IL2,il2_menten_prolif,0,0.05
8.185109920698972e-08,119.42000000000169,IL2,il2_menten_prolif,0,0.05
8.165489210739656e-08,119.4300000000017,IL2,il2_menten_prolif,0,0.05
8.145915533793728e-08,119.4400000000017,IL2,il2_menten_prolif,0,0.05
8.126388777118702e-08,119.45000000000171,IL2,il2_menten_prolif,0,0.05
8.106908828246346e-08,119.46000000000171,IL2,il2_menten_prolif,0,0.05
8.0874755749819e-08,119.47000000000172,IL2,il2_menten_prolif,0,0.05
8.068088905403321e-08,119.48000000000172,IL2,il2_menten_prolif,0,0.05
8.04874870786052e-08,119.49000000000173,IL2,il2_menten_prolif,0,0.05
8.029454870974579e-08,119.50000000000173,IL2,il2_menten_prolif,0,0.05
8.010207283637003e-08,119.51000000000174,IL2,il2_menten_prolif,0,0.05
7.991005835008952e-08,119.52000000000174,IL2,il2_menten_prolif,0,0.05
7.971850414520462e-08,119.53000000000175,IL2,il2_menten_prolif,0,0.05
7.952740911869703e-08,119.54000000000175,IL2,il2_menten_prolif,0,0.05
7.933677217022182e-08,119.55000000000176,IL2,il2_menten_prolif,0,0.05
7.914659220210007e-08,119.56000000000176,IL2,il2_menten_prolif,0,0.05
7.895686811931102e-08,119.57000000000177,IL2,il2_menten_prolif,0,0.05
7.876759882948455e-08,119.58000000000177,IL2,il2_menten_prolif,0,0.05
7.857878324289343e-08,119.59000000000178,IL2,il2_menten_prolif,0,0.05
7.83904202724456e-08,119.60000000000178,IL2,il2_menten_prolif,0,0.05
7.820250883367668e-08,119.61000000000179,IL2,il2_menten_prolif,0,0.05
7.801504784474232e-08,119.6200000000018,IL2,il2_menten_prolif,0,0.05
7.782803622641026e-08,119.6300000000018,IL2,il2_menten_prolif,0,0.05
7.764147290205304e-08,119.6400000000018,IL2,il2_menten_prolif,0,0.05
7.745535679649043e-08,119.65000000000181,IL2,il2_menten_prolif,0,0.05
7.726968683599405e-08,119.66000000000182,IL2,il2_menten_prolif,0,0.05
7.708446195114871e-08,119.67000000000182,IL2,il2_menten_prolif,0,0.05
7.68996810751129e-08,119.68000000000183,IL2,il2_menten_prolif,0,0.05
7.671534314357559e-08,119.69000000000183,IL2,il2_menten_prolif,0,0.05
7.653144709474788e-08,119.70000000000184,IL2,il2_menten_prolif,0,0.05
7.634799186935421e-08,119.71000000000184,IL2,il2_menten_prolif,0,0.05
7.616497641062385e-08,119.72000000000185,IL2,il2_menten_prolif,0,0.05
7.598239966428242e-08,119.73000000000185,IL2,il2_menten_prolif,0,0.05
7.580026057854302e-08,119.74000000000186,IL2,il2_menten_prolif,0,0.05
7.561855810409786e-08,119.75000000000186,IL2,il2_menten_prolif,0,0.05
7.543729119410963e-08,119.76000000000187,IL2,il2_menten_prolif,0,0.05
7.52564588042028e-08,119.77000000000187,IL2,il2_menten_prolif,0,0.05
7.507605989245523e-08,119.78000000000188,IL2,il2_menten_prolif,0,0.05
7.489609341938931e-08,119.79000000000188,IL2,il2_menten_prolif,0,0.05
7.47165583479636e-08,119.80000000000189,IL2,il2_menten_prolif,0,0.05
7.45374536435641e-08,119.81000000000189,IL2,il2_menten_prolif,0,0.05
7.43587782739957e-08,119.8200000000019,IL2,il2_menten_prolif,0,0.05
7.418053120947364e-08,119.8300000000019,IL2,il2_menten_prolif,0,0.05
7.40027114226148e-08,119.84000000000191,IL2,il2_menten_prolif,0,0.05
7.382531788842915e-08,119.85000000000191,IL2,il2_menten_prolif,0,0.05
7.364834958431126e-08,119.86000000000192,IL2,il2_menten_prolif,0,0.05
7.347180549003154e-08,119.87000000000192,IL2,il2_menten_prolif,0,0.05
7.329568458808254e-08,119.88000000000193,IL2,il2_menten_prolif,0,0.05
7.311998586837459e-08,119.89000000000193,IL2,il2_menten_prolif,0,0.05
7.29447083204857e-08,119.90000000000194,IL2,il2_menten_prolif,0,0.05
7.276985093483509e-08,119.91000000000194,IL2,il2_menten_prolif,0,0.05
7.259541270425559e-08,119.92000000000195,IL2,il2_menten_prolif,0,0.05
7.242139262398734e-08,119.93000000000195,IL2,il2_menten_prolif,0,0.05
7.224778969167117e-08,119.94000000000196,IL2,il2_menten_prolif,0,0.05
7.207460290734241e-08,119.95000000000196,IL2,il2_menten_prolif,0,0.05
7.190183127342418e-08,119.96000000000197,IL2,il2_menten_prolif,0,0.05
7.172947379472105e-08,119.97000000000197,IL2,il2_menten_prolif,0,0.05
7.155752947841264e-08,119.98000000000198,IL2,il2_menten_prolif,0,0.05
7.138599733404705e-08,119.99000000000198,IL2,il2_menten_prolif,0,0.05
7.121487637353463e-08,120.00000000000199,IL2,il2_menten_prolif,0,0.05
0.0,0.0,Timer,timer_menten_prolif,0,0.05
2.387834176928108e-07,0.01,Timer,timer_menten_prolif,0,0.05
3.7169936556304357e-06,0.02,Timer,timer_menten_prolif,0,0.05
1.851390892301165e-05,0.03,Timer,timer_menten_prolif,0,0.05
5.7581105555302525e-05,0.04,Timer,timer_menten_prolif,0,0.05
0.00013836474029562564,0.05,Timer,timer_menten_prolif,0,0.05
0.00028244315346085595,0.06,Timer,timer_menten_prolif,0,0.05
0.0005151636922457197,0.07,Timer,timer_menten_prolif,0,0.05
0.0008653303106693055,0.08,Timer,timer_menten_prolif,0,0.05
0.0013649331642134363,0.09,Timer,timer_menten_prolif,0,0.05
0.0020488607176462528,0.1,Timer,timer_menten_prolif,0,0.05
0.0029546379776218797,0.11,Timer,timer_menten_prolif,0,0.05
0.004122188648451716,0.12,Timer,timer_menten_prolif,0,0.05
0.0055936184141277484,0.13,Timer,timer_menten_prolif,0,0.05
0.00741301033808792,0.14,Timer,timer_menten_prolif,0,0.05
0.009626230799063716,0.15,Timer,timer_menten_prolif,0,0.05
0.012280749162846818,0.16,Timer,timer_menten_prolif,0,0.05
0.015425468824385027,0.17,Timer,timer_menten_prolif,0,0.05
0.01911057098210004,0.18,Timer,timer_menten_prolif,0,0.05
0.02338737465717683,0.19,Timer,timer_menten_prolif,0,0.05
0.028308199919474936,0.2,Timer,timer_menten_prolif,0,0.05
0.033926242000470494,0.21,Timer,timer_menten_prolif,0,0.05
0.04029545426173957,0.22,Timer,timer_menten_prolif,0,0.05
0.04747044008758121,0.23,Timer,timer_menten_prolif,0,0.05
0.055506350922741844,0.24,Timer,timer_menten_prolif,0,0.05
0.06445879482710754,0.25,Timer,timer_menten_prolif,0,0.05
0.07438374955176708,0.26,Timer,timer_menten_prolif,0,0.05
0.08533748215629293,0.27,Timer,timer_menten_prolif,0,0.05
0.09737647502234328,0.28,Timer,timer_menten_prolif,0,0.05
0.11055735775979447,0.29,Timer,timer_menten_prolif,0,0.05
0.12493684417520437,0.3,Timer,timer_menten_prolif,0,0.05
0.14057167443485738,0.31,Timer,timer_menten_prolif,0,0.05
0.15751856289998387,0.32,Timer,timer_menten_prolif,0,0.05
0.17583414856822377,0.33,Timer,timer_menten_prolif,0,0.05
0.19557495407683995,0.34,Timer,timer_menten_prolif,0,0.05
0.21679734066225498,0.35000000000000003,Timer,timer_menten_prolif,0,0.05
0.23955747821629644,0.36,Timer,timer_menten_prolif,0,0.05
0.2639113044290866,0.37,Timer,timer_menten_prolif,0,0.05
0.28991450615167075,0.38,Timer,timer_menten_prolif,0,0.05
0.3176224839435464,0.39,Timer,timer_menten_prolif,0,0.05
0.34709033690281343,0.4,Timer,timer_menten_prolif,0,0.05
0.3783728370982115,0.41000000000000003,Timer,timer_menten_prolif,0,0.05
0.41152441646633664,0.42,Timer,timer_menten_prolif,0,0.05
0.44659915027601793,0.43,Timer,timer_menten_prolif,0,0.05
0.4836507456953071,0.44,Timer,timer_menten_prolif,0,0.05
0.5227325336530958,0.45,Timer,timer_menten_prolif,0,0.05
0.5638974576373705,0.46,Timer,timer_menten_prolif,0,0.05
0.6071980692670612,0.47000000000000003,Timer,timer_menten_prolif,0,0.05
0.6526865307055456,0.48,Timer,timer_menten_prolif,0,0.05
0.7004146121787603,0.49,Timer,timer_menten_prolif,0,0.05
0.7504336809318779,0.5,Timer,timer_menten_prolif,0,0.05
0.8027947159994698,0.51,Timer,timer_menten_prolif,0,0.05
0.8575483054043358,0.52,Timer,timer_menten_prolif,0,0.05
0.9147446531674881,0.53,Timer,timer_menten_prolif,0,0.05
0.9744335861543241,0.54,Timer,timer_menten_prolif,0,0.05
1.0366645609994931,0.55,Timer,timer_menten_prolif,0,0.05
1.1014866744311957,0.56,Timer,timer_menten_prolif,0,0.05
1.168948671708107,0.5700000000000001,Timer,timer_menten_prolif,0,0.05
1.2390989596109625,0.58,Timer,timer_menten_prolif,0,0.05
1.3119856180585814,0.59,Timer,timer_menten_prolif,0,0.05
1.387656414135997,0.6,Timer,timer_menten_prolif,0,0.05
1.4661588159354335,0.61,Timer,timer_menten_prolif,0,0.05
1.5475400078696044,0.62,Timer,timer_menten_prolif,0,0.05
1.631846908770262,0.63,Timer,timer_menten_prolif,0,0.05
1.7191261874206956,0.64,Timer,timer_menten_prolif,0,0.05
1.8094242769359097,0.65,Timer,timer_menten_prolif,0,0.05
1.9027873984108823,0.66,Timer,timer_menten_prolif,0,0.05
1.9992615785866112,0.67,Timer,timer_menten_prolif,0,0.05
2.098892666117215,0.68,Timer,timer_menten_prolif,0,0.05
2.2017263555267834,0.6900000000000001,Timer,timer_menten_prolif,0,0.05
2.307808207946172,0.7000000000000001,Timer,timer_menten_prolif,0,0.05
2.4171836692720063,0.71,Timer,timer_menten_prolif,0,0.05
2.529898093950376,0.72,Timer,timer_menten_prolif,0,0.05
2.6459967682594154,0.73,Timer,timer_menten_prolif,0,0.05
2.7655249306355447,0.74,Timer,timer_menten_prolif,0,0.05
2.8885277946800185,0.75,Timer,timer_menten_prolif,0,0.05
3.015050574547773,0.76,Timer,timer_menten_prolif,0,0.05
3.1451385073055715,0.77,Timer,timer_menten_prolif,0,0.05
3.278836875593612,0.78,Timer,timer_menten_prolif,0,0.05
3.4161910342779276,0.79,Timer,timer_menten_prolif,0,0.05
3.557246434229645,0.8,Timer,timer_menten_prolif,0,0.05
3.7020486453255312,0.81,Timer,timer_menten_prolif,0,0.05
3.8506433835173173,0.8200000000000001,Timer,timer_menten_prolif,0,0.05
4.003076535846134,0.8300000000000001,Timer,timer_menten_prolif,0,0.05
4.159394184150623,0.84,Timer,timer_menten_prolif,0,0.05
4.319642632168291,0.85,Timer,timer_menten_prolif,0,0.05
4.483868431754637,0.86,Timer,timer_menten_prolif,0,0.05
4.652118408037428,0.87,Timer,timer_menten_prolif,0,0.05
4.824439683706787,0.88,Timer,timer_menten_prolif,0,0.05
5.000879707981976,0.89,Timer,timer_menten_prolif,0,0.05
5.1814862823624654,0.9,Timer,timer_menten_prolif,0,0.05
5.366307585884162,0.91,Timer,timer_menten_prolif,0,0.05
5.55539220209452,0.92,Timer,timer_menten_prolif,0,0.05
5.748789146638364,0.93,Timer,timer_menten_prolif,0,0.05
5.946547893610217,0.9400000000000001,Timer,timer_menten_prolif,0,0.05
6.148718401170353,0.9500000000000001,Timer,timer_menten_prolif,0,0.05
6.355351139839639,0.96,Timer,timer_menten_prolif,0,0.05
6.5664971194562,0.97,Timer,timer_menten_prolif,0,0.05
6.782207915781608,0.98,Timer,timer_menten_prolif,0,0.05
7.002535697285618,0.99,Timer,timer_menten_prolif,0,0.05
7.227533253290538,1.0,Timer,timer_menten_prolif,0,0.05
7.457254021005155,1.01,Timer,timer_menten_prolif,0,0.05
7.691752112372434,1.02,Timer,timer_menten_prolif,0,0.05
7.931082341864312,1.03,Timer,timer_menten_prolif,0,0.05
8.175300254130285,1.04,Timer,timer_menten_prolif,0,0.05
8.424462151401944,1.05,Timer,timer_menten_prolif,0,0.05
8.67862512083353,1.06,Timer,timer_menten_prolif,0,0.05
8.937847062547831,1.07,Timer,timer_menten_prolif,0,0.05
9.202186717301235,1.08,Timer,timer_menten_prolif,0,0.05
9.471703694230936,1.09,Timer,timer_menten_prolif,0,0.05
9.746458498746478,1.1,Timer,timer_menten_prolif,0,0.05
10.02651256052948,1.11,Timer,timer_menten_prolif,0,0.05
10.311928261523407,1.12,Timer,timer_menten_prolif,0,0.05
10.60276896406258,1.1300000000000001,Timer,timer_menten_prolif,0,0.05
10.89909903906396,1.1400000000000001,Timer,timer_menten_prolif,0,0.05
11.200983894168715,1.1500000000000001,Timer,timer_menten_prolif,0,0.05
11.508490002068513,1.16,Timer,timer_menten_prolif,0,0.05
11.821684929089038,1.17,Timer,timer_menten_prolif,0,0.05
12.140637364159886,1.18,Timer,timer_menten_prolif,0,0.05
12.465417146688496,1.19,Timer,timer_menten_prolif,0,0.05
12.796095295449026,1.2,Timer,timer_menten_prolif,0,0.05
13.13274403752062,1.21,Timer,timer_menten_prolif,0,0.05
13.475436838021585,1.22,Timer,timer_menten_prolif,0,0.05
13.824248428167103,1.23,Timer,timer_menten_prolif,0,0.05
14.179254834581304,1.24,Timer,timer_menten_prolif,0,0.05
14.540533408681636,1.25,Timer,timer_menten_prolif,0,0.05
14.908162857198445,1.26,Timer,timer_menten_prolif,0,0.05
15.282223270709094,1.27,Timer,timer_menten_prolif,0,0.05
15.662796153304399,1.28,Timer,timer_menten_prolif,0,0.05
16.049964452568336,1.29,Timer,timer_menten_prolif,0,0.05
16.443812590918515,1.3,Timer,timer_menten_prolif,0,0.05
16.84442649498154,1.31,Timer,timer_menten_prolif,0,0.05
17.251893625505268,1.32,Timer,timer_menten_prolif,0,0.05
17.666303008152365,1.33,Timer,timer_menten_prolif,0,0.05
18.08774526538116,1.34,Timer,timer_menten_prolif,0,0.05
18.516312647221717,1.35,Timer,timer_menten_prolif,0,0.05
18.952099061388097,1.36,Timer,timer_menten_prolif,0,0.05
19.395200105040793,1.37,Timer,timer_menten_prolif,0,0.05
19.84571309721523,1.3800000000000001,Timer,timer_menten_prolif,0,0.05
20.30373711134639,1.3900000000000001,Timer,timer_menten_prolif,0,0.05
20.76937300554643,1.4000000000000001,Timer,timer_menten_prolif,0,0.05
21.24272345550626,1.41,Timer,timer_menten_prolif,0,0.05
21.72389298758987,1.42,Timer,timer_menten_prolif,0,0.05
22.212988013097338,1.43,Timer,timer_menten_prolif,0,0.05
22.710116859137788,1.44,Timer,timer_menten_prolif,0,0.05
23.215389802612076,1.45,Timer,timer_menten_prolif,0,0.05
23.728919103427856,1.46,Timer,timer_menten_prolif,0,0.05
24.250819044079833,1.47,Timer,timer_menten_prolif,0,0.05
24.781205954532957,1.48,Timer,timer_menten_prolif,0,0.05
25.320198253808385,1.49,Timer,timer_menten_prolif,0,0.05
25.8679164824472,1.5,Timer,timer_menten_prolif,0,0.05
26.42448334131693,1.51,Timer,timer_menten_prolif,0,0.05
26.990023723188386,1.52,Timer,timer_menten_prolif,0,0.05
27.564664748470776,1.53,Timer,timer_menten_prolif,0,0.05
28.148535801211814,1.54,Timer,timer_menten_prolif,0,0.05
28.741768567256116,1.55,Timer,timer_menten_prolif,0,0.05
29.3444970863535,1.56,Timer,timer_menten_prolif,0,0.05
29.956857767178782,1.57,Timer,timer_menten_prolif,0,0.05
30.57898942739896,1.58,Timer,timer_menten_prolif,0,0.05
31.2110333317472,1.59,Timer,timer_menten_prolif,0,0.05
31.85313323767837,1.6,Timer,timer_menten_prolif,0,0.05
32.50543546857673,1.61,Timer,timer_menten_prolif,0,0.05
33.16808889766868,1.62,Timer,timer_menten_prolif,0,0.05
33.84124500010344,1.6300000000000001,Timer,timer_menten_prolif,0,0.05
34.52505789379741,1.6400000000000001,Timer,timer_menten_prolif,0,0.05
35.21968439466572,1.6500000000000001,Timer,timer_menten_prolif,0,0.05
35.925284096593444,1.6600000000000001,Timer,timer_menten_prolif,0,0.05
36.642019339364374,1.67,Timer,timer_menten_prolif,0,0.05
37.37005527209506,1.68,Timer,timer_menten_prolif,0,0.05
38.10955989544641,1.69,Timer,timer_menten_prolif,0,0.05
38.86070412735789,1.7,Timer,timer_menten_prolif,0,0.05
39.623661878618094,1.71,Timer,timer_menten_prolif,0,0.05
40.39861001883862,1.72,Timer,timer_menten_prolif,0,0.05
41.18572844759602,1.73,Timer,timer_menten_prolif,0,0.05
41.985200137749466,1.74,Timer,timer_menten_prolif,0,0.05
42.797211214525234,1.75,Timer,timer_menten_prolif,0,0.05
43.62195102068986,1.76,Timer,timer_menten_prolif,0,0.05
44.459612086406494,1.77,Timer,timer_menten_prolif,0,0.05
45.31039020619527,1.78,Timer,timer_menten_prolif,0,0.05
46.17448448388578,1.79,Timer,timer_menten_prolif,0,0.05
47.05209743569176,1.8,Timer,timer_menten_prolif,0,0.05
47.94343503134736,1.81,Timer,timer_menten_prolif,0,0.05
48.84870666560553,1.82,Timer,timer_menten_prolif,0,0.05
49.7681252443647,1.83,Timer,timer_menten_prolif,0,0.05
50.70190723151519,1.84,Timer,timer_menten_prolif,0,0.05
51.65027271457372,1.85,Timer,timer_menten_prolif,0,0.05
52.6134455814745,1.86,Timer,timer_menten_prolif,0,0.05
53.591653401556016,1.87,Timer,timer_menten_prolif,0,0.05
54.58512750604514,1.8800000000000001,Timer,timer_menten_prolif,0,0.05
55.59410305713112,1.8900000000000001,Timer,timer_menten_prolif,0,0.05
56.61881909841351,1.9000000000000001,Timer,timer_menten_prolif,0,0.05
57.6595186932028,1.9100000000000001,Timer,timer_menten_prolif,0,0.05
58.71644898389353,1.92,Timer,timer_menten_prolif,0,0.05
59.789861113975675,1.93,Timer,timer_menten_prolif,0,0.05
60.880010348021344,1.94,Timer,timer_menten_prolif,0,0.05
61.98715612598234,1.95,Timer,timer_menten_prolif,0,0.05
63.111562135971155,1.96,Timer,timer_menten_prolif,0,0.05
64.25349651818344,1.97,Timer,timer_menten_prolif,0,0.05
65.4132317359315,1.98,Timer,timer_menten_prolif,0,0.05
66.59104466091343,1.99,Timer,timer_menten_prolif,0,0.05
67.78721665498634,2.0,Timer,timer_menten_prolif,0,0.05
69.00203362843234,2.0100000000000002,Timer,timer_menten_prolif,0,0.05
70.23578619651968,2.02,Timer,timer_menten_prolif,0,0.05
71.48876976471888,2.0300000000000002,Timer,timer_menten_prolif,0,0.05
72.76128442077625,2.04,Timer,timer_menten_prolif,0,0.05
74.05363507894056,2.05,Timer,timer_menten_prolif,0,0.05
75.36613154316225,2.06,Timer,timer_menten_prolif,0,0.05
76.69908861000766,2.07,Timer,timer_menten_prolif,0,0.05
78.05282620743566,2.08,Timer,timer_menten_prolif,0,0.05
79.42766943608441,2.09,Timer,timer_menten_prolif,0,0.05
80.82394849834265,2.1,Timer,timer_menten_prolif,0,0.05
82.24199885564677,2.11,Timer,timer_menten_prolif,0,0.05
83.6821612937465,2.12,Timer,timer_menten_prolif,0,0.05
85.14478210216639,2.13,Timer,timer_menten_prolif,0,0.05
86.63021318504991,2.14,Timer,timer_menten_prolif,0,0.05
88.13881191204405,2.15,Timer,timer_menten_prolif,0,0.05
89.67094130288615,2.16,Timer,timer_menten_prolif,0,0.05
91.22697010649577,2.17,Timer,timer_menten_prolif,0,0.05
92.80727288024787,2.18,Timer,timer_menten_prolif,0,0.05
94.41223007062483,2.19,Timer,timer_menten_prolif,0,0.05
96.0422281830928,2.2,Timer,timer_menten_prolif,0,0.05
97.69765986863547,2.21,Timer,timer_menten_prolif,0,0.05
99.3789238821496,2.22,Timer,timer_menten_prolif,0,0.05
101.08642524275947,2.23,Timer,timer_menten_prolif,0,0.05
102.82057532709888,2.24,Timer,timer_menten_prolif,0,0.05
104.58179196417385,2.25,Timer,timer_menten_prolif,0,0.05
106.37049953191578,2.2600000000000002,Timer,timer_menten_prolif,0,0.05
108.18712892188087,2.27,Timer,timer_menten_prolif,0,0.05
110.03211767435832,2.2800000000000002,Timer,timer_menten_prolif,0,0.05
111.90591021697344,2.29,Timer,timer_menten_prolif,0,0.05
113.80895787761979,2.3000000000000003,Timer,timer_menten_prolif,0,0.05
115.74171898217048,2.31,Timer,timer_menten_prolif,0,0.05
117.70465895345636,2.32,Timer,timer_menten_prolif,0,0.05
119.69825041136558,2.33,Timer,timer_menten_prolif,0,0.05
121.72297324143523,2.34,Timer,timer_menten_prolif,0,0.05
123.77931471381652,2.35,Timer,timer_menten_prolif,0,0.05
125.86776961060366,2.36,Timer,timer_menten_prolif,0,0.05
127.98884031303788,2.37,Timer,timer_menten_prolif,0,0.05
130.14303690641242,2.38,Timer,timer_menten_prolif,0,0.05
132.3308772861435,2.39,Timer,timer_menten_prolif,0,0.05
134.55288726541582,2.4,Timer,timer_menten_prolif,0,0.05
136.80960071578664,2.41,Timer,timer_menten_prolif,0,0.05
139.10155965516992,2.42,Timer,timer_menten_prolif,0,0.05
141.42931434351812,2.43,Timer,timer_menten_prolif,0,0.05
143.7934234093721,2.44,Timer,timer_menten_prolif,0,0.05
146.1944539644296,2.45,Timer,timer_menten_prolif,0,0.05
148.632981719368,2.46,Timer,timer_menten_prolif,0,0.05
151.10959110156196,2.47,Timer,timer_menten_prolif,0,0.05
153.6248753987399,2.48,Timer,timer_menten_prolif,0,0.05
156.17943685791232,2.49,Timer,timer_menten_prolif,0,0.05
158.77388679921563,2.5,Timer,timer_menten_prolif,0,0.05
161.40884574769558,2.5100000000000002,Timer,timer_menten_prolif,0,0.05
164.08494355779098,2.52,Timer,timer_menten_prolif,0,0.05
166.80281953914357,2.5300000000000002,Timer,timer_menten_prolif,0,0.05
169.5631225850114,2.54,Timer,timer_menten_prolif,0,0.05
172.36651133149948,2.5500000000000003,Timer,timer_menten_prolif,0,0.05
175.2136542583645,2.56,Timer,timer_menten_prolif,0,0.05
178.1052298164537,2.57,Timer,timer_menten_prolif,0,0.05
181.0419265701202,2.58,Timer,timer_menten_prolif,0,0.05
184.0244433322963,2.59,Timer,timer_menten_prolif,0,0.05
187.0534893009712,2.6,Timer,timer_menten_prolif,0,0.05
190.129784199004,2.61,Timer,timer_menten_prolif,0,0.05
193.25405844361603,2.62,Timer,timer_menten_prolif,0,0.05
196.42705325331315,2.63,Timer,timer_menten_prolif,0,0.05
199.6495207908638,2.64,Timer,timer_menten_prolif,0,0.05
202.92222431520278,2.65,Timer,timer_menten_prolif,0,0.05
206.24593832732705,2.66,Timer,timer_menten_prolif,0,0.05
209.62144871764914,2.67,Timer,timer_menten_prolif,0,0.05
213.04955291481096,2.68,Timer,timer_menten_prolif,0,0.05
216.53106005079684,2.69,Timer,timer_menten_prolif,0,0.05
220.06679113346314,2.7,Timer,timer_menten_prolif,0,0.05
223.65757914937564,2.71,Timer,timer_menten_prolif,0,0.05
227.3042692407617,2.72,Timer,timer_menten_prolif,0,0.05
231.0077188640782,2.73,Timer,timer_menten_prolif,0,0.05
234.7687979488478,2.74,Timer,timer_menten_prolif,0,0.05
238.58838905802043,2.75,Timer,timer_menten_prolif,0,0.05
242.4673875504706,2.7600000000000002,Timer,timer_menten_prolif,0,0.05
246.40670176764783,2.77,Timer,timer_menten_prolif,0,0.05
250.40725317804473,2.7800000000000002,Timer,timer_menten_prolif,0,0.05
254.469976537545,2.79,Timer,timer_menten_prolif,0,0.05
258.59582006632627,2.8000000000000003,Timer,timer_menten_prolif,0,0.05
262.78574561919356,2.81,Timer,timer_menten_prolif,0,0.05
267.0407288574887,2.82,Timer,timer_menten_prolif,0,0.05
271.36175942257074,2.83,Timer,timer_menten_prolif,0,0.05
275.7498411145077,2.84,Timer,timer_menten_prolif,0,0.05
280.20599207895884,2.85,Timer,timer_menten_prolif,0,0.05
284.7312449666809,2.86,Timer,timer_menten_prolif,0,0.05
289.3266471202048,2.87,Timer,timer_menten_prolif,0,0.05
293.99326075655733,2.88,Timer,timer_menten_prolif,0,0.05
298.73216315062416,2.89,Timer,timer_menten_prolif,0,0.05
303.54444682010796,2.9,Timer,timer_menten_prolif,0,0.05
308.43121971207484,2.91,Timer,timer_menten_prolif,0,0.05
313.39360538873973,2.92,Timer,timer_menten_prolif,0,0.05
318.4327432185629,2.93,Timer,timer_menten_prolif,0,0.05
323.5497885692328,2.94,Timer,timer_menten_prolif,0,0.05
328.7459129993131,2.95,Timer,timer_menten_prolif,0,0.05
334.0223044526907,2.96,Timer,timer_menten_prolif,0,0.05
339.3801674546211,2.97,Timer,timer_menten_prolif,0,0.05
344.8207233093606,2.98,Timer,timer_menten_prolif,0,0.05
350.3452102949709,2.99,Timer,timer_menten_prolif,0,0.05
355.9548838414486,3.0,Timer,timer_menten_prolif,0,0.05
361.65101676736435,3.0100000000000002,Timer,timer_menten_prolif,0,0.05
367.4348994742128,3.02,Timer,timer_menten_prolif,0,0.05
373.3078401481531,3.0300000000000002,Timer,timer_menten_prolif,0,0.05
379.27116496637575,3.04,Timer,timer_menten_prolif,0,0.05
385.32621830501773,3.0500000000000003,Timer,timer_menten_prolif,0,0.05
391.4743629486229,3.06,Timer,timer_menten_prolif,0,0.05
397.7169802668518,3.0700000000000003,Timer,timer_menten_prolif,0,0.05
404.05547042926344,3.08,Timer,timer_menten_prolif,0,0.05
410.4912526678402,3.09,Timer,timer_menten_prolif,0,0.05
417.0257654637837,3.1,Timer,timer_menten_prolif,0,0.05
423.6604667629951,3.11,Timer,timer_menten_prolif,0,0.05
430.3968341930505,3.12,Timer,timer_menten_prolif,0,0.05
437.23636528162467,3.13,Timer,timer_menten_prolif,0,0.05
444.1805776690525,3.14,Timer,timer_menten_prolif,0,0.05
451.23100925814856,3.15,Timer,timer_menten_prolif,0,0.05
458.3892185199244,3.16,Timer,timer_menten_prolif,0,0.05
465.65678470531293,3.17,Timer,timer_menten_prolif,0,0.05
473.0353080546689,3.18,Timer,timer_menten_prolif,0,0.05
480.5264100213071,3.19,Timer,timer_menten_prolif,0,0.05
488.13173349627425,3.2,Timer,timer_menten_prolif,0,0.05
495.85294300881,3.21,Timer,timer_menten_prolif,0,0.05
503.6917249367964,3.22,Timer,timer_menten_prolif,0,0.05
511.64978779053524,3.23,Timer,timer_menten_prolif,0,0.05
519.728862414178,3.24,Timer,timer_menten_prolif,0,0.05
527.9307022137343,3.25,Timer,timer_menten_prolif,0,0.05
536.257083386648,3.2600000000000002,Timer,timer_menten_prolif,0,0.05
544.7098051459037,3.27,Timer,timer_menten_prolif,0,0.05
553.2906898535336,3.2800000000000002,Timer,timer_menten_prolif,0,0.05
562.0015833544289,3.29,Timer,timer_menten_prolif,0,0.05
570.8443552071195,3.3000000000000003,Timer,timer_menten_prolif,0,0.05
579.8208988921109,3.31,Timer,timer_menten_prolif,0,0.05
588.9331320429782,3.3200000000000003,Timer,timer_menten_prolif,0,0.05
598.1829966782152,3.33,Timer,timer_menten_prolif,0,0.05
607.572459386658,3.34,Timer,timer_menten_prolif,0,0.05
617.1035115015807,3.35,Timer,timer_menten_prolif,0,0.05
626.7781694723672,3.36,Timer,timer_menten_prolif,0,0.05
636.598475036016,3.37,Timer,timer_menten_prolif,0,0.05
646.5664954447489,3.38,Timer,timer_menten_prolif,0,0.05
656.6843236967088,3.39,Timer,timer_menten_prolif,0,0.05
666.9540787615008,3.4,Timer,timer_menten_prolif,0,0.05
677.3779056722348,3.41,Timer,timer_menten_prolif,0,0.05
687.9579758812638,3.42,Timer,timer_menten_prolif,0,0.05
698.6964875113123,3.43,Timer,timer_menten_prolif,0,0.05
709.595665542492,3.44,Timer,timer_menten_prolif,0,0.05
720.6577620383443,3.45,Timer,timer_menten_prolif,0,0.05
731.8850563718348,3.46,Timer,timer_menten_prolif,0,0.05
743.2798553898667,3.47,Timer,timer_menten_prolif,0,0.05
754.8444935149396,3.48,Timer,timer_menten_prolif,0,0.05
766.5813332060443,3.49,Timer,timer_menten_prolif,0,0.05
778.4927650871177,3.5,Timer,timer_menten_prolif,0,0.05
790.5812081563103,3.5100000000000002,Timer,timer_menten_prolif,0,0.05
802.8491100025259,3.52,Timer,timer_menten_prolif,0,0.05
815.2989470173577,3.5300000000000002,Timer,timer_menten_prolif,0,0.05
827.9332244137215,3.54,Timer,timer_menten_prolif,0,0.05
840.7544765831015,3.5500000000000003,Timer,timer_menten_prolif,0,0.05
853.7652673761461,3.56,Timer,timer_menten_prolif,0,0.05
866.9681902369007,3.5700000000000003,Timer,timer_menten_prolif,0,0.05
880.3658684051494,3.58,Timer,timer_menten_prolif,0,0.05
893.9609551174858,3.59,Timer,timer_menten_prolif,0,0.05
907.7561337124357,3.6,Timer,timer_menten_prolif,0,0.05
921.7541175692438,3.61,Timer,timer_menten_prolif,0,0.05
935.9576507989547,3.62,Timer,timer_menten_prolif,0,0.05
950.3695082567212,3.63,Timer,timer_menten_prolif,0,0.05
964.9924957022349,3.64,Timer,timer_menten_prolif,0,0.05
979.8294499836892,3.65,Timer,timer_menten_prolif,0,0.05
994.8832392199838,3.66,Timer,timer_menten_prolif,0,0.05
1010.1567629811569,3.67,Timer,timer_menten_prolif,0,0.05
1025.6529522823867,3.68,Timer,timer_menten_prolif,0,0.05
1041.3747690449784,3.69,Timer,timer_menten_prolif,0,0.05
1057.3252074839966,3.7,Timer,timer_menten_prolif,0,0.05
1073.5072938865455,3.71,Timer,timer_menten_prolif,0,0.05
1089.9240866754242,3.72,Timer,timer_menten_prolif,0,0.05
1106.5786765558544,3.73,Timer,timer_menten_prolif,0,0.05
1123.4741866592472,3.74,Timer,timer_menten_prolif,0,0.05
1140.6137726839906,3.75,Timer,timer_menten_prolif,0,0.05
1158.000622872604,3.7600000000000002,Timer,timer_menten_prolif,0,0.05
1175.6379572764204,3.77,Timer,timer_menten_prolif,0,0.05
1193.5290292210223,3.7800000000000002,Timer,timer_menten_prolif,0,0.05
1211.677125071382,3.79,Timer,timer_menten_prolif,0,0.05
1230.0855642056133,3.8000000000000003,Timer,timer_menten_prolif,0,0.05
1248.7576991120409,3.81,Timer,timer_menten_prolif,0,0.05
1267.6969154819692,3.8200000000000003,Timer,timer_menten_prolif,0,0.05
1286.9066322981103,3.83,Timer,timer_menten_prolif,0,0.05
1306.3903017736366,3.84,Timer,timer_menten_prolif,0,0.05
1326.1514083294019,3.85,Timer,timer_menten_prolif,0,0.05
1346.1934702083536,3.86,Timer,timer_menten_prolif,0,0.05
1366.5200392254587,3.87,Timer,timer_menten_prolif,0,0.05
1387.1347006088545,3.88,Timer,timer_menten_prolif,0,0.05
1408.0410730311864,3.89,Timer,timer_menten_prolif,0,0.05
1429.242808634976,3.9,Timer,timer_menten_prolif,0,0.05
1450.7435930520458,3.91,Timer,timer_menten_prolif,0,0.05
1472.5471452945562,3.92,Timer,timer_menten_prolif,0,0.05
1494.6572164296826,3.93,Timer,timer_menten_prolif,0,0.05
1517.0775912743131,3.94,Timer,timer_menten_prolif,0,0.05
1539.8120881744348,3.95,Timer,timer_menten_prolif,0,0.05
1562.864558673426,3.96,Timer,timer_menten_prolif,0,0.05
1586.2388874590383,3.97,Timer,timer_menten_prolif,0,0.05
1609.9389923024721,3.98,Timer,timer_menten_prolif,0,0.05
1633.968823989579,3.99,Timer,timer_menten_prolif,0,0.05
1658.3323661522804,4.0,Timer,timer_menten_prolif,0,0.05
1683.0336336911632,4.01,Timer,timer_menten_prolif,0,0.05
1708.0766743951244,4.0200000000000005,Timer,timer_menten_prolif,0,0.05
1733.4655688074304,4.03,Timer,timer_menten_prolif,0,0.05
1759.2044296907209,4.04,Timer,timer_menten_prolif,0,0.05
1785.297401869906,4.05,Timer,timer_menten_prolif,0,0.05
1811.7486620650197,4.0600000000000005,Timer,timer_menten_prolif,0,0.05
1838.5624187140152,4.07,Timer,timer_menten_prolif,0,0.05
1865.742911829786,4.08,Timer,timer_menten_prolif,0,0.05
1893.2944106694817,4.09,Timer,timer_menten_prolif,0,0.05
1921.2212160734675,4.1,Timer,timer_menten_prolif,0,0.05
1949.5276597477045,4.11,Timer,timer_menten_prolif,0,0.05
1978.2181037188777,4.12,Timer,timer_menten_prolif,0,0.05
2007.2969400467741,4.13,Timer,timer_menten_prolif,0,0.05
2036.7685905256094,4.14,Timer,timer_menten_prolif,0,0.05
2066.6375063740425,4.15,Timer,timer_menten_prolif,0,0.05
2096.908167878297,4.16,Timer,timer_menten_prolif,0,0.05
2127.585082376322,4.17,Timer,timer_menten_prolif,0,0.05
2158.6727853720017,4.18,Timer,timer_menten_prolif,0,0.05
2190.175840704813,4.19,Timer,timer_menten_prolif,0,0.05
2222.0988394670653,4.2,Timer,timer_menten_prolif,0,0.05
2254.446399551819,4.21,Timer,timer_menten_prolif,0,0.05
2287.223165181351,4.22,Timer,timer_menten_prolif,0,0.05
2320.433806415693,4.23,Timer,timer_menten_prolif,0,0.05
2354.0830186406624,4.24,Timer,timer_menten_prolif,0,0.05
2388.175521996954,4.25,Timer,timer_menten_prolif,0,0.05
2422.7160599604613,4.26,Timer,timer_menten_prolif,0,0.05
2457.709399671555,4.2700000000000005,Timer,timer_menten_prolif,0,0.05
2493.1603314052204,4.28,Timer,timer_menten_prolif,0,0.05
2529.0736676584024,4.29,Timer,timer_menten_prolif,0,0.05
2565.4542424705182,4.3,Timer,timer_menten_prolif,0,0.05
2602.3069107168076,4.3100000000000005,Timer,timer_menten_prolif,0,0.05
2639.636547373855,4.32,Timer,timer_menten_prolif,0,0.05
2677.4480467566664,4.33,Timer,timer_menten_prolif,0,0.05
2715.7463218204916,4.34,Timer,timer_menten_prolif,0,0.05
2754.5363045674476,4.3500000000000005,Timer,timer_menten_prolif,0,0.05
2793.822943712952,4.36,Timer,timer_menten_prolif,0,0.05
2833.6112039369564,4.37,Timer,timer_menten_prolif,0,0.05
2873.9060653014076,4.38,Timer,timer_menten_prolif,0,0.05
2914.7125223497287,4.39,Timer,timer_menten_prolif,0,0.05
2956.0355831773786,4.4,Timer,timer_menten_prolif,0,0.05
2997.880268472977,4.41,Timer,timer_menten_prolif,0,0.05
3040.2516105295763,4.42,Timer,timer_menten_prolif,0,0.05
3083.154652321681,4.43,Timer,timer_menten_prolif,0,0.05
3126.594447242967,4.44,Timer,timer_menten_prolif,0,0.05
3170.5760569526483,4.45,Timer,timer_menten_prolif,0,0.05
3215.1045504798003,4.46,Timer,timer_menten_prolif,0,0.05
3260.185003252198,4.47,Timer,timer_menten_prolif,0,0.05
3305.8224959487243,4.48,Timer,timer_menten_prolif,0,0.05
3352.022113321109,4.49,Timer,timer_menten_prolif,0,0.05
3398.788942984678,4.5,Timer,timer_menten_prolif,0,0.05
3446.1280741776563,4.51,Timer,timer_menten_prolif,0,0.05
3494.0445965923045,4.5200000000000005,Timer,timer_menten_prolif,0,0.05
3542.5435996226897,4.53,Timer,timer_menten_prolif,0,0.05
3591.6301701818256,4.54,Timer,timer_menten_prolif,0,0.05
3641.3093915726276,4.55,Timer,timer_menten_prolif,0,0.05
3691.586342185941,4.5600000000000005,Timer,timer_menten_prolif,0,0.05
3742.466094086324,4.57,Timer,timer_menten_prolif,0,0.05
3793.953711565773,4.58,Timer,timer_menten_prolif,0,0.05
3846.054249664983,4.59,Timer,timer_menten_prolif,0,0.05
3898.772752661906,4.6000000000000005,Timer,timer_menten_prolif,0,0.05
3952.114252694237,4.61,Timer,timer_menten_prolif,0,0.05
4006.083768764817,4.62,Timer,timer_menten_prolif,0,0.05
4060.6863041152865,4.63,Timer,timer_menten_prolif,0,0.05
4115.926844936383,4.64,Timer,timer_menten_prolif,0,0.05
4171.8103587790765,4.65,Timer,timer_menten_prolif,0,0.05
4228.341792867555,4.66,Timer,timer_menten_prolif,0,0.05
4285.5260723797155,4.67,Timer,timer_menten_prolif,0,0.05
4343.3680986948875,4.68,Timer,timer_menten_prolif,0,0.05
4401.872747608609,4.69,Timer,timer_menten_prolif,0,0.05
4461.044867579594,4.7,Timer,timer_menten_prolif,0,0.05
4520.889278023489,4.71,Timer,timer_menten_prolif,0,0.05
4581.410767130463,4.72,Timer,timer_menten_prolif,0,0.05
4642.614090066741,4.73,Timer,timer_menten_prolif,0,0.05
4704.503967041266,4.74,Timer,timer_menten_prolif,0,0.05
4767.085081326378,4.75,Timer,timer_menten_prolif,0,0.05
4830.362077244622,4.76,Timer,timer_menten_prolif,0,0.05
4894.33955812165,4.7700000000000005,Timer,timer_menten_prolif,0,0.05
4959.02208420494,4.78,Timer,timer_menten_prolif,0,0.05
5024.414171337259,4.79,Timer,timer_menten_prolif,0,0.05
5090.520289679549,4.8,Timer,timer_menten_prolif,0,0.05
5157.344859180598,4.8100000000000005,Timer,timer_menten_prolif,0,0.05
5224.892248355265,4.82,Timer,timer_menten_prolif,0,0.05
5293.166772220806,4.83,Timer,timer_menten_prolif,0,0.05
5362.1726900805415,4.84,Timer,timer_menten_prolif,0,0.05
5431.914203278788,4.8500000000000005,Timer,timer_menten_prolif,0,0.05
5502.395452926952,4.86,Timer,timer_menten_prolif,0,0.05
5573.620517600956,4.87,Timer,timer_menten_prolif,0,0.05
5645.593411737589,4.88,Timer,timer_menten_prolif,0,0.05
5718.318084784991,4.89,Timer,timer_menten_prolif,0,0.05
5791.798417877941,4.9,Timer,timer_menten_prolif,0,0.05
5866.038220470305,4.91,Timer,timer_menten_prolif,0,0.05
5941.041223123169,4.92,Timer,timer_menten_prolif,0,0.05
6016.811079019758,4.93,Timer,timer_menten_prolif,0,0.05
6093.351361393991,4.94,Timer,timer_menten_prolif,0,0.05
6170.665568252221,4.95,Timer,timer_menten_prolif,0,0.05
6248.757113495425,4.96,Timer,timer_menten_prolif,0,0.05
6327.62932594586,4.97,Timer,timer_menten_prolif,0,0.05
6407.2854418376555,4.98,Timer,timer_menten_prolif,0,0.05
6487.728607198616,4.99,Timer,timer_menten_prolif,0,0.05
6568.961874137063,5.0,Timer,timer_menten_prolif,0,0.05
6650.988199298015,5.01,Timer,timer_menten_prolif,0,0.05
6733.810439925795,5.0200000000000005,Timer,timer_menten_prolif,0,0.05
6817.431351605607,5.03,Timer,timer_menten_prolif,0,0.05
6901.853587377051,5.04,Timer,timer_menten_prolif,0,0.05
6987.079694249745,5.05,Timer,timer_menten_prolif,0,0.05
7073.112110843582,5.0600000000000005,Timer,timer_menten_prolif,0,0.05
7159.953162917769,5.07,Timer,timer_menten_prolif,0,0.05
7247.605062201176,5.08,Timer,timer_menten_prolif,0,0.05
7336.069903558437,5.09,Timer,timer_menten_prolif,0,0.05
7425.349664194114,5.1000000000000005,Timer,timer_menten_prolif,0,0.05
7515.446198852464,5.11,Timer,timer_menten_prolif,0,0.05
7606.361237065308,5.12,Timer,timer_menten_prolif,0,0.05
7698.096380968498,5.13,Timer,timer_menten_prolif,0,0.05
7790.653106005112,5.14,Timer,timer_menten_prolif,0,0.05
7884.0327551715,5.15,Timer,timer_menten_prolif,0,0.05
7978.236536433477,5.16,Timer,timer_menten_prolif,0,0.05
8073.265520713569,5.17,Timer,timer_menten_prolif,0,0.05
8169.120639885828,5.18,Timer,timer_menten_prolif,0,0.05
8265.802683715487,5.19,Timer,timer_menten_prolif,0,0.05
8363.312297297542,5.2,Timer,timer_menten_prolif,0,0.05
8461.649978666941,5.21,Timer,timer_menten_prolif,0,0.05
8560.81607715812,5.22,Timer,timer_menten_prolif,0,0.05
8660.810790129535,5.23,Timer,timer_menten_prolif,0,0.05
8761.634160430433,5.24,Timer,timer_menten_prolif,0,0.05
8863.286074160063,5.25,Timer,timer_menten_prolif,0,0.05
8965.766259666692,5.26,Timer,timer_menten_prolif,0,0.05
9069.07428389453,5.2700000000000005,Timer,timer_menten_prolif,0,0.05
9173.209549881889,5.28,Timer,timer_menten_prolif,0,0.05
9278.171294706739,5.29,Timer,timer_menten_prolif,0,0.05
9383.958588521291,5.3,Timer,timer_menten_prolif,0,0.05
9490.570331067978,5.3100000000000005,Timer,timer_menten_prolif,0,0.05
9598.005249236057,5.32,Timer,timer_menten_prolif,0,0.05
9706.261895138727,5.33,Timer,timer_menten_prolif,0,0.05
9815.338646046472,5.34,Timer,timer_menten_prolif,0,0.05
9925.233700386692,5.3500000000000005,Timer,timer_menten_prolif,0,0.05
10035.945075314172,5.36,Timer,timer_menten_prolif,0,0.05
10147.470605037852,5.37,Timer,timer_menten_prolif,0,0.05
10259.807941420419,5.38,Timer,timer_menten_prolif,0,0.05
10372.954550221471,5.39,Timer,timer_menten_prolif,0,0.05
10486.907708219169,5.4,Timer,timer_menten_prolif,0,0.05
10601.664501937255,5.41,Timer,timer_menten_prolif,0,0.05
10717.221828477097,5.42,Timer,timer_menten_prolif,0,0.05
10833.576392582618,5.43,Timer,timer_menten_prolif,0,0.05
10950.724703160264,5.44,Timer,timer_menten_prolif,0,0.05
11068.663072447374,5.45,Timer,timer_menten_prolif,0,0.05
11187.387617106295,5.46,Timer,timer_menten_prolif,0,0.05
11306.894256468382,5.47,Timer,timer_menten_prolif,0,0.05
11427.178708069834,5.48,Timer,timer_menten_prolif,0,0.05
11548.236487474931,5.49,Timer,timer_menten_prolif,0,0.05
11670.062909338742,5.5,Timer,timer_menten_prolif,0,0.05
11792.653087267252,5.51,Timer,timer_menten_prolif,0,0.05
11916.00192825326,5.5200000000000005,Timer,timer_menten_prolif,0,0.05
12040.104133177168,5.53,Timer,timer_menten_prolif,0,0.05
12164.954197921288,5.54,Timer,timer_menten_prolif,0,0.05
12290.54641431465,5.55,Timer,timer_menten_prolif,0,0.05
12416.874864778245,5.5600000000000005,Timer,timer_menten_prolif,0,0.05
12543.93342231226,5.57,Timer,timer_menten_prolif,0,0.05
12671.71575225981,5.58,Timer,timer_menten_prolif,0,0.05
12800.21531560404,5.59,Timer,timer_menten_prolif,0,0.05
12929.425360636444,5.6000000000000005,Timer,timer_menten_prolif,0,0.05
13059.338925277498,5.61,Timer,timer_menten_prolif,0,0.05
13189.948836922607,5.62,Timer,timer_menten_prolif,0,0.05
13321.247712374665,5.63,Timer,timer_menten_prolif,0,0.05
13453.227963341633,5.64,Timer,timer_menten_prolif,0,0.05
13585.881792447888,5.65,Timer,timer_menten_prolif,0,0.05
13719.201192241826,5.66,Timer,timer_menten_prolif,0,0.05
13853.177947361544,5.67,Timer,timer_menten_prolif,0,0.05
13987.80363530367,5.68,Timer,timer_menten_prolif,0,0.05
14123.069625282404,5.69,Timer,timer_menten_prolif,0,0.05
14258.967074825501,5.7,Timer,timer_menten_prolif,0,0.05
14395.486938186,5.71,Timer,timer_menten_prolif,0,0.05
14532.619964594165,5.72,Timer,timer_menten_prolif,0,0.05
14670.356699039196,5.73,Timer,timer_menten_prolif,0,0.05
14808.687483352696,5.74,Timer,timer_menten_prolif,0,0.05
14947.602456006432,5.75,Timer,timer_menten_prolif,0,0.05
15087.091554394905,5.76,Timer,timer_menten_prolif,0,0.05
15227.144516625362,5.7700000000000005,Timer,timer_menten_prolif,0,0.05
15367.750882542296,5.78,Timer,timer_menten_prolif,0,0.05
15508.899995267613,5.79,Timer,timer_menten_prolif,0,0.05
15650.581003043473,5.8,Timer,timer_menten_prolif,0,0.05
15792.782861462667,5.8100000000000005,Timer,timer_menten_prolif,0,0.05
15935.494334538813,5.82,Timer,timer_menten_prolif,0,0.05
16078.703996961407,5.83,Timer,timer_menten_prolif,0,0.05
16222.40023620886,5.84,Timer,timer_menten_prolif,0,0.05
16366.571254741028,5.8500000000000005,Timer,timer_menten_prolif,0,0.05
16511.205072503748,5.86,Timer,timer_menten_prolif,0,0.05
16656.289529190737,5.87,Timer,timer_menten_prolif,0,0.05
16801.812286676766,5.88,Timer,timer_menten_prolif,0,0.05
16947.760831699976,5.89,Timer,timer_menten_prolif,0,0.05
17094.12247858198,5.9,Timer,timer_menten_prolif,0,0.05
17240.884372015487,5.91,Timer,timer_menten_prolif,0,0.05
17388.0334898948,5.92,Timer,timer_menten_prolif,0,0.05
17535.556646495636,5.93,Timer,timer_menten_prolif,0,0.05
17683.440495552466,5.94,Timer,timer_menten_prolif,0,0.05
17831.671533483594,5.95,Timer,timer_menten_prolif,0,0.05
17980.23610270627,5.96,Timer,timer_menten_prolif,0,0.05
18129.120394104415,5.97,Timer,timer_menten_prolif,0,0.05
18278.31045140913,5.98,Timer,timer_menten_prolif,0,0.05
18427.792175170183,5.99,Timer,timer_menten_prolif,0,0.05
18577.551326100376,6.0,Timer,timer_menten_prolif,0,0.05
18727.573528898847,6.01,Timer,timer_menten_prolif,0,0.05
18877.84427617635,6.0200000000000005,Timer,timer_menten_prolif,0,0.05
19028.348932482426,6.03,Timer,timer_menten_prolif,0,0.05
19179.072738407827,6.04,Timer,timer_menten_prolif,0,0.05
19330.00081170589,6.05,Timer,timer_menten_prolif,0,0.05
19481.118153186664,6.0600000000000005,Timer,timer_menten_prolif,0,0.05
19632.409652885144,6.07,Timer,timer_menten_prolif,0,0.05
19783.86009308166,6.08,Timer,timer_menten_prolif,0,0.05
19935.454152726263,6.09,Timer,timer_menten_prolif,0,0.05
20087.176411950742,6.1000000000000005,Timer,timer_menten_prolif,0,0.05
20239.011355970004,6.11,Timer,timer_menten_prolif,0,0.05
20390.94337968762,6.12,Timer,timer_menten_prolif,0,0.05
20542.956793425423,6.13,Timer,timer_menten_prolif,0,0.05
20695.03582721798,6.140000000000001,Timer,timer_menten_prolif,0,0.05
20847.164635698642,6.15,Timer,timer_menten_prolif,0,0.05
20999.32730306976,6.16,Timer,timer_menten_prolif,0,0.05
21151.507846620294,6.17,Timer,timer_menten_prolif,0,0.05
21303.690219642973,6.18,Timer,timer_menten_prolif,0,0.05
21455.85832034116,6.19,Timer,timer_menten_prolif,0,0.05
21607.99599524777,6.2,Timer,timer_menten_prolif,0,0.05
21760.087044153275,6.21,Timer,timer_menten_prolif,0,0.05
21912.11522558873,6.22,Timer,timer_menten_prolif,0,0.05
22064.064262096756,6.23,Timer,timer_menten_prolif,0,0.05
22215.917844790558,6.24,Timer,timer_menten_prolif,0,0.05
22367.659638909554,6.25,Timer,timer_menten_prolif,0,0.05
22519.27328912465,6.26,Timer,timer_menten_prolif,0,0.05
22670.742422689225,6.2700000000000005,Timer,timer_menten_prolif,0,0.05
22822.050655405146,6.28,Timer,timer_menten_prolif,0,0.05
22973.181598359282,6.29,Timer,timer_menten_prolif,0,0.05
23124.118862322553,6.3,Timer,timer_menten_prolif,0,0.05
23274.846063000794,6.3100000000000005,Timer,timer_menten_prolif,0,0.05
23425.34682511328,6.32,Timer,timer_menten_prolif,0,0.05
23575.60478850005,6.33,Timer,timer_menten_prolif,0,0.05
23725.60361370343,6.34,Timer,timer_menten_prolif,0,0.05
23875.326986945744,6.3500000000000005,Timer,timer_menten_prolif,0,0.05
24024.758625282404,6.36,Timer,timer_menten_prolif,0,0.05
24173.882280186037,6.37,Timer,timer_menten_prolif,0,0.05
24322.6817443633,6.38,Timer,timer_menten_prolif,0,0.05
24471.140856918264,6.390000000000001,Timer,timer_menten_prolif,0,0.05
24619.243508275824,6.4,Timer,timer_menten_prolif,0,0.05
24766.973645090482,6.41,Timer,timer_menten_prolif,0,0.05
24914.315273760498,6.42,Timer,timer_menten_prolif,0,0.05
25061.252467427148,6.43,Timer,timer_menten_prolif,0,0.05
25207.76937063435,6.44,Timer,timer_menten_prolif,0,0.05
25353.85020419064,6.45,Timer,timer_menten_prolif,0,0.05
25499.47926971341,6.46,Timer,timer_menten_prolif,0,0.05
25644.64095322154,6.47,Timer,timer_menten_prolif,0,0.05
25789.31973195567,6.48,Timer,timer_menten_prolif,0,0.05
25933.500178592585,6.49,Timer,timer_menten_prolif,0,0.05
26077.166965951303,6.5,Timer,timer_menten_prolif,0,0.05
26220.30487105751,6.51,Timer,timer_menten_prolif,0,0.05
26362.898778910727,6.5200000000000005,Timer,timer_menten_prolif,0,0.05
26504.93368881703,6.53,Timer,timer_menten_prolif,0,0.05
26646.39471822666,6.54,Timer,timer_menten_prolif,0,0.05
26787.267107181433,6.55,Timer,timer_menten_prolif,0,0.05
26927.536221816736,6.5600000000000005,Timer,timer_menten_prolif,0,0.05
27067.187558403293,6.57,Timer,timer_menten_prolif,0,0.05
27206.206748861085,6.58,Timer,timer_menten_prolif,0,0.05
27344.579564313364,6.59,Timer,timer_menten_prolif,0,0.05
27482.291919171636,6.6000000000000005,Timer,timer_menten_prolif,0,0.05
27619.329874067666,6.61,Timer,timer_menten_prolif,0,0.05
27755.679640123722,6.62,Timer,timer_menten_prolif,0,0.05
27891.327583472874,6.63,Timer,timer_menten_prolif,0,0.05
28026.26022856971,6.640000000000001,Timer,timer_menten_prolif,0,0.05
28160.464261811518,6.65,Timer,timer_menten_prolif,0,0.05
28293.92653401056,6.66,Timer,timer_menten_prolif,0,0.05
28426.634064608475,6.67,Timer,timer_menten_prolif,0,0.05
28558.574045290596,6.68,Timer,timer_menten_prolif,0,0.05
28689.733842982507,6.69,Timer,timer_menten_prolif,0,0.05
28820.101002948526,6.7,Timer,timer_menten_prolif,0,0.05
28949.663250910533,6.71,Timer,timer_menten_prolif,0,0.05
29078.408496925134,6.72,Timer,timer_menten_prolif,0,0.05
29206.32483821006,6.73,Timer,timer_menten_prolif,0,0.05
29333.400561757197,6.74,Timer,timer_menten_prolif,0,0.05
29459.62414690455,6.75,Timer,timer_menten_prolif,0,0.05
29584.98426726966,6.76,Timer,timer_menten_prolif,0,0.05
29709.46979378091,6.7700000000000005,Timer,timer_menten_prolif,0,0.05
29833.06979688018,6.78,Timer,timer_menten_prolif,0,0.05
29955.77354868924,6.79,Timer,timer_menten_prolif,0,0.05
30077.570525200776,6.8,Timer,timer_menten_prolif,0,0.05
30198.450408211524,6.8100000000000005,Timer,timer_menten_prolif,0,0.05
30318.4030872571,6.82,Timer,timer_menten_prolif,0,0.05
30437.418661382453,6.83,Timer,timer_menten_prolif,0,0.05
30555.487440575234,6.84,Timer,timer_menten_prolif,0,0.05
30672.599947637813,6.8500000000000005,Timer,timer_menten_prolif,0,0.05
30788.746919603658,6.86,Timer,timer_menten_prolif,0,0.05
30903.91930908778,6.87,Timer,timer_menten_prolif,0,0.05
31018.108285546703,6.88,Timer,timer_menten_prolif,0,0.05
31131.3052364502,6.890000000000001,Timer,timer_menten_prolif,0,0.05
31243.50176833838,6.9,Timer,timer_menten_prolif,0,0.05
31354.68970777726,6.91,Timer,timer_menten_prolif,0,0.05
31464.861102214207,6.92,Timer,timer_menten_prolif,0,0.05
31574.008220720538,6.93,Timer,timer_menten_prolif,0,0.05
31682.12355463618,6.94,Timer,timer_menten_prolif,0,0.05
31789.199818128436,6.95,Timer,timer_menten_prolif,0,0.05
31895.229948700027,6.96,Timer,timer_menten_prolif,0,0.05
32000.207107452377,6.97,Timer,timer_menten_prolif,0,0.05
32104.12467934662,6.98,Timer,timer_menten_prolif,0,0.05
32206.976273382636,6.99,Timer,timer_menten_prolif,0,0.05
32308.7557227633,7.0,Timer,timer_menten_prolif,0,0.05
32409.45708470253,7.01,Timer,timer_menten_prolif,0,0.05
32509.07464031883,7.0200000000000005,Timer,timer_menten_prolif,0,0.05
32607.602894451637,7.03,Timer,timer_menten_prolif,0,0.05
32705.036575491067,7.04,Timer,timer_menten_prolif,0,0.05
32801.37063475694,7.05,Timer,timer_menten_prolif,0,0.05
32896.60024604443,7.0600000000000005,Timer,timer_menten_prolif,0,0.05
32990.72080509867,7.07,Timer,timer_menten_prolif,0,0.05
33083.727929123575,7.08,Timer,timer_menten_prolif,0,0.05
33175.6174557607,7.09,Timer,timer_menten_prolif,0,0.05
33266.38544230974,7.1000000000000005,Timer,timer_menten_prolif,0,0.05
33356.02816488493,7.11,Timer,timer_menten_prolif,0,0.05
33444.54211761887,7.12,Timer,timer_menten_prolif,0,0.05
33531.924011274226,7.13,Timer,timer_menten_prolif,0,0.05
33618.170772163736,7.140000000000001,Timer,timer_menten_prolif,0,0.05
33703.27954110953,7.15,Timer,timer_menten_prolif,0,0.05
33787.24767243309,7.16,Timer,timer_menten_prolif,0,0.05
33870.07273186589,7.17,Timer,timer_menten_prolif,0,0.05
33951.752495325185,7.18,Timer,timer_menten_prolif,0,0.05
34032.28494735769,7.19,Timer,timer_menten_prolif,0,0.05
34111.66827948368,7.2,Timer,timer_menten_prolif,0,0.05
34189.900889016426,7.21,Timer,timer_menten_prolif,0,0.05
34266.98137839645,7.22,Timer,timer_menten_prolif,0,0.05
34342.90855177988,7.23,Timer,timer_menten_prolif,0,0.05
34417.68141381751,7.24,Timer,timer_menten_prolif,0,0.05
34491.299167810634,7.25,Timer,timer_menten_prolif,0,0.05
34563.76121341485,7.26,Timer,timer_menten_prolif,0,0.05
34635.06714492003,7.2700000000000005,Timer,timer_menten_prolif,0,0.05
34705.21674917556,7.28,Timer,timer_menten_prolif,0,0.05
34774.21000336665,7.29,Timer,timer_menten_prolif,0,0.05
34842.04707339106,7.3,Timer,timer_menten_prolif,0,0.05
34908.728312094434,7.3100000000000005,Timer,timer_menten_prolif,0,0.05
34974.25425628956,7.32,Timer,timer_menten_prolif,0,0.05
35038.62562484466,7.33,Timer,timer_menten_prolif,0,0.05
35101.843315914964,7.34,Timer,timer_menten_prolif,0,0.05
35163.90840493554,7.3500000000000005,Timer,timer_menten_prolif,0,0.05
35224.822142217075,7.36,Timer,timer_menten_prolif,0,0.05
35284.585950689136,7.37,Timer,timer_menten_prolif,0,0.05
35343.201423837134,7.38,Timer,timer_menten_prolif,0,0.05
35400.670322659294,7.390000000000001,Timer,timer_menten_prolif,0,0.05
35456.99457338325,7.4,Timer,timer_menten_prolif,0,0.05
35512.176265057,7.41,Timer,timer_menten_prolif,0,0.05
35566.217646946694,7.42,Timer,timer_menten_prolif,0,0.05
35619.121125938866,7.43,Timer,timer_menten_prolif,0,0.05
35670.889264032034,7.44,Timer,timer_menten_prolif,0,0.05
35721.524775914375,7.45,Timer,timer_menten_prolif,0,0.05
35771.03052609974,7.46,Timer,timer_menten_prolif,0,0.05
35819.409526350806,7.47,Timer,timer_menten_prolif,0,0.05
35866.6649332075,7.48,Timer,timer_menten_prolif,0,0.05
35912.80004525821,7.49,Timer,timer_menten_prolif,0,0.05
35957.81830037761,7.5,Timer,timer_menten_prolif,0,0.05
36001.72327311998,7.51,Timer,timer_menten_prolif,0,0.05
36044.51867220755,7.5200000000000005,Timer,timer_menten_prolif,0,0.05
36086.20833762715,7.53,Timer,timer_menten_prolif,0,0.05
36126.79623796354,7.54,Timer,timer_menten_prolif,0,0.05
36166.28646783765,7.55,Timer,timer_menten_prolif,0,0.05
36204.68324519144,7.5600000000000005,Timer,timer_menten_prolif,0,0.05
36241.99090846479,7.57,Timer,timer_menten_prolif,0,0.05
36278.21391395309,7.58,Timer,timer_menten_prolif,0,0.05
36313.35683327282,7.59,Timer,timer_menten_prolif,0,0.05
36347.42435049155,7.6000000000000005,Timer,timer_menten_prolif,0,0.05
36380.4212594455,7.61,Timer,timer_menten_prolif,0,0.05
36412.352461155766,7.62,Timer,timer_menten_prolif,0,0.05
36443.222961187654,7.63,Timer,timer_menten_prolif,0,0.05
36473.037866842446,7.640000000000001,Timer,timer_menten_prolif,0,0.05
36501.80238454756,7.65,Timer,timer_menten_prolif,0,0.05
36529.52181734947,7.66,Timer,timer_menten_prolif,0,0.05
36556.2015621471,7.67,Timer,timer_menten_prolif,0,0.05
36581.84710705528,7.68,Timer,timer_menten_prolif,0,0.05
36606.464028863455,7.69,Timer,timer_menten_prolif,0,0.05
36630.057990507485,7.7,Timer,timer_menten_prolif,0,0.05
36652.63473834994,7.71,Timer,timer_menten_prolif,0,0.05
36674.20009965586,7.72,Timer,timer_menten_prolif,0,0.05
36694.75998015891,7.73,Timer,timer_menten_prolif,0,0.05
36714.32036144941,7.74,Timer,timer_menten_prolif,0,0.05
36732.88729843711,7.75,Timer,timer_menten_prolif,0,0.05
36750.46691690894,7.76,Timer,timer_menten_prolif,0,0.05
36767.065411137024,7.7700000000000005,Timer,timer_menten_prolif,0,0.05
36782.689041310885,7.78,Timer,timer_menten_prolif,0,0.05
36797.344131139296,7.79,Timer,timer_menten_prolif,0,0.05
36811.037065530094,7.8,Timer,timer_menten_prolif,0,0.05
36823.77428816738,7.8100000000000005,Timer,timer_menten_prolif,0,0.05
36835.56229911793,7.82,Timer,timer_menten_prolif,0,0.05
36846.40765253228,7.83,Timer,timer_menten_prolif,0,0.05
36856.316954408605,7.84,Timer,timer_menten_prolif,0,0.05
36865.296860220755,7.8500000000000005,Timer,timer_menten_prolif,0,0.05
36873.35407267913,7.86,Timer,timer_menten_prolif,0,0.05
36880.49533956613,7.87,Timer,timer_menten_prolif,0,0.05
36886.72745151115,7.88,Timer,timer_menten_prolif,0,0.05
36892.057239768576,7.890000000000001,Timer,timer_menten_prolif,0,0.05
36896.4915740839,7.9,Timer,timer_menten_prolif,0,0.05
36900.03736066459,7.91,Timer,timer_menten_prolif,0,0.05
36902.701540055954,7.92,Timer,timer_menten_prolif,0,0.05
36904.491085021065,7.930000000000001,Timer,timer_menten_prolif,0,0.05
36905.412998532964,7.94,Timer,timer_menten_prolif,0,0.05
36905.474311831975,7.95,Timer,timer_menten_prolif,0,0.05
36904.68208242632,7.96,Timer,timer_menten_prolif,0,0.05
36903.04339211089,7.97,Timer,timer_menten_prolif,0,0.05
36900.56534506845,7.98,Timer,timer_menten_prolif,0,0.05
36897.25506603617,7.99,Timer,timer_menten_prolif,0,0.05
36893.11969842916,8.0,Timer,timer_menten_prolif,0,0.05
36888.16640248906,8.01,Timer,timer_menten_prolif,0,0.05
36882.402353504054,8.02,Timer,timer_menten_prolif,0,0.05
36875.83474008091,8.03,Timer,timer_menten_prolif,0,0.05
36868.47076239671,8.040000000000001,Timer,timer_menten_prolif,0,0.05
36860.31763048071,8.05,Timer,timer_menten_prolif,0,0.05
36851.38256255253,8.06,Timer,timer_menten_prolif,0,0.05
36841.67278340303,8.07,Timer,timer_menten_prolif,0,0.05
36831.19552277506,8.08,Timer,timer_menten_prolif,0,0.05
36819.95801377618,8.09,Timer,timer_menten_prolif,0,0.05
36807.96749133631,8.1,Timer,timer_menten_prolif,0,0.05
36795.23119069787,8.11,Timer,timer_menten_prolif,0,0.05
36781.75634592562,8.120000000000001,Timer,timer_menten_prolif,0,0.05
36767.55018844814,8.13,Timer,timer_menten_prolif,0,0.05
36752.61994563416,8.14,Timer,timer_menten_prolif,0,0.05
36736.97283939186,8.15,Timer,timer_menten_prolif,0,0.05
36720.61608480672,8.16,Timer,timer_menten_prolif,0,0.05
36703.55688880836,8.17,Timer,timer_menten_prolif,0,0.05
36685.80244886417,8.18,Timer,timer_menten_prolif,0,0.05
36667.35995168693,8.19,Timer,timer_menten_prolif,0,0.05
36648.23657199803,8.2,Timer,timer_menten_prolif,0,0.05
36628.43947131616,8.21,Timer,timer_menten_prolif,0,0.05
36607.97579676615,8.22,Timer,timer_menten_prolif,0,0.05
36586.85267989158,8.23,Timer,timer_menten_prolif,0,0.05
36565.07723554308,8.24,Timer,timer_menten_prolif,0,0.05
36542.65656078192,8.25,Timer,timer_menten_prolif,0,0.05
36519.59773380162,8.26,Timer,timer_menten_prolif,0,0.05
36495.907812849066,8.27,Timer,timer_menten_prolif,0,0.05
36471.59383522361,8.28,Timer,timer_menten_prolif,0,0.05
36446.66281629192,8.290000000000001,Timer,timer_menten_prolif,0,0.05
36421.12174851562,8.3,Timer,timer_menten_prolif,0,0.05
36394.977600500926,8.31,Timer,timer_menten_prolif,0,0.05
36368.237316085215,8.32,Timer,timer_menten_prolif,0,0.05
36340.907813456506,8.33,Timer,timer_menten_prolif,0,0.05
36312.995984285924,8.34,Timer,timer_menten_prolif,0,0.05
36284.50869289427,8.35,Timer,timer_menten_prolif,0,0.05
36255.45277544417,8.36,Timer,timer_menten_prolif,0,0.05
36225.835039144265,8.370000000000001,Timer,timer_menten_prolif,0,0.05
36195.6622614898,8.38,Timer,timer_menten_prolif,0,0.05
36164.941189526035,8.39,Timer,timer_menten_prolif,0,0.05
36133.678539139226,8.4,Timer,timer_menten_prolif,0,0.05
36101.88099436012,8.41,Timer,timer_menten_prolif,0,0.05
36069.555206699326,8.42,Timer,timer_menten_prolif,0,0.05
36036.70779450373,8.43,Timer,timer_menten_prolif,0,0.05
36003.345342334316,8.44,Timer,timer_menten_prolif,0,0.05
35969.47440036912,8.45,Timer,timer_menten_prolif,0,0.05
35935.10148382671,8.46,Timer,timer_menten_prolif,0,0.05
35900.23307241139,8.47,Timer,timer_menten_prolif,0,0.05
35864.87560977686,8.48,Timer,timer_menten_prolif,0,0.05
35829.03550301605,8.49,Timer,timer_menten_prolif,0,0.05
35792.71912216983,8.5,Timer,timer_menten_prolif,0,0.05
35755.9327997553,8.51,Timer,timer_menten_prolif,0,0.05
35718.68283031283,8.52,Timer,timer_menten_prolif,0,0.05
35680.975469975034,8.53,Timer,timer_menten_prolif,0,0.05
35642.81693605529,8.540000000000001,Timer,timer_menten_prolif,0,0.05
35604.21340665405,8.55,Timer,timer_menten_prolif,0,0.05
35565.171020283655,8.56,Timer,timer_menten_prolif,0,0.05
35525.69587551171,8.57,Timer,timer_menten_prolif,0,0.05
35485.7940306237,8.58,Timer,timer_menten_prolif,0,0.05
35445.471503301975,8.59,Timer,timer_menten_prolif,0,0.05
35404.73427032246,8.6,Timer,timer_menten_prolif,0,0.05
35363.588267268206,8.61,Timer,timer_menten_prolif,0,0.05
35322.03938826003,8.620000000000001,Timer,timer_menten_prolif,0,0.05
35280.093485703146,8.63,Timer,timer_menten_prolif,0,0.05
35237.75637005,8.64,Timer,timer_menten_prolif,0,0.05
35195.03380957943,8.65,Timer,timer_menten_prolif,0,0.05
35151.9315301898,8.66,Timer,timer_menten_prolif,0,0.05
35108.45521520816,8.67,Timer,timer_menten_prolif,0,0.05
35064.6105052139,8.68,Timer,timer_menten_prolif,0,0.05
35020.40299787828,8.69,Timer,timer_menten_prolif,0,0.05
34975.83824781549,8.700000000000001,Timer,timer_menten_prolif,0,0.05
34930.92176644887,8.71,Timer,timer_menten_prolif,0,0.05
34885.659021890475,8.72,Timer,timer_menten_prolif,0,0.05
34840.05543883561,8.73,Timer,timer_menten_prolif,0,0.05
34794.11639846768,8.74,Timer,timer_menten_prolif,0,0.05
34747.847238375994,8.75,Timer,timer_menten_prolif,0,0.05
34701.253252486655,8.76,Timer,timer_menten_prolif,0,0.05
34654.339691006826,8.77,Timer,timer_menten_prolif,0,0.05
34607.11176037924,8.78,Timer,timer_menten_prolif,0,0.05
34559.57462324659,8.790000000000001,Timer,timer_menten_prolif,0,0.05
34511.73339842924,8.8,Timer,timer_menten_prolif,0,0.05
34463.593160914155,8.81,Timer,timer_menten_prolif,0,0.05
34415.158941855014,8.82,Timer,timer_menten_prolif,0,0.05
34366.43572857863,8.83,Timer,timer_menten_prolif,0,0.05
34317.42846460478,8.84,Timer,timer_menten_prolif,0,0.05
34268.1420496757,8.85,Timer,timer_menten_prolif,0,0.05
34218.581339796976,8.86,Timer,timer_menten_prolif,0,0.05
34168.75114728227,8.870000000000001,Timer,timer_menten_prolif,0,0.05
34118.656240810844,8.88,Timer,timer_menten_prolif,0,0.05
34068.301345493426,8.89,Timer,timer_menten_prolif,0,0.05
34017.69114294942,8.9,Timer,timer_menten_prolif,0,0.05
33966.83027138651,8.91,Timer,timer_menten_prolif,0,0.05
33915.72332569142,8.92,Timer,timer_menten_prolif,0,0.05
33864.37485752857,8.93,Timer,timer_menten_prolif,0,0.05
33812.789375449036,8.94,Timer,timer_menten_prolif,0,0.05
33760.971345001955,8.950000000000001,Timer,timer_menten_prolif,0,0.05
33708.92518885443,8.96,Timer,timer_menten_prolif,0,0.05
33656.655286919384,8.97,Timer,timer_menten_prolif,0,0.05
33604.16597649215,8.98,Timer,timer_menten_prolif,0,0.05
33551.461552390705,8.99,Timer,timer_menten_prolif,0,0.05
33498.54626710081,9.0,Timer,timer_menten_prolif,0,0.05
33445.424330929796,9.01,Timer,timer_menten_prolif,0,0.05
33392.099912167025,9.02,Timer,timer_menten_prolif,0,0.05
33338.57713724992,9.03,Timer,timer_menten_prolif,0,0.05
33284.86009093087,9.040000000000001,Timer,timer_menten_prolif,0,0.05
33230.95281645379,9.05,Timer,timer_menten_prolif,0,0.05
33176.85931573536,9.06,Timer,timer_menten_prolif,0,0.05
33122.58354955305,9.07,Timer,timer_menten_prolif,0,0.05
33068.12943773166,9.08,Timer,timer_menten_prolif,0,0.05
33013.500859338994,9.09,Timer,timer_menten_prolif,0,0.05
32958.70165288535,9.1,Timer,timer_menten_prolif,0,0.05
32903.73561652996,9.11,Timer,timer_menten_prolif,0,0.05
32848.606508284945,9.120000000000001,Timer,timer_menten_prolif,0,0.05
32793.31804622712,9.13,Timer,timer_menten_prolif,0,0.05
32737.873908713053,9.14,Timer,timer_menten_prolif,0,0.05
32682.277734600764,9.15,Timer,timer_menten_prolif,0,0.05
32626.533123469093,9.16,Timer,timer_menten_prolif,0,0.05
32570.643635842593,9.17,Timer,timer_menten_prolif,0,0.05
32514.61279342011,9.18,Timer,timer_menten_prolif,0,0.05
32458.444079308538,9.19,Timer,timer_menten_prolif,0,0.05
32402.140938255783,9.200000000000001,Timer,timer_menten_prolif,0,0.05
32345.706776886193,9.21,Timer,timer_menten_prolif,0,0.05
32289.14496394033,9.22,Timer,timer_menten_prolif,0,0.05
32232.458830518357,9.23,Timer,timer_menten_prolif,0,0.05
32175.651670324543,9.24,Timer,timer_menten_prolif,0,0.05
32118.726739910944,9.25,Timer,timer_menten_prolif,0,0.05
32061.68725892638,9.26,Timer,timer_menten_prolif,0,0.05
32004.536410367342,9.27,Timer,timer_menten_prolif,0,0.05
31947.277340831686,9.28,Timer,timer_menten_prolif,0,0.05
31889.913160769043,9.290000000000001,Timer,timer_menten_prolif,0,0.05
31832.44694473676,9.3,Timer,timer_menten_prolif,0,0.05
31774.881731656773,9.31,Timer,timer_menten_prolif,0,0.05
31717.22052507594,9.32,Timer,timer_menten_prolif,0,0.05
31659.46629342209,9.33,Timer,timer_menten_prolif,0,0.05
31601.621970264816,9.34,Timer,timer_menten_prolif,0,0.05
31543.690454576907,9.35,Timer,timer_menten_prolif,0,0.05
31485.674610999016,9.36,Timer,timer_menten_prolif,0,0.05
31427.577270100308,9.370000000000001,Timer,timer_menten_prolif,0,0.05
31369.401228642302,9.38,Timer,timer_menten_prolif,0,0.05
31311.149249843387,9.39,Timer,timer_menten_prolif,0,0.05
31252.824063646032,9.4,Timer,timer_menten_prolif,0,0.05
31194.428366980912,9.41,Timer,timer_menten_prolif,0,0.05
31135.964824032093,9.42,Timer,timer_menten_prolif,0,0.05
31077.436066503564,9.43,Timer,timer_menten_prolif,0,0.05
31018.844693887186,9.44,Timer,timer_menten_prolif,0,0.05
30960.193273729285,9.450000000000001,Timer,timer_menten_prolif,0,0.05
30901.48434189585,9.46,Timer,timer_menten_prolif,0,0.05
30842.72040283974,9.47,Timer,timer_menten_prolif,0,0.05
30783.90392986832,9.48,Timer,timer_menten_prolif,0,0.05
30725.037365411037,9.49,Timer,timer_menten_prolif,0,0.05
30666.12312128371,9.5,Timer,timer_menten_prolif,0,0.05
30607.1635789555,9.51,Timer,timer_menten_prolif,0,0.05
30548.161089814752,9.52,Timer,timer_menten_prolif,0,0.05
30489.11797543565,9.53,Timer,timer_menten_prolif,0,0.05
30430.03652784274,9.540000000000001,Timer,timer_menten_prolif,0,0.05
30370.919009775374,9.55,Timer,timer_menten_prolif,0,0.05
30311.767654952288,9.56,Timer,timer_menten_prolif,0,0.05
30252.584668334966,9.57,Timer,timer_menten_prolif,0,0.05
30193.372226389165,9.58,Timer,timer_menten_prolif,0,0.05
30134.132477349034,9.59,Timer,timer_menten_prolif,0,0.05
30074.86754147827,9.6,Timer,timer_menten_prolif,0,0.05
30015.5795113309,9.61,Timer,timer_menten_prolif,0,0.05
29956.2704520103,9.620000000000001,Timer,timer_menten_prolif,0,0.05
29896.94240142812,9.63,Timer,timer_menten_prolif,0,0.05
29837.59737056359,9.64,Timer,timer_menten_prolif,0,0.05
29778.237343720324,9.65,Timer,timer_menten_prolif,0,0.05
29718.86427878252,9.66,Timer,timer_menten_prolif,0,0.05
29659.480107468986,9.67,Timer,timer_menten_prolif,0,0.05
29600.086735588287,9.68,Timer,timer_menten_prolif,0,0.05
29540.686043291746,9.69,Timer,timer_menten_prolif,0,0.05
29481.279885325155,9.700000000000001,Timer,timer_menten_prolif,0,0.05
29421.87009127949,9.71,Timer,timer_menten_prolif,0,0.05
29362.458465840176,9.72,Timer,timer_menten_prolif,0,0.05
29303.04678903577,9.73,Timer,timer_menten_prolif,0,0.05
29243.636816484868,9.74,Timer,timer_menten_prolif,0,0.05
29184.230279641997,9.75,Timer,timer_menten_prolif,0,0.05
29124.828886041905,9.76,Timer,timer_menten_prolif,0,0.05
29065.434319542775,9.77,Timer,timer_menten_prolif,0,0.05
29006.048240568234,9.78,Timer,timer_menten_prolif,0,0.05
28946.67228634771,9.790000000000001,Timer,timer_menten_prolif,0,0.05
28887.308071155556,9.8,Timer,timer_menten_prolif,0,0.05
28827.957186548476,9.81,Timer,timer_menten_prolif,0,0.05
28768.621201602014,9.82,Timer,timer_menten_prolif,0,0.05
28709.30166314532,9.83,Timer,timer_menten_prolif,0,0.05
28650.00009599446,9.84,Timer,timer_menten_prolif,0,0.05
28590.718003184193,9.85,Timer,timer_menten_prolif,0,0.05
28531.456866198325,9.86,Timer,timer_menten_prolif,0,0.05
28472.218145198618,9.870000000000001,Timer,timer_menten_prolif,0,0.05
28413.00327925219,9.88,Timer,timer_menten_prolif,0,0.05
28353.81368655723,9.89,Timer,timer_menten_prolif,0,0.05
28294.650764667094,9.9,Timer,timer_menten_prolif,0,0.05
28235.515890713134,9.91,Timer,timer_menten_prolif,0,0.05
28176.410421625893,9.92,Timer,timer_menten_prolif,0,0.05
28117.33569435464,9.93,Timer,timer_menten_prolif,0,0.05
28058.293026085274,9.94,Timer,timer_menten_prolif,0,0.05
27999.283714456487,9.950000000000001,Timer,timer_menten_prolif,0,0.05
27940.30903777465,9.96,Timer,timer_menten_prolif,0,0.05
27881.37025522707,9.97,Timer,timer_menten_prolif,0,0.05
27822.46860709351,9.98,Timer,timer_menten_prolif,0,0.05
27763.605314956098,9.99,Timer,timer_menten_prolif,0,0.05
27704.781581907424,10.0,Timer,timer_menten_prolif,0,0.05
27645.998592757263,10.01,Timer,timer_menten_prolif,0,0.05
27587.25751423774,10.02,Timer,timer_menten_prolif,0,0.05
27528.55949520669,10.03,Timer,timer_menten_prolif,0,0.05
27469.905666849376,10.040000000000001,Timer,timer_menten_prolif,0,0.05
27411.297142878546,10.05,Timer,timer_menten_prolif,0,0.05
27352.735019732714,10.06,Timer,timer_menten_prolif,0,0.05
27294.22037677328,10.07,Timer,timer_menten_prolif,0,0.05
27235.75427647968,10.08,Timer,timer_menten_prolif,0,0.05
27177.33776464282,10.09,Timer,timer_menten_prolif,0,0.05
27118.971870556976,10.1,Timer,timer_menten_prolif,0,0.05
27060.657607209836,10.11,Timer,timer_menten_prolif,0,0.05
27002.395971471422,10.120000000000001,Timer,timer_menten_prolif,0,0.05
26944.18794428092,10.13,Timer,timer_menten_prolif,0,0.05
26886.03449083204,10.14,Timer,timer_menten_prolif,0,0.05
26827.936560756607,10.15,Timer,timer_menten_prolif,0,0.05
26769.895088306537,10.16,Timer,timer_menten_prolif,0,0.05
26711.91099253441,10.17,Timer,timer_menten_prolif,0,0.05
26653.985177472277,10.18,Timer,timer_menten_prolif,0,0.05
26596.11853230877,10.19,Timer,timer_menten_prolif,0,0.05
26538.311931564698,10.200000000000001,Timer,timer_menten_prolif,0,0.05
26480.56623526677,10.21,Timer,timer_menten_prolif,0,0.05
26422.88228912015,10.22,Timer,timer_menten_prolif,0,0.05
26365.260924679154,10.23,Timer,timer_menten_prolif,0,0.05
26307.702959516348,10.24,Timer,timer_menten_prolif,0,0.05
26250.209197390126,10.25,Timer,timer_menten_prolif,0,0.05
26192.780428410435,10.26,Timer,timer_menten_prolif,0,0.05
26135.417429203328,10.27,Timer,timer_menten_prolif,0,0.05
26078.12096307378,10.28,Timer,timer_menten_prolif,0,0.05
26020.89178016682,10.290000000000001,Timer,timer_menten_prolif,0,0.05
25963.730617627327,10.3,Timer,timer_menten_prolif,0,0.05
25906.638199757843,10.31,Timer,timer_menten_prolif,0,0.05
25849.61523817535,10.32,Timer,timer_menten_prolif,0,0.05
25792.662431966244,10.33,Timer,timer_menten_prolif,0,0.05
25735.78046783989,10.34,Timer,timer_menten_prolif,0,0.05
25678.970020280518,10.35,Timer,timer_menten_prolif,0,0.05
25622.231751697575,10.36,Timer,timer_menten_prolif,0,0.05
25565.56631257471,10.370000000000001,Timer,timer_menten_prolif,0,0.05
25508.974341617344,10.38,Timer,timer_menten_prolif,0,0.05
25452.456465898533,10.39,Timer,timer_menten_prolif,0,0.05
25396.013301003433,10.4,Timer,timer_menten_prolif,0,0.05
25339.64545117235,10.41,Timer,timer_menten_prolif,0,0.05
25283.353509441935,10.42,Timer,timer_menten_prolif,0,0.05
25227.13805778564,10.43,Timer,timer_menten_prolif,0,0.05
25170.999667252203,10.44,Timer,timer_menten_prolif,0,0.05
25114.938898102868,10.450000000000001,Timer,timer_menten_prolif,0,0.05
25058.956299947153,10.46,Timer,timer_menten_prolif,0,0.05
25003.052411877077,10.47,Timer,timer_menten_prolif,0,0.05
24947.227762600065,10.48,Timer,timer_menten_prolif,0,0.05
24891.48287057064,10.49,Timer,timer_menten_prolif,0,0.05
24835.818244120484,10.5,Timer,timer_menten_prolif,0,0.05
24780.234381587215,10.51,Timer,timer_menten_prolif,0,0.05
24724.73177144178,10.52,Timer,timer_menten_prolif,0,0.05
24669.31089241429,10.53,Timer,timer_menten_prolif,0,0.05
24613.972213618865,10.540000000000001,Timer,timer_menten_prolif,0,0.05
24558.716194676996,10.55,Timer,timer_menten_prolif,0,0.05
24503.54328583947,10.56,Timer,timer_menten_prolif,0,0.05
24448.453928107127,10.57,Timer,timer_menten_prolif,0,0.05
24393.448553350107,10.58,Timer,timer_menten_prolif,0,0.05
24338.5275844259,10.59,Timer,timer_menten_prolif,0,0.05
24283.691435296234,10.6,Timer,timer_menten_prolif,0,0.05
24228.940511142533,10.61,Timer,timer_menten_prolif,0,0.05
24174.27520848016,10.620000000000001,Timer,timer_menten_prolif,0,0.05
24119.69591527139,10.63,Timer,timer_menten_prolif,0,0.05
24065.20301103697,10.64,Timer,timer_menten_prolif,0,0.05
24010.79686696669,10.65,Timer,timer_menten_prolif,0,0.05
23956.47784602871,10.66,Timer,timer_menten_prolif,0,0.05
23902.246303077474,10.67,Timer,timer_menten_prolif,0,0.05
23848.102584960605,10.68,Timer,timer_menten_prolif,0,0.05
23794.047030624475,10.69,Timer,timer_menten_prolif,0,0.05
23740.07997121854,10.700000000000001,Timer,timer_menten_prolif,0,0.05
23686.201730198718,10.71,Timer,timer_menten_prolif,0,0.05
23632.412623429456,10.72,Timer,timer_menten_prolif,0,0.05
23578.71295928461,10.73,Timer,timer_menten_prolif,0,0.05
23525.10303874726,10.74,Timer,timer_menten_prolif,0,0.05
23471.583155508302,10.75,Timer,timer_menten_prolif,0,0.05
23418.153596063923,10.76,Timer,timer_menten_prolif,0,0.05
23364.814639812073,10.77,Timer,timer_menten_prolif,0,0.05
23311.56655914776,10.78,Timer,timer_menten_prolif,0,0.05
23258.409619557162,10.790000000000001,Timer,timer_menten_prolif,0,0.05
23205.34407971085,10.8,Timer,timer_menten_prolif,0,0.05
23152.3701915556,10.81,Timer,timer_menten_prolif,0,0.05
23099.488200405547,10.82,Timer,timer_menten_prolif,0,0.05
23046.698345032,10.83,Timer,timer_menten_prolif,0,0.05
22994.000857752348,10.84,Timer,timer_menten_prolif,0,0.05
22941.39596451785,10.85,Timer,timer_menten_prolif,0,0.05
22888.883885000403,10.86,Timer,timer_menten_prolif,0,0.05
22836.46483267829,10.870000000000001,Timer,timer_menten_prolif,0,0.05
22784.139014921042,10.88,Timer,timer_menten_prolif,0,0.05
22731.90663307315,10.89,Timer,timer_menten_prolif,0,0.05
22679.76788253687,10.9,Timer,timer_menten_prolif,0,0.05
22627.722952854023,10.91,Timer,timer_menten_prolif,0,0.05
22575.772027786807,10.92,Timer,timer_menten_prolif,0,0.05
22523.915285397605,10.93,Timer,timer_menten_prolif,0,0.05
22472.152898128,10.94,Timer,timer_menten_prolif,0,0.05
22420.485032876786,10.950000000000001,Timer,timer_menten_prolif,0,0.05
22368.91185107698,10.96,Timer,timer_menten_prolif,0,0.05
22317.433508771974,10.97,Timer,timer_menten_prolif,0,0.05
22266.05015669072,10.98,Timer,timer_menten_prolif,0,0.05
22214.761940322045,10.99,Timer,timer_menten_prolif,0,0.05
22163.56899998811,11.0,Timer,timer_menten_prolif,0,0.05
22112.471470916957,11.01,Timer,timer_menten_prolif,0,0.05
22061.46948331417,11.02,Timer,timer_menten_prolif,0,0.05
22010.563162433653,11.03,Timer,timer_menten_prolif,0,0.05
21959.75262864765,11.040000000000001,Timer,timer_menten_prolif,0,0.05
21909.037997515683,11.05,Timer,timer_menten_prolif,0,0.05
21858.419379852923,11.06,Timer,timer_menten_prolif,0,0.05
21807.896881797613,11.07,Timer,timer_menten_prolif,0,0.05
21757.470604877635,11.08,Timer,timer_menten_prolif,0,0.05
21707.140646076354,11.09,Timer,timer_menten_prolif,0,0.05
21656.907097897536,11.1,Timer,timer_menten_prolif,0,0.05
21606.77004842958,11.11,Timer,timer_menten_prolif,0,0.05
21556.72958140885,11.120000000000001,Timer,timer_menten_prolif,0,0.05
21506.785776282435,11.13,Timer,timer_menten_prolif,0,0.05
21456.93870826986,11.14,Timer,timer_menten_prolif,0,0.05
21407.188448424276,11.15,Timer,timer_menten_prolif,0,0.05
21357.53506369275,11.16,Timer,timer_menten_prolif,0,0.05
21307.978616975837,11.17,Timer,timer_menten_prolif,0,0.05
21258.51916718646,11.18,Timer,timer_menten_prolif,0,0.05
21209.156769308018,11.19,Timer,timer_menten_prolif,0,0.05
21159.891474451797,11.200000000000001,Timer,timer_menten_prolif,0,0.05
21110.72332991368,11.21,Timer,timer_menten_prolif,0,0.05
21061.652379230072,11.22,Timer,timer_menten_prolif,0,0.05
21012.67866223323,11.23,Timer,timer_menten_prolif,0,0.05
20963.802215105792,11.24,Timer,timer_menten_prolif,0,0.05
20915.023070434763,11.25,Timer,timer_menten_prolif,0,0.05
20866.341257264692,11.26,Timer,timer_menten_prolif,0,0.05
20817.75680115026,11.27,Timer,timer_menten_prolif,0,0.05
20769.2697242082,11.28,Timer,timer_menten_prolif,0,0.05
20720.88004516851,11.290000000000001,Timer,timer_menten_prolif,0,0.05
20672.587779425092,11.3,Timer,timer_menten_prolif,0,0.05
20624.39293908571,11.31,Timer,timer_menten_prolif,0,0.05
20576.2955330213,11.32,Timer,timer_menten_prolif,0,0.05
20528.29556691475,11.33,Timer,timer_menten_prolif,0,0.05
20480.393043308926,11.34,Timer,timer_menten_prolif,0,0.05
20432.587961654208,11.35,Timer,timer_menten_prolif,0,0.05
20384.880318355346,11.36,Timer,timer_menten_prolif,0,0.05
20337.27010681777,11.370000000000001,Timer,timer_menten_prolif,0,0.05
20289.75731749326,11.38,Timer,timer_menten_prolif,0,0.05
20242.341937925095,11.39,Timer,timer_menten_prolif,0,0.05
20195.023952792573,11.4,Timer,timer_menten_prolif,0,0.05
20147.803343954998,11.41,Timer,timer_menten_prolif,0,0.05
20100.680090495065,11.42,Timer,timer_menten_prolif,0,0.05
20053.65416876175,11.43,Timer,timer_menten_prolif,0,0.05
20006.725552412572,11.44,Timer,timer_menten_prolif,0,0.05
19959.89421245541,11.450000000000001,Timer,timer_menten_prolif,0,0.05
19913.160117289674,11.46,Timer,timer_menten_prolif,0,0.05
19866.52323274702,11.47,Timer,timer_menten_prolif,0,0.05
19819.983522131522,11.48,Timer,timer_menten_prolif,0,0.05
19773.540946259334,11.49,Timer,timer_menten_prolif,0,0.05
19727.195463497806,11.5,Timer,timer_menten_prolif,0,0.05
19680.947029804138,11.51,Timer,timer_menten_prolif,0,0.05
19634.795598763503,11.52,Timer,timer_menten_prolif,0,0.05
19588.74112162668,11.53,Timer,timer_menten_prolif,0,0.05
19542.783547347226,11.540000000000001,Timer,timer_menten_prolif,0,0.05
19496.922822618137,11.55,Timer,timer_menten_prolif,0,0.05
19451.158891908017,11.56,Timer,timer_menten_prolif,0,0.05
19405.491697496862,11.57,Timer,timer_menten_prolif,0,0.05
19359.921179511235,11.58,Timer,timer_menten_prolif,0,0.05
19314.4472759591,11.59,Timer,timer_menten_prolif,0,0.05
19269.06992276418,11.6,Timer,timer_menten_prolif,0,0.05
19223.78905379981,11.61,Timer,timer_menten_prolif,0,0.05
19178.60460092241,11.620000000000001,Timer,timer_menten_prolif,0,0.05
19133.516494004507,11.63,Timer,timer_menten_prolif,0,0.05
19088.5246609673,11.64,Timer,timer_menten_prolif,0,0.05
19043.629027812793,11.65,Timer,timer_menten_prolif,0,0.05
18998.829518655526,11.66,Timer,timer_menten_prolif,0,0.05
18954.12605575391,11.67,Timer,timer_menten_prolif,0,0.05
18909.518559541073,11.68,Timer,timer_menten_prolif,0,0.05
18865.0069486554,11.69,Timer,timer_menten_prolif,0,0.05
18820.5911399706,11.700000000000001,Timer,timer_menten_prolif,0,0.05
18776.27104862543,11.71,Timer,timer_menten_prolif,0,0.05
18732.04658805291,11.72,Timer,timer_menten_prolif,0,0.05
18687.91767000929,11.73,Timer,timer_menten_prolif,0,0.05
18643.884204602553,11.74,Timer,timer_menten_prolif,0,0.05
18599.946100320572,11.75,Timer,timer_menten_prolif,0,0.05
18556.103264058867,11.76,Timer,timer_menten_prolif,0,0.05
18512.355601148036,11.77,Timer,timer_menten_prolif,0,0.05
18468.70301538079,11.78,Timer,timer_menten_prolif,0,0.05
18425.145409038574,11.790000000000001,Timer,timer_menten_prolif,0,0.05
18381.682682917977,11.8,Timer,timer_menten_prolif,0,0.05
18338.31473635659,11.81,Timer,timer_menten_prolif,0,0.05
18295.04146725873,11.82,Timer,timer_menten_prolif,0,0.05
18251.862772120643,11.83,Timer,timer_menten_prolif,0,0.05
18208.778546055535,11.84,Timer,timer_menten_prolif,0,0.05
18165.788682818096,11.85,Timer,timer_menten_prolif,0,0.05
18122.893074828804,11.86,Timer,timer_menten_prolif,0,0.05
18080.09161319786,11.870000000000001,Timer,timer_menten_prolif,0,0.05
18037.384187748845,11.88,Timer,timer_menten_prolif,0,0.05
17994.77068704197,11.89,Timer,timer_menten_prolif,0,0.05
17952.250998397136,11.9,Timer,timer_menten_prolif,0,0.05
17909.825007916603,11.91,Timer,timer_menten_prolif,0,0.05
17867.492600507354,11.92,Timer,timer_menten_prolif,0,0.05
17825.253659903152,11.93,Timer,timer_menten_prolif,0,0.05
17783.108068686342,11.94,Timer,timer_menten_prolif,0,0.05
17741.055708309308,11.950000000000001,Timer,timer_menten_prolif,0,0.05
17699.096459115684,11.96,Timer,timer_menten_prolif,0,0.05
17657.230200361228,11.97,Timer,timer_menten_prolif,0,0.05
17615.4568102345,11.98,Timer,timer_menten_prolif,0,0.05
17573.776165877134,11.99,Timer,timer_menten_prolif,0,0.05
17532.188143403917,12.0,Timer,timer_menten_prolif,0,0.05
17490.69261792257,12.01,Timer,timer_menten_prolif,0,0.05
17449.289463553258,12.02,Timer,timer_menten_prolif,0,0.05
17407.978553447843,12.030000000000001,Timer,timer_menten_prolif,0,0.05
17366.759759808883,12.040000000000001,Timer,timer_menten_prolif,0,0.05
17325.63295390838,12.05,Timer,timer_menten_prolif,0,0.05
17284.598006106193,12.06,Timer,timer_menten_prolif,0,0.05
17243.654785868257,12.07,Timer,timer_menten_prolif,0,0.05
17202.803161784563,12.08,Timer,timer_menten_prolif,0,0.05
17162.043001586884,12.09,Timer,timer_menten_prolif,0,0.05
17121.3741721662,12.1,Timer,timer_menten_prolif,0,0.05
17080.796539589966,12.11,Timer,timer_menten_prolif,0,0.05
17040.309969119095,12.120000000000001,Timer,timer_menten_prolif,0,0.05
16999.914325224843,12.13,Timer,timer_menten_prolif,0,0.05
16959.60947160517,12.14,Timer,timer_menten_prolif,0,0.05
16919.395271201072,12.15,Timer,timer_menten_prolif,0,0.05
16879.271586212668,12.16,Timer,timer_menten_prolif,0,0.05
16839.238278115045,12.17,Timer,timer_menten_prolif,0,0.05
16799.295207673877,12.18,Timer,timer_menten_prolif,0,0.05
16759.44223496085,12.19,Timer,timer_menten_prolif,0,0.05
16719.679219368853,12.200000000000001,Timer,timer_menten_prolif,0,0.05
16680.00601962706,12.21,Timer,timer_menten_prolif,0,0.05
16640.422493815582,12.22,Timer,timer_menten_prolif,0,0.05
16600.92849938004,12.23,Timer,timer_menten_prolif,0,0.05
16561.52389314596,12.24,Timer,timer_menten_prolif,0,0.05
16522.20853133294,12.25,Timer,timer_menten_prolif,0,0.05
16482.982269568605,12.26,Timer,timer_menten_prolif,0,0.05
16443.844962902353,12.27,Timer,timer_menten_prolif,0,0.05
16404.79646581896,12.280000000000001,Timer,timer_menten_prolif,0,0.05
16365.836632252092,12.290000000000001,Timer,timer_menten_prolif,0,0.05
16326.965315597288,12.3,Timer,timer_menten_prolif,0,0.05
16288.182368725067,12.31,Timer,timer_menten_prolif,0,0.05
16249.487643993743,12.32,Timer,timer_menten_prolif,0,0.05
16210.88099326205,12.33,Timer,timer_menten_prolif,0,0.05
16172.362267901615,12.34,Timer,timer_menten_prolif,0,0.05
16133.931318809275,12.35,Timer,timer_menten_prolif,0,0.05
16095.587996419152,12.36,Timer,timer_menten_prolif,0,0.05
16057.33215071469,12.370000000000001,Timer,timer_menten_prolif,0,0.05
16019.16363124036,12.38,Timer,timer_menten_prolif,0,0.05
15981.082287113224,12.39,Timer,timer_menten_prolif,0,0.05
15943.0879670344,12.4,Timer,timer_menten_prolif,0,0.05
15905.180519300357,12.41,Timer,timer_menten_prolif,0,0.05
15867.359791814011,12.42,Timer,timer_menten_prolif,0,0.05
15829.625632095678,12.43,Timer,timer_menten_prolif,0,0.05
15791.977887293888,12.44,Timer,timer_menten_prolif,0,0.05
15754.41640419608,12.450000000000001,Timer,timer_menten_prolif,0,0.05
15716.941029239053,12.46,Timer,timer_menten_prolif,0,0.05
15679.551608519232,12.47,Timer,timer_menten_prolif,0,0.05
15642.24798780293,12.48,Timer,timer_menten_prolif,0,0.05
15605.030012536374,12.49,Timer,timer_menten_prolif,0,0.05
15567.89752785558,12.5,Timer,timer_menten_prolif,0,0.05
15530.850378596151,12.51,Timer,timer_menten_prolif,0,0.05
15493.888409302846,12.52,Timer,timer_menten_prolif,0,0.05
15457.011464239153,12.530000000000001,Timer,timer_menten_prolif,0,0.05
15420.219387396537,12.540000000000001,Timer,timer_menten_prolif,0,0.05
15383.51202250364,12.55,Timer,timer_menten_prolif,0,0.05
15346.889213035345,12.56,Timer,timer_menten_prolif,0,0.05
15310.350802221725,12.57,Timer,timer_menten_prolif,0,0.05
15273.896633056847,12.58,Timer,timer_menten_prolif,0,0.05
15237.526548307427,12.59,Timer,timer_menten_prolif,0,0.05
15201.24039052139,12.6,Timer,timer_menten_prolif,0,0.05
15165.038002036375,12.61,Timer,timer_menten_prolif,0,0.05
15128.919224987916,12.620000000000001,Timer,timer_menten_prolif,0,0.05
15092.883901317662,12.63,Timer,timer_menten_prolif,0,0.05
15056.931872781393,12.64,Timer,timer_menten_prolif,0,0.05
15021.062980957004,12.65,Timer,timer_menten_prolif,0,0.05
14985.27706725229,12.66,Timer,timer_menten_prolif,0,0.05
14949.573972912644,12.67,Timer,timer_menten_prolif,0,0.05
14913.953539028687,12.68,Timer,timer_menten_prolif,0,0.05
14878.415606543756,12.69,Timer,timer_menten_prolif,0,0.05
14842.960016261226,12.700000000000001,Timer,timer_menten_prolif,0,0.05
14807.586608851763,12.71,Timer,timer_menten_prolif,0,0.05
14772.295224860443,12.72,Timer,timer_menten_prolif,0,0.05
14737.085704713849,12.73,Timer,timer_menten_prolif,0,0.05
14701.95788872696,12.74,Timer,timer_menten_prolif,0,0.05
14666.911617109976,12.75,Timer,timer_menten_prolif,0,0.05
14631.94672997508,12.76,Timer,timer_menten_prolif,0,0.05
14597.063067343122,12.77,Timer,timer_menten_prolif,0,0.05
14562.26046915002,12.780000000000001,Timer,timer_menten_prolif,0,0.05
14527.538775253259,12.790000000000001,Timer,timer_menten_prolif,0,0.05
14492.897825438138,12.8,Timer,timer_menten_prolif,0,0.05
14458.337459424063,12.81,Timer,timer_menten_prolif,0,0.05
14423.857516870681,12.82,Timer,timer_menten_prolif,0,0.05
14389.457837383892,12.83,Timer,timer_menten_prolif,0,0.05
14355.138260521819,12.84,Timer,timer_menten_prolif,0,0.05
14320.898625800633,12.85,Timer,timer_menten_prolif,0,0.05
14286.738772700442,12.86,Timer,timer_menten_prolif,0,0.05
14252.658540671075,12.870000000000001,Timer,timer_menten_prolif,0,0.05
14218.657769137368,12.88,Timer,timer_menten_prolif,0,0.05
14184.73629750478,12.89,Timer,timer_menten_prolif,0,0.05
14150.89396516484,12.9,Timer,timer_menten_prolif,0,0.05
14117.13061150047,12.91,Timer,timer_menten_prolif,0,0.05
14083.44607589125,12.92,Timer,timer_menten_prolif,0,0.05
14049.840197718586,12.93,Timer,timer_menten_prolif,0,0.05
14016.312816370806,12.94,Timer,timer_menten_prolif,0,0.05
13982.863771248145,12.950000000000001,Timer,timer_menten_prolif,0,0.05
13949.492901767868,12.96,Timer,timer_menten_prolif,0,0.05
13916.200047368986,12.97,Timer,timer_menten_prolif,0,0.05
13882.985047516955,12.98,Timer,timer_menten_prolif,0,0.05
13849.847741708449,12.99,Timer,timer_menten_prolif,0,0.05
13816.787969475994,13.0,Timer,timer_menten_prolif,0,0.05
13783.805570392526,13.01,Timer,timer_menten_prolif,0,0.05
13750.900384075867,13.02,Timer,timer_menten_prolif,0,0.05
13718.072250193134,13.030000000000001,Timer,timer_menten_prolif,0,0.05
13685.321008465098,13.040000000000001,Timer,timer_menten_prolif,0,0.05
13652.646498670456,13.05,Timer,timer_menten_prolif,0,0.05
13620.048560650222,13.06,Timer,timer_menten_prolif,0,0.05
13587.527034311615,13.07,Timer,timer_menten_prolif,0,0.05
13555.081759632156,13.08,Timer,timer_menten_prolif,0,0.05
13522.71257666373,13.09,Timer,timer_menten_prolif,0,0.05
13490.419325536493,13.1,Timer,timer_menten_prolif,0,0.05
13458.201846462798,13.11,Timer,timer_menten_prolif,0,0.05
13426.059979740945,13.120000000000001,Timer,timer_menten_prolif,0,0.05
13393.993565758989,13.13,Timer,timer_menten_prolif,0,0.05
13362.002444998368,13.14,Timer,timer_menten_prolif,0,0.05
13330.086458037666,13.15,Timer,timer_menten_prolif,0,0.05
13298.245445556167,13.16,Timer,timer_menten_prolif,0,0.05
13266.47924833722,13.17,Timer,timer_menten_prolif,0,0.05
13234.787707271746,13.18,Timer,timer_menten_prolif,0,0.05
13203.170663361661,13.19,Timer,timer_menten_prolif,0,0.05
13171.62795772319,13.200000000000001,Timer,timer_menten_prolif,0,0.05
13140.159431590173,13.21,Timer,timer_menten_prolif,0,0.05
13108.76492631726,13.22,Timer,timer_menten_prolif,0,0.05
13077.444283383105,13.23,Timer,timer_menten_prolif,0,0.05
13046.19734439348,13.24,Timer,timer_menten_prolif,0,0.05
13015.023951084473,13.25,Timer,timer_menten_prolif,0,0.05
12983.923945325369,13.26,Timer,timer_menten_prolif,0,0.05
12952.897169121574,13.27,Timer,timer_menten_prolif,0,0.05
12921.94346461758,13.280000000000001,Timer,timer_menten_prolif,0,0.05
12891.062674099843,13.290000000000001,Timer,timer_menten_prolif,0,0.05
12860.254639999552,13.3,Timer,timer_menten_prolif,0,0.05
12829.51920489543,13.31,Timer,timer_menten_prolif,0,0.05
12798.856211516439,13.32,Timer,timer_menten_prolif,0,0.05
12768.265502744429,13.33,Timer,timer_menten_prolif,0,0.05
12737.746921616821,13.34,Timer,timer_menten_prolif,0,0.05
12707.300311329265,13.35,Timer,timer_menten_prolif,0,0.05
12676.925515237976,13.36,Timer,timer_menten_prolif,0,0.05
12646.622376862291,13.370000000000001,Timer,timer_menten_prolif,0,0.05
12616.390739887132,13.38,Timer,timer_menten_prolif,0,0.05
12586.230448165388,13.39,Timer,timer_menten_prolif,0,0.05
12556.141345720269,13.4,Timer,timer_menten_prolif,0,0.05
12526.123276747632,13.41,Timer,timer_menten_prolif,0,0.05
12496.176085618234,13.42,Timer,timer_menten_prolif,0,0.05
12466.299616879973,13.43,Timer,timer_menten_prolif,0,0.05
12436.49371526016,13.44,Timer,timer_menten_prolif,0,0.05
12406.758225667625,13.450000000000001,Timer,timer_menten_prolif,0,0.05
12377.09299319476,13.46,Timer,timer_menten_prolif,0,0.05
12347.497863119605,13.47,Timer,timer_menten_prolif,0,0.05
12317.972680907922,13.48,Timer,timer_menten_prolif,0,0.05
12288.517292215161,13.49,Timer,timer_menten_prolif,0,0.05
12259.131542888437,13.5,Timer,timer_menten_prolif,0,0.05
12229.815278968437,13.51,Timer,timer_menten_prolif,0,0.05
12200.56834669131,13.52,Timer,timer_menten_prolif,0,0.05
12171.390592490508,13.530000000000001,Timer,timer_menten_prolif,0,0.05
12142.281862998734,13.540000000000001,Timer,timer_menten_prolif,0,0.05
12113.242005049555,13.55,Timer,timer_menten_prolif,0,0.05
12084.270865679173,13.56,Timer,timer_menten_prolif,0,0.05
12055.368292128154,13.57,Timer,timer_menten_prolif,0,0.05
12026.534131843116,13.58,Timer,timer_menten_prolif,0,0.05
11997.76823247836,13.59,Timer,timer_menten_prolif,0,0.05
11969.070441897491,13.6,Timer,timer_menten_prolif,0,0.05
11940.440608174988,13.61,Timer,timer_menten_prolif,0,0.05
11911.878579597746,13.620000000000001,Timer,timer_menten_prolif,0,0.05
11883.384204666683,13.63,Timer,timer_menten_prolif,0,0.05
11854.95733209822,13.64,Timer,timer_menten_prolif,0,0.05
11826.5978108256,13.65,Timer,timer_menten_prolif,0,0.05
11798.305490000392,13.66,Timer,timer_menten_prolif,0,0.05
11770.080218993871,13.67,Timer,timer_menten_prolif,0,0.05
11741.921847398411,13.68,Timer,timer_menten_prolif,0,0.05
11713.830225028803,13.69,Timer,timer_menten_prolif,0,0.05
11685.80520192357,13.700000000000001,Timer,timer_menten_prolif,0,0.05
11657.846628346259,13.71,Timer,timer_menten_prolif,0,0.05
11629.954354786678,13.72,Timer,timer_menten_prolif,0,0.05
11602.128231962131,13.73,Timer,timer_menten_prolif,0,0.05
11574.368110818625,13.74,Timer,timer_menten_prolif,0,0.05
11546.673842532357,13.75,Timer,timer_menten_prolif,0,0.05
11519.045278510508,13.76,Timer,timer_menten_prolif,0,0.05
11491.482270392331,13.77,Timer,timer_menten_prolif,0,0.05
11463.98467005035,13.780000000000001,Timer,timer_menten_prolif,0,0.05
11436.552329591457,13.790000000000001,Timer,timer_menten_prolif,0,0.05
11409.185101357933,13.8,Timer,timer_menten_prolif,0,0.05
11381.882837928497,13.81,Timer,timer_menten_prolif,0,0.05
11354.645392119284,13.82,Timer,timer_menten_prolif,0,0.05
11327.472616984858,13.83,Timer,timer_menten_prolif,0,0.05
11300.364365819132,13.84,Timer,timer_menten_prolif,0,0.05
11273.320492156325,13.85,Timer,timer_menten_prolif,0,0.05
11246.340849771947,13.86,Timer,timer_menten_prolif,0,0.05
11219.425292683798,13.870000000000001,Timer,timer_menten_prolif,0,0.05
11192.573675152522,13.88,Timer,timer_menten_prolif,0,0.05
11165.785851682587,13.89,Timer,timer_menten_prolif,0,0.05
11139.061677023103,13.9,Timer,timer_menten_prolif,0,0.05
11112.401006168664,13.91,Timer,timer_menten_prolif,0,0.05
11085.803694360095,13.92,Timer,timer_menten_prolif,0,0.05
11059.26959708524,13.93,Timer,timer_menten_prolif,0,0.05
11032.798570079685,13.94,Timer,timer_menten_prolif,0,0.05
11006.390469327498,13.950000000000001,Timer,timer_menten_prolif,0,0.05
10980.045151061924,13.96,Timer,timer_menten_prolif,0,0.05
10953.762471766076,13.97,Timer,timer_menten_prolif,0,0.05
10927.54228817383,13.98,Timer,timer_menten_prolif,0,0.05
10901.384457270213,13.99,Timer,timer_menten_prolif,0,0.05
10875.288836292002,14.0,Timer,timer_menten_prolif,0,0.05
10849.25528272842,14.01,Timer,timer_menten_prolif,0,0.05
10823.283654321727,14.02,Timer,timer_menten_prolif,0,0.05
10797.373809067798,14.030000000000001,Timer,timer_menten_prolif,0,0.05
10771.52560521669,14.040000000000001,Timer,timer_menten_prolif,0,0.05
10745.738901273167,14.05,Timer,timer_menten_prolif,0,0.05
10720.013555997233,14.06,Timer,timer_menten_prolif,0,0.05
10694.349428404661,14.07,Timer,timer_menten_prolif,0,0.05
10668.746377767442,14.08,Timer,timer_menten_prolif,0,0.05
10643.204263614381,14.09,Timer,timer_menten_prolif,0,0.05
10617.72294573161,14.1,Timer,timer_menten_prolif,0,0.05
10592.302284162786,14.11,Timer,timer_menten_prolif,0,0.05
10566.942139209643,14.120000000000001,Timer,timer_menten_prolif,0,0.05
10541.642371432405,14.13,Timer,timer_menten_prolif,0,0.05
10516.402841650197,14.14,Timer,timer_menten_prolif,0,0.05
10491.223410941424,14.15,Timer,timer_menten_prolif,0,0.05
10466.103940644138,14.16,Timer,timer_menten_prolif,0,0.05
10441.044292356417,14.17,Timer,timer_menten_prolif,0,0.05
10416.044327936681,14.18,Timer,timer_menten_prolif,0,0.05
10391.103909504043,14.19,Timer,timer_menten_prolif,0,0.05
10366.222899438606,14.200000000000001,Timer,timer_menten_prolif,0,0.05
10341.40116038197,14.21,Timer,timer_menten_prolif,0,0.05
10316.638555237287,14.22,Timer,timer_menten_prolif,0,0.05
10291.934947169546,14.23,Timer,timer_menten_prolif,0,0.05
10267.29019960589,14.24,Timer,timer_menten_prolif,0,0.05
10242.704176235871,14.25,Timer,timer_menten_prolif,0,0.05
10218.176741011679,14.26,Timer,timer_menten_prolif,0,0.05
10193.707758148379,14.27,Timer,timer_menten_prolif,0,0.05
10169.297092124121,14.280000000000001,Timer,timer_menten_prolif,0,0.05
10144.94460768035,14.290000000000001,Timer,timer_menten_prolif,0,0.05
10120.650169821984,14.3,Timer,timer_menten_prolif,0,0.05
10096.413643817606,14.31,Timer,timer_menten_prolif,0,0.05
10072.234895199677,14.32,Timer,timer_menten_prolif,0,0.05
10048.113789764779,14.33,Timer,timer_menten_prolif,0,0.05
10024.050193573537,14.34,Timer,timer_menten_prolif,0,0.05
10000.043972950858,14.35,Timer,timer_menten_prolif,0,0.05
9976.094994486062,14.36,Timer,timer_menten_prolif,0,0.05
9952.203125032993,14.370000000000001,Timer,timer_menten_prolif,0,0.05
9928.368231710134,14.38,Timer,timer_menten_prolif,0,0.05
9904.590181900685,14.39,Timer,timer_menten_prolif,0,0.05
9880.868843252663,14.4,Timer,timer_menten_prolif,0,0.05
9857.204083678964,14.41,Timer,timer_menten_prolif,0,0.05
9833.595771357439,14.42,Timer,timer_menten_prolif,0,0.05
9810.043774730948,14.43,Timer,timer_menten_prolif,0,0.05
9786.547962507511,14.44,Timer,timer_menten_prolif,0,0.05
9763.108203660238,14.450000000000001,Timer,timer_menten_prolif,0,0.05
9739.724367427329,14.46,Timer,timer_menten_prolif,0,0.05
9716.396323312123,14.47,Timer,timer_menten_prolif,0,0.05
9693.123941083117,14.48,Timer,timer_menten_prolif,0,0.05
9669.907090773977,14.49,Timer,timer_menten_prolif,0,0.05
9646.745642683512,14.5,Timer,timer_menten_prolif,0,0.05
9623.639467375686,14.51,Timer,timer_menten_prolif,0,0.05
9600.58843567956,14.52,Timer,timer_menten_prolif,0,0.05
9577.592418689277,14.530000000000001,Timer,timer_menten_prolif,0,0.05
9554.651287764047,14.540000000000001,Timer,timer_menten_prolif,0,0.05
9531.764914528083,14.55,Timer,timer_menten_prolif,0,0.05
9508.933170870645,14.56,Timer,timer_menten_prolif,0,0.05
9486.155928945807,14.57,Timer,timer_menten_prolif,0,0.05
9463.433061172449,14.58,Timer,timer_menten_prolif,0,0.05
9440.7644402342,14.59,Timer,timer_menten_prolif,0,0.05
9418.149939079332,14.6,Timer,timer_menten_prolif,0,0.05
9395.589430920687,14.61,Timer,timer_menten_prolif,0,0.05
9373.082789235563,14.620000000000001,Timer,timer_menten_prolif,0,0.05
9350.629887765619,14.63,Timer,timer_menten_prolif,0,0.05
9328.23060051676,14.64,Timer,timer_menten_prolif,0,0.05
9305.884801758997,14.65,Timer,timer_menten_prolif,0,0.05
9283.592366026362,14.66,Timer,timer_menten_prolif,0,0.05
9261.35316811685,14.67,Timer,timer_menten_prolif,0,0.05
9239.167083092165,14.68,Timer,timer_menten_prolif,0,0.05
9217.033986277556,14.69,Timer,timer_menten_prolif,0,0.05
9194.953753261703,14.700000000000001,Timer,timer_menten_prolif,0,0.05
9172.926259896578,14.71,Timer,timer_menten_prolif,0,0.05
9150.951382297248,14.72,Timer,timer_menten_prolif,0,0.05
9129.028996841733,14.73,Timer,timer_menten_prolif,0,0.05
9107.158980170812,14.74,Timer,timer_menten_prolif,0,0.05
9085.341209187858,14.75,Timer,timer_menten_prolif,0,0.05
9063.575561058631,14.76,Timer,timer_menten_prolif,0,0.05
9041.861913211102,14.77,Timer,timer_menten_prolif,0,0.05
9020.200143335234,14.780000000000001,Timer,timer_menten_prolif,0,0.05
8998.590129382803,14.790000000000001,Timer,timer_menten_prolif,0,0.05
8977.031749567293,14.8,Timer,timer_menten_prolif,0,0.05
8955.524882363761,14.81,Timer,timer_menten_prolif,0,0.05
8934.06940650826,14.82,Timer,timer_menten_prolif,0,0.05
8912.665200997788,14.83,Timer,timer_menten_prolif,0,0.05
8891.31214509008,14.84,Timer,timer_menten_prolif,0,0.05
8870.010118303358,14.85,Timer,timer_menten_prolif,0,0.05
8848.759000416107,14.86,Timer,timer_menten_prolif,0,0.05
8827.55867146682,14.870000000000001,Timer,timer_menten_prolif,0,0.05
8806.409011753778,14.88,Timer,timer_menten_prolif,0,0.05
8785.30990183476,14.89,Timer,timer_menten_prolif,0,0.05
8764.261222526813,14.9,Timer,timer_menten_prolif,0,0.05
8743.262854905983,14.91,Timer,timer_menten_prolif,0,0.05
8722.314680307049,14.92,Timer,timer_menten_prolif,0,0.05
8701.416580323275,14.93,Timer,timer_menten_prolif,0,0.05
8680.568436806312,14.94,Timer,timer_menten_prolif,0,0.05
8659.77013186564,14.950000000000001,Timer,timer_menten_prolif,0,0.05
8639.02154786838,14.96,Timer,timer_menten_prolif,0,0.05
8618.32256743899,14.97,Timer,timer_menten_prolif,0,0.05
8597.673073459024,14.98,Timer,timer_menten_prolif,0,0.05
8577.072949066813,14.99,Timer,timer_menten_prolif,0,0.05
8556.52207765719,15.0,Timer,timer_menten_prolif,0,0.05
8536.020342881173,15.01,Timer,timer_menten_prolif,0,0.05
8515.567628645675,15.02,Timer,timer_menten_prolif,0,0.05
8495.163819113184,15.030000000000001,Timer,timer_menten_prolif,0,0.05
8474.808798701477,15.040000000000001,Timer,timer_menten_prolif,0,0.05
8454.502452083274,15.05,Timer,timer_menten_prolif,0,0.05
8434.244664185942,15.06,Timer,timer_menten_prolif,0,0.05
8414.035320191299,15.07,Timer,timer_menten_prolif,0,0.05
8393.874305535237,15.08,Timer,timer_menten_prolif,0,0.05
8373.761505907238,15.09,Timer,timer_menten_prolif,0,0.05
8353.696807250135,15.1,Timer,timer_menten_prolif,0,0.05
8333.680095759799,15.11,Timer,timer_menten_prolif,0,0.05
8313.711257884788,15.120000000000001,Timer,timer_menten_prolif,0,0.05
8293.790180326041,15.13,Timer,timer_menten_prolif,0,0.05
8273.916750036498,15.14,Timer,timer_menten_prolif,0,0.05
8254.09085422078,15.15,Timer,timer_menten_prolif,0,0.05
8234.312380334848,15.16,Timer,timer_menten_prolif,0,0.05
8214.581216085642,15.17,Timer,timer_menten_prolif,0,0.05
8194.89724943073,15.18,Timer,timer_menten_prolif,0,0.05
8175.2603685779695,15.19,Timer,timer_menten_prolif,0,0.05
8155.67046198515,15.200000000000001,Timer,timer_menten_prolif,0,0.05
8136.12741835978,15.21,Timer,timer_menten_prolif,0,0.05
8116.631126658499,15.22,Timer,timer_menten_prolif,0,0.05
8097.181476086771,15.23,Timer,timer_menten_prolif,0,0.05
8077.778356098559,15.24,Timer,timer_menten_prolif,0,0.05
8058.421656395942,15.25,Timer,timer_menten_prolif,0,0.05
8039.111266928752,15.26,Timer,timer_menten_prolif,0,0.05
8019.847077894204,15.27,Timer,timer_menten_prolif,0,0.05
8000.628979736512,15.280000000000001,Timer,timer_menten_prolif,0,0.05
7981.456863146537,15.290000000000001,Timer,timer_menten_prolif,0,0.05
7962.33061906138,15.3,Timer,timer_menten_prolif,0,0.05
7943.250138664023,15.31,Timer,timer_menten_prolif,0,0.05
7924.215313382933,15.32,Timer,timer_menten_prolif,0,0.05
7905.226034891686,15.33,Timer,timer_menten_prolif,0,0.05
7886.282195108684,15.34,Timer,timer_menten_prolif,0,0.05
7867.383686196683,15.35,Timer,timer_menten_prolif,0,0.05
7848.530400562332,15.36,Timer,timer_menten_prolif,0,0.05
7829.7222308558485,15.370000000000001,Timer,timer_menten_prolif,0,0.05
7810.959069970629,15.38,Timer,timer_menten_prolif,0,0.05
7792.240811042843,15.39,Timer,timer_menten_prolif,0,0.05
7773.567347451048,15.4,Timer,timer_menten_prolif,0,0.05
7754.938572815791,15.41,Timer,timer_menten_prolif,0,0.05
7736.354380999208,15.42,Timer,timer_menten_prolif,0,0.05
7717.814666104622,15.43,Timer,timer_menten_prolif,0,0.05
7699.319322476148,15.44,Timer,timer_menten_prolif,0,0.05
7680.868244698282,15.450000000000001,Timer,timer_menten_prolif,0,0.05
7662.461327595505,15.46,Timer,timer_menten_prolif,0,0.05
7644.098466231899,15.47,Timer,timer_menten_prolif,0,0.05
7625.779555910807,15.48,Timer,timer_menten_prolif,0,0.05
7607.50449217427,15.49,Timer,timer_menten_prolif,0,0.05
7589.273170802681,15.5,Timer,timer_menten_prolif,0,0.05
7571.085487814388,15.51,Timer,timer_menten_prolif,0,0.05
7552.941339465268,15.52,Timer,timer_menten_prolif,0,0.05
7534.840622248321,15.530000000000001,Timer,timer_menten_prolif,0,0.05
7516.783232893268,15.540000000000001,Timer,timer_menten_prolif,0,0.05
7498.769068366113,15.55,Timer,timer_menten_prolif,0,0.05
7480.798025868749,15.56,Timer,timer_menten_prolif,0,0.05
7462.870002838523,15.57,Timer,timer_menten_prolif,0,0.05
7460.532300032896,15.58,Timer,timer_menten_prolif,0,0.05
7458.454223909153,15.59,Timer,timer_menten_prolif,0,0.05
7456.639303369851,15.6,Timer,timer_menten_prolif,0,0.05
7455.091122530091,15.61,Timer,timer_menten_prolif,0,0.05
7453.813325495546,15.62,Timer,timer_menten_prolif,0,0.05
7452.809617254072,15.629999999999999,Timer,timer_menten_prolif,0,0.05
7452.083764814479,15.639999999999999,Timer,timer_menten_prolif,0,0.05
7451.639598339583,15.649999999999999,Timer,timer_menten_prolif,0,0.05
7451.481011780781,15.659999999999998,Timer,timer_menten_prolif,0,0.05
7451.6119641889045,15.669999999999998,Timer,timer_menten_prolif,0,0.05
7452.0364807025435,15.679999999999998,Timer,timer_menten_prolif,0,0.05
7452.758653589961,15.689999999999998,Timer,timer_menten_prolif,0,0.05
7453.782643353666,15.699999999999998,Timer,timer_menten_prolif,0,0.05
7455.112679826203,15.709999999999997,Timer,timer_menten_prolif,0,0.05
7456.753063291317,15.719999999999997,Timer,timer_menten_prolif,0,0.05
7458.708165623439,15.729999999999997,Timer,timer_menten_prolif,0,0.05
7460.982431419807,15.739999999999997,Timer,timer_menten_prolif,0,0.05
7463.580379209622,15.749999999999996,Timer,timer_menten_prolif,0,0.05
7466.506602640109,15.759999999999996,Timer,timer_menten_prolif,0,0.05
7469.765771665632,15.769999999999996,Timer,timer_menten_prolif,0,0.05
7473.3626338012255,15.779999999999996,Timer,timer_menten_prolif,0,0.05
7477.302015361897,15.789999999999996,Timer,timer_menten_prolif,0,0.05
7481.5888227383875,15.799999999999995,Timer,timer_menten_prolif,0,0.05
7486.228043690704,15.809999999999995,Timer,timer_menten_prolif,0,0.05
7491.224748658198,15.819999999999995,Timer,timer_menten_prolif,0,0.05
7496.584092094932,15.829999999999995,Timer,timer_menten_prolif,0,0.05
7502.3113138229055,15.839999999999995,Timer,timer_menten_prolif,0,0.05
7508.411740410624,15.849999999999994,Timer,timer_menten_prolif,0,0.05
7514.890786570208,15.859999999999994,Timer,timer_menten_prolif,0,0.05
7521.753956581042,15.869999999999994,Timer,timer_menten_prolif,0,0.05
7529.0068457298285,15.879999999999994,Timer,timer_menten_prolif,0,0.05
7536.655141780175,15.889999999999993,Timer,timer_menten_prolif,0,0.05
7544.704626466103,15.899999999999993,Timer,timer_menten_prolif,0,0.05
7553.161176999417,15.909999999999993,Timer,timer_menten_prolif,0,0.05
7562.030767616743,15.919999999999993,Timer,timer_menten_prolif,0,0.05
7571.319471136087,15.929999999999993,Timer,timer_menten_prolif,0,0.05
7581.033460547935,15.939999999999992,Timer,timer_menten_prolif,0,0.05
7591.179010631744,15.949999999999992,Timer,timer_menten_prolif,0,0.05
7601.762499588413,15.959999999999992,Timer,timer_menten_prolif,0,0.05
7612.790410715155,15.969999999999992,Timer,timer_menten_prolif,0,0.05
7624.269334090168,15.979999999999992,Timer,timer_menten_prolif,0,0.05
7636.205968295432,15.989999999999991,Timer,timer_menten_prolif,0,0.05
7648.607122166077,15.999999999999991,Timer,timer_menten_prolif,0,0.05
7661.479716557846,16.00999999999999,Timer,timer_menten_prolif,0,0.05
7674.830786160041,16.01999999999999,Timer,timer_menten_prolif,0,0.05
7688.66748131876,16.02999999999999,Timer,timer_menten_prolif,0,0.05
7702.997069902779,16.039999999999992,Timer,timer_menten_prolif,0,0.05
7717.826939195891,16.04999999999999,Timer,timer_menten_prolif,0,0.05
7733.164597808699,16.059999999999988,Timer,timer_menten_prolif,0,0.05
7749.017677637478,16.06999999999999,Timer,timer_menten_prolif,0,0.05
7765.3939358513235,16.07999999999999,Timer,timer_menten_prolif,0,0.05
7782.301256900855,16.08999999999999,Timer,timer_menten_prolif,0,0.05
7799.747654564124,16.099999999999987,Timer,timer_menten_prolif,0,0.05
7817.741274022122,16.10999999999999,Timer,timer_menten_prolif,0,0.05
7836.290393979366,16.11999999999999,Timer,timer_menten_prolif,0,0.05
7855.403428804964,16.12999999999999,Timer,timer_menten_prolif,0,0.05
7875.088930708952,16.139999999999986,Timer,timer_menten_prolif,0,0.05
7895.355591962121,16.149999999999988,Timer,timer_menten_prolif,0,0.05
7916.212247143567,16.15999999999999,Timer,timer_menten_prolif,0,0.05
7937.667875425537,16.169999999999987,Timer,timer_menten_prolif,0,0.05
7959.731602895318,16.179999999999986,Timer,timer_menten_prolif,0,0.05
7982.412704913653,16.189999999999987,Timer,timer_menten_prolif,0,0.05
8005.7206085111375,16.19999999999999,Timer,timer_menten_prolif,0,0.05
8029.664894820977,16.209999999999987,Timer,timer_menten_prolif,0,0.05
8054.255301551901,16.219999999999985,Timer,timer_menten_prolif,0,0.05
8079.501725500582,16.229999999999986,Timer,timer_menten_prolif,0,0.05
8105.414225101727,16.239999999999988,Timer,timer_menten_prolif,0,0.05
8132.003023020383,16.249999999999986,Timer,timer_menten_prolif,0,0.05
8159.278508785703,16.259999999999984,Timer,timer_menten_prolif,0,0.05
8187.25124146415,16.269999999999985,Timer,timer_menten_prolif,0,0.05
8215.931952376755,16.279999999999987,Timer,timer_menten_prolif,0,0.05
8245.33154786003,16.289999999999985,Timer,timer_menten_prolif,0,0.05
8275.461112067678,16.299999999999983,Timer,timer_menten_prolif,0,0.05
8306.331909818415,16.309999999999985,Timer,timer_menten_prolif,0,0.05
8337.955389490888,16.319999999999986,Timer,timer_menten_prolif,0,0.05
8370.343185960204,16.329999999999984,Timer,timer_menten_prolif,0,0.05
8403.507123582158,16.339999999999982,Timer,timer_menten_prolif,0,0.05
8437.45921922661,16.349999999999984,Timer,timer_menten_prolif,0,0.05
8472.21168535706,16.359999999999985,Timer,timer_menten_prolif,0,0.05
8507.776933157162,16.369999999999983,Timer,timer_menten_prolif,0,0.05
8544.167575709012,16.37999999999998,Timer,timer_menten_prolif,0,0.05
8581.396431222538,16.389999999999983,Timer,timer_menten_prolif,0,0.05
8619.476526310966,16.399999999999984,Timer,timer_menten_prolif,0,0.05
8658.421099321105,16.409999999999982,Timer,timer_menten_prolif,0,0.05
8698.243603717883,16.41999999999998,Timer,timer_menten_prolif,0,0.05
8738.957711517738,16.429999999999982,Timer,timer_menten_prolif,0,0.05
8780.577316777304,16.439999999999984,Timer,timer_menten_prolif,0,0.05
8823.116539139388,16.44999999999998,Timer,timer_menten_prolif,0,0.05
8866.589727432744,16.45999999999998,Timer,timer_menten_prolif,0,0.05
8911.011463326287,16.46999999999998,Timer,timer_menten_prolif,0,0.05
8956.39656504356,16.479999999999983,Timer,timer_menten_prolif,0,0.05
9002.76009113666,16.48999999999998,Timer,timer_menten_prolif,0,0.05
9050.11734431396,16.49999999999998,Timer,timer_menten_prolif,0,0.05
9098.48387533161,16.50999999999998,Timer,timer_menten_prolif,0,0.05
9147.875486946305,16.519999999999982,Timer,timer_menten_prolif,0,0.05
9198.308237929434,16.52999999999998,Timer,timer_menten_prolif,0,0.05
9249.798447139792,16.539999999999978,Timer,timer_menten_prolif,0,0.05
9302.362697667852,16.54999999999998,Timer,timer_menten_prolif,0,0.05
9356.017841039007,16.55999999999998,Timer,timer_menten_prolif,0,0.05
9410.781001479605,16.56999999999998,Timer,timer_menten_prolif,0,0.05
9466.669580253209,16.579999999999977,Timer,timer_menten_prolif,0,0.05
9523.701260084068,16.58999999999998,Timer,timer_menten_prolif,0,0.05
9581.894009610245,16.59999999999998,Timer,timer_menten_prolif,0,0.05
9641.266087913038,16.609999999999978,Timer,timer_menten_prolif,0,0.05
9701.836049135203,16.619999999999976,Timer,timer_menten_prolif,0,0.05
9763.622747241383,16.629999999999978,Timer,timer_menten_prolif,0,0.05
9826.645340678282,16.63999999999998,Timer,timer_menten_prolif,0,0.05
9890.923297201492,16.649999999999977,Timer,timer_menten_prolif,0,0.05
9956.476398821032,16.659999999999975,Timer,timer_menten_prolif,0,0.05
10023.324746887563,16.669999999999977,Timer,timer_menten_prolif,0,0.05
10091.488766974426,16.67999999999998,Timer,timer_menten_prolif,0,0.05
10160.989214045165,16.689999999999976,Timer,timer_menten_prolif,0,0.05
10231.847177760177,16.699999999999974,Timer,timer_menten_prolif,0,0.05
10304.084087805328,16.709999999999976,Timer,timer_menten_prolif,0,0.05
10377.721719115863,16.719999999999978,Timer,timer_menten_prolif,0,0.05
10452.78219737739,16.729999999999976,Timer,timer_menten_prolif,0,0.05
10529.288004715434,16.739999999999974,Timer,timer_menten_prolif,0,0.05
10607.261985245364,16.749999999999975,Timer,timer_menten_prolif,0,0.05
10686.727350708505,16.759999999999977,Timer,timer_menten_prolif,0,0.05
10767.70768631361,16.769999999999975,Timer,timer_menten_prolif,0,0.05
10850.226956807292,16.779999999999973,Timer,timer_menten_prolif,0,0.05
10934.30951228617,16.789999999999974,Timer,timer_menten_prolif,0,0.05
11019.980094258008,16.799999999999976,Timer,timer_menten_prolif,0,0.05
11107.263841868902,16.809999999999974,Timer,timer_menten_prolif,0,0.05
11196.186298347537,16.819999999999972,Timer,timer_menten_prolif,0,0.05
11286.773417093864,16.829999999999973,Timer,timer_menten_prolif,0,0.05
11379.051568178016,16.839999999999975,Timer,timer_menten_prolif,0,0.05
11473.047544922007,16.849999999999973,Timer,timer_menten_prolif,0,0.05
11568.788570889152,16.85999999999997,Timer,timer_menten_prolif,0,0.05
11666.302306268411,16.869999999999973,Timer,timer_menten_prolif,0,0.05
11765.616854757289,16.879999999999974,Timer,timer_menten_prolif,0,0.05
11866.760770552974,16.889999999999972,Timer,timer_menten_prolif,0,0.05
11969.763065732977,16.89999999999997,Timer,timer_menten_prolif,0,0.05
12074.653217171628,16.90999999999997,Timer,timer_menten_prolif,0,0.05
12181.461173761465,16.919999999999973,Timer,timer_menten_prolif,0,0.05
12290.21736384484,16.92999999999997,Timer,timer_menten_prolif,0,0.05
12400.952703016308,16.93999999999997,Timer,timer_menten_prolif,0,0.05
12513.698601609893,16.94999999999997,Timer,timer_menten_prolif,0,0.05
12628.486972252107,16.959999999999972,Timer,timer_menten_prolif,0,0.05
12745.35023778559,16.96999999999997,Timer,timer_menten_prolif,0,0.05
12864.321339465463,16.97999999999997,Timer,timer_menten_prolif,0,0.05
12985.433745106926,16.98999999999997,Timer,timer_menten_prolif,0,0.05
13108.721456967352,16.99999999999997,Timer,timer_menten_prolif,0,0.05
13234.219020197865,17.00999999999997,Timer,timer_menten_prolif,0,0.05
13361.961531450914,17.019999999999968,Timer,timer_menten_prolif,0,0.05
13491.984647708505,17.02999999999997,Timer,timer_menten_prolif,0,0.05
13624.324594549194,17.03999999999997,Timer,timer_menten_prolif,0,0.05
13759.018175133177,17.04999999999997,Timer,timer_menten_prolif,0,0.05
13896.102778945033,17.059999999999967,Timer,timer_menten_prolif,0,0.05
14035.616392861511,17.06999999999997,Timer,timer_menten_prolif,0,0.05
14177.597606865671,17.07999999999997,Timer,timer_menten_prolif,0,0.05
14322.085626382399,17.089999999999968,Timer,timer_menten_prolif,0,0.05
14469.120280699262,17.099999999999966,Timer,timer_menten_prolif,0,0.05
14618.742033481976,17.109999999999967,Timer,timer_menten_prolif,0,0.05
14770.991991625364,17.11999999999997,Timer,timer_menten_prolif,0,0.05
14925.911915194945,17.129999999999967,Timer,timer_menten_prolif,0,0.05
15083.544227302957,17.139999999999965,Timer,timer_menten_prolif,0,0.05
15243.932025612363,17.149999999999967,Timer,timer_menten_prolif,0,0.05
15407.119096059421,17.159999999999968,Timer,timer_menten_prolif,0,0.05
15573.149916157254,17.169999999999966,Timer,timer_menten_prolif,0,0.05
15742.0696672228,17.179999999999964,Timer,timer_menten_prolif,0,0.05
15913.92424458506,17.189999999999966,Timer,timer_menten_prolif,0,0.05
16088.760276256171,17.199999999999967,Timer,timer_menten_prolif,0,0.05
16266.625136435963,17.209999999999965,Timer,timer_menten_prolif,0,0.05
16447.566941340367,17.219999999999963,Timer,timer_menten_prolif,0,0.05
16631.63456642703,17.229999999999965,Timer,timer_menten_prolif,0,0.05
16818.877657247693,17.239999999999966,Timer,timer_menten_prolif,0,0.05
17009.346657073824,17.249999999999964,Timer,timer_menten_prolif,0,0.05
17203.092808500278,17.259999999999962,Timer,timer_menten_prolif,0,0.05
17400.168156023446,17.269999999999964,Timer,timer_menten_prolif,0,0.05
17600.6255634072,17.279999999999966,Timer,timer_menten_prolif,0,0.05
17804.518726682494,17.289999999999964,Timer,timer_menten_prolif,0,0.05
18011.902206317754,17.29999999999996,Timer,timer_menten_prolif,0,0.05
18222.83141834848,17.309999999999963,Timer,timer_menten_prolif,0,0.05
18437.36264663357,17.319999999999965,Timer,timer_menten_prolif,0,0.05
18655.553058794707,17.329999999999963,Timer,timer_menten_prolif,0,0.05
18877.460723120534,17.33999999999996,Timer,timer_menten_prolif,0,0.05
19103.14464087748,17.349999999999962,Timer,timer_menten_prolif,0,0.05
19332.664731438465,17.359999999999964,Timer,timer_menten_prolif,0,0.05
19566.08185237304,17.369999999999962,Timer,timer_menten_prolif,0,0.05
19803.457814303903,17.37999999999996,Timer,timer_menten_prolif,0,0.05
20044.855403970207,17.38999999999996,Timer,timer_menten_prolif,0,0.05
20290.33841057343,17.399999999999963,Timer,timer_menten_prolif,0,0.05
20539.971611565263,17.40999999999996,Timer,timer_menten_prolif,0,0.05
20793.820797436998,17.41999999999996,Timer,timer_menten_prolif,0,0.05
21051.952786140344,17.42999999999996,Timer,timer_menten_prolif,0,0.05
21314.43545516386,17.439999999999962,Timer,timer_menten_prolif,0,0.05
21581.337753756852,17.44999999999996,Timer,timer_menten_prolif,0,0.05
21852.729698676194,17.459999999999958,Timer,timer_menten_prolif,0,0.05
22128.682399025784,17.46999999999996,Timer,timer_menten_prolif,0,0.05
22409.26807475372,17.47999999999996,Timer,timer_menten_prolif,0,0.05
22694.560084299184,17.48999999999996,Timer,timer_menten_prolif,0,0.05
22984.63294440034,17.499999999999957,Timer,timer_menten_prolif,0,0.05
23279.562318624732,17.50999999999996,Timer,timer_menten_prolif,0,0.05
23579.425048201767,17.51999999999996,Timer,timer_menten_prolif,0,0.05
23884.29917101749,17.52999999999996,Timer,timer_menten_prolif,0,0.05
24194.263964121157,17.539999999999957,Timer,timer_menten_prolif,0,0.05
24509.399930611704,17.549999999999958,Timer,timer_menten_prolif,0,0.05
24829.78882221752,17.55999999999996,Timer,timer_menten_prolif,0,0.05
25155.51366143325,17.569999999999958,Timer,timer_menten_prolif,0,0.05
25486.658760375143,17.579999999999956,Timer,timer_menten_prolif,0,0.05
25823.30974563852,17.589999999999957,Timer,timer_menten_prolif,0,0.05
26165.553579104955,17.59999999999996,Timer,timer_menten_prolif,0,0.05
26513.478570608564,17.609999999999957,Timer,timer_menten_prolif,0,0.05
26867.174402780493,17.619999999999955,Timer,timer_menten_prolif,0,0.05
27226.732152498123,17.629999999999956,Timer,timer_menten_prolif,0,0.05
27592.24430991435,17.639999999999958,Timer,timer_menten_prolif,0,0.05
27963.80478010301,17.649999999999956,Timer,timer_menten_prolif,0,0.05
28341.5089287014,17.659999999999954,Timer,timer_menten_prolif,0,0.05
28725.453599715787,17.669999999999956,Timer,timer_menten_prolif,0,0.05
29115.73713480557,17.679999999999957,Timer,timer_menten_prolif,0,0.05
29512.459395585844,17.689999999999955,Timer,timer_menten_prolif,0,0.05
29915.7217832385,17.699999999999953,Timer,timer_menten_prolif,0,0.05
30325.627261007437,17.709999999999955,Timer,timer_menten_prolif,0,0.05
30742.2803810567,17.719999999999956,Timer,timer_menten_prolif,0,0.05
31165.78730572038,17.729999999999954,Timer,timer_menten_prolif,0,0.05
31596.25583097546,17.739999999999952,Timer,timer_menten_prolif,0,0.05
32033.795410617568,17.749999999999954,Timer,timer_menten_prolif,0,0.05
32478.51718317371,17.759999999999955,Timer,timer_menten_prolif,0,0.05
32930.533992960925,17.769999999999953,Timer,timer_menten_prolif,0,0.05
33389.960415485744,17.77999999999995,Timer,timer_menten_prolif,0,0.05
33856.912782902866,17.789999999999953,Timer,timer_menten_prolif,0,0.05
34331.509209408105,17.799999999999955,Timer,timer_menten_prolif,0,0.05
34813.86961875246,17.809999999999953,Timer,timer_menten_prolif,0,0.05
35304.115770357654,17.81999999999995,Timer,timer_menten_prolif,0,0.05
35802.371283547734,17.829999999999952,Timer,timer_menten_prolif,0,0.05
36308.7616654518,17.839999999999954,Timer,timer_menten_prolif,0,0.05
36823.41433809705,17.84999999999995,Timer,timer_menten_prolif,0,0.05
37346.4586663017,17.85999999999995,Timer,timer_menten_prolif,0,0.05
37878.02598850609,17.86999999999995,Timer,timer_menten_prolif,0,0.05
38418.24964121997,17.879999999999953,Timer,timer_menten_prolif,0,0.05
38967.26498830324,17.88999999999995,Timer,timer_menten_prolif,0,0.05
39525.209450243136,17.89999999999995,Timer,timer_menten_prolif,0,0.05
40092.222533386856,17.90999999999995,Timer,timer_menten_prolif,0,0.05
40668.4458616435,17.919999999999952,Timer,timer_menten_prolif,0,0.05
41254.02320638644,17.92999999999995,Timer,timer_menten_prolif,0,0.05
41849.1005144548,17.939999999999948,Timer,timer_menten_prolif,0,0.05
42453.82594018856,17.94999999999995,Timer,timer_menten_prolif,0,0.05
43068.3498765635,17.95999999999995,Timer,timer_menten_prolif,0,0.05
43692.82498716222,17.96999999999995,Timer,timer_menten_prolif,0,0.05
44327.40624092289,17.979999999999947,Timer,timer_menten_prolif,0,0.05
44972.25094090739,17.98999999999995,Timer,timer_menten_prolif,0,0.05
45627.518757771206,17.99999999999995,Timer,timer_menten_prolif,0,0.05
46293.371763215335,18.00999999999995,Timer,timer_menten_prolif,0,0.05
46969.97446346952,18.019999999999946,Timer,timer_menten_prolif,0,0.05
47657.49383528023,18.029999999999948,Timer,timer_menten_prolif,0,0.05
48356.0993599981,18.03999999999995,Timer,timer_menten_prolif,0,0.05
49065.96305610284,18.049999999999947,Timer,timer_menten_prolif,0,0.05
49787.259515563186,18.059999999999945,Timer,timer_menten_prolif,0,0.05
50520.16593939379,18.069999999999947,Timer,timer_menten_prolif,0,0.05
51264.86217408095,18.07999999999995,Timer,timer_menten_prolif,0,0.05
52021.53075063793,18.089999999999947,Timer,timer_menten_prolif,0,0.05
52790.35691806032,18.099999999999945,Timer,timer_menten_prolif,0,0.05
53571.528681355616,18.109999999999946,Timer,timer_menten_prolif,0,0.05
54365.236839544516,18.119999999999948,Timer,timer_menten_prolif,0,0.05
55171.675023765485,18.129999999999946,Timer,timer_menten_prolif,0,0.05
55991.03973773655,18.139999999999944,Timer,timer_menten_prolif,0,0.05
56823.530396427785,18.149999999999945,Timer,timer_menten_prolif,0,0.05
57669.34936362479,18.159999999999947,Timer,timer_menten_prolif,0,0.05
58528.70199286878,18.169999999999945,Timer,timer_menten_prolif,0,0.05
59401.79666778052,18.179999999999943,Timer,timer_menten_prolif,0,0.05
60288.84484323024,18.189999999999944,Timer,timer_menten_prolif,0,0.05
61190.06108877287,18.199999999999946,Timer,timer_menten_prolif,0,0.05
62105.66312745385,18.209999999999944,Timer,timer_menten_prolif,0,0.05
63035.871878628364,18.219999999999942,Timer,timer_menten_prolif,0,0.05
63980.911500796414,18.229999999999944,Timer,timer_menten_prolif,0,0.05
64941.009434629355,18.239999999999945,Timer,timer_menten_prolif,0,0.05
65916.39644756331,18.249999999999943,Timer,timer_menten_prolif,0,0.05
66907.30667791265,18.25999999999994,Timer,timer_menten_prolif,0,0.05
67913.97767840608,18.269999999999943,Timer,timer_menten_prolif,0,0.05
68936.65046168127,18.279999999999944,Timer,timer_menten_prolif,0,0.05
69975.56954523892,18.289999999999942,Timer,timer_menten_prolif,0,0.05
71030.9829972071,18.29999999999994,Timer,timer_menten_prolif,0,0.05
72103.14248317585,18.309999999999942,Timer,timer_menten_prolif,0,0.05
73192.30331267735,18.319999999999943,Timer,timer_menten_prolif,0,0.05
74298.72448695108,18.32999999999994,Timer,timer_menten_prolif,0,0.05
75422.6687468543,18.33999999999994,Timer,timer_menten_prolif,0,0.05
76564.40262034583,18.34999999999994,Timer,timer_menten_prolif,0,0.05
77724.19647146302,18.359999999999943,Timer,timer_menten_prolif,0,0.05
78902.32454940444,18.36999999999994,Timer,timer_menten_prolif,0,0.05
80099.0650380929,18.37999999999994,Timer,timer_menten_prolif,0,0.05
81314.70010628246,18.38999999999994,Timer,timer_menten_prolif,0,0.05
82549.51595803461,18.39999999999994,Timer,timer_menten_prolif,0,0.05
83803.80288367913,18.40999999999994,Timer,timer_menten_prolif,0,0.05
85077.85531123864,18.419999999999938,Timer,timer_menten_prolif,0,0.05
86371.97185831674,18.42999999999994,Timer,timer_menten_prolif,0,0.05
87686.45538444191,18.43999999999994,Timer,timer_menten_prolif,0,0.05
89021.613043797,18.44999999999994,Timer,timer_menten_prolif,0,0.05
90377.75633840749,18.459999999999937,Timer,timer_menten_prolif,0,0.05
91755.20117198335,18.46999999999994,Timer,timer_menten_prolif,0,0.05
93154.26790402908,18.47999999999994,Timer,timer_menten_prolif,0,0.05
94575.28140428694,18.489999999999938,Timer,timer_menten_prolif,0,0.05
96018.57110759526,18.499999999999936,Timer,timer_menten_prolif,0,0.05
97484.47106972351,18.509999999999938,Timer,timer_menten_prolif,0,0.05
98973.3200231728,18.51999999999994,Timer,timer_menten_prolif,0,0.05
100485.46143330623,18.529999999999937,Timer,timer_menten_prolif,0,0.05
102021.24355481006,18.539999999999935,Timer,timer_menten_prolif,0,0.05
103581.01948945713,18.549999999999937,Timer,timer_menten_prolif,0,0.05
105165.1472435472,18.55999999999994,Timer,timer_menten_prolif,0,0.05
106773.98978565498,18.569999999999936,Timer,timer_menten_prolif,0,0.05
108407.91510457476,18.579999999999934,Timer,timer_menten_prolif,0,0.05
110067.29626898932,18.589999999999936,Timer,timer_menten_prolif,0,0.05
111752.51148645708,18.599999999999937,Timer,timer_menten_prolif,0,0.05
113463.94416203583,18.609999999999935,Timer,timer_menten_prolif,0,0.05
115201.98296079687,18.619999999999933,Timer,timer_menten_prolif,0,0.05
116967.02186311534,18.629999999999935,Timer,timer_menten_prolif,0,0.05
118759.46023096712,18.639999999999937,Timer,timer_menten_prolif,0,0.05
120579.70286612595,18.649999999999935,Timer,timer_menten_prolif,0,0.05
122428.16007105554,18.659999999999933,Timer,timer_menten_prolif,0,0.05
124305.24771184193,18.669999999999934,Timer,timer_menten_prolif,0,0.05
126211.38727994151,18.679999999999936,Timer,timer_menten_prolif,0,0.05
128147.00595500263,18.689999999999934,Timer,timer_menten_prolif,0,0.05
130112.53666567973,18.699999999999932,Timer,timer_menten_prolif,0,0.05
132108.4181530152,18.709999999999933,Timer,timer_menten_prolif,0,0.05
134135.0950380388,18.719999999999935,Timer,timer_menten_prolif,0,0.05
136193.01787907712,18.729999999999933,Timer,timer_menten_prolif,0,0.05
138282.64323656223,18.73999999999993,Timer,timer_menten_prolif,0,0.05
140404.43374337506,18.749999999999932,Timer,timer_menten_prolif,0,0.05
142558.85816198165,18.759999999999934,Timer,timer_menten_prolif,0,0.05
144746.3914495062,18.769999999999932,Timer,timer_menten_prolif,0,0.05
146967.5148283292,18.77999999999993,Timer,timer_menten_prolif,0,0.05
149222.71584529176,18.78999999999993,Timer,timer_menten_prolif,0,0.05
151512.48843661288,18.799999999999933,Timer,timer_menten_prolif,0,0.05
153837.33299816606,18.80999999999993,Timer,timer_menten_prolif,0,0.05
156197.7564467216,18.81999999999993,Timer,timer_menten_prolif,0,0.05
158594.272284774,18.82999999999993,Timer,timer_menten_prolif,0,0.05
161027.40067012794,18.839999999999932,Timer,timer_menten_prolif,0,0.05
163497.6684789674,18.84999999999993,Timer,timer_menten_prolif,0,0.05
166005.6093707016,18.85999999999993,Timer,timer_menten_prolif,0,0.05
168551.7638565415,18.86999999999993,Timer,timer_menten_prolif,0,0.05
171136.67936404434,18.87999999999993,Timer,timer_menten_prolif,0,0.05
173760.9104093156,18.88999999999993,Timer,timer_menten_prolif,0,0.05
176425.01814099244,18.899999999999928,Timer,timer_menten_prolif,0,0.05
179129.57141484765,18.90999999999993,Timer,timer_menten_prolif,0,0.05
181875.14591216855,18.91999999999993,Timer,timer_menten_prolif,0,0.05
184662.32463161327,18.92999999999993,Timer,timer_menten_prolif,0,0.05
187491.6978872334,18.939999999999927,Timer,timer_menten_prolif,0,0.05
190363.8633322423,18.94999999999993,Timer,timer_menten_prolif,0,0.05
193279.4261728716,18.95999999999993,Timer,timer_menten_prolif,0,0.05
196238.99897304637,18.969999999999928,Timer,timer_menten_prolif,0,0.05
199243.20190006518,18.979999999999926,Timer,timer_menten_prolif,0,0.05
202292.66290709964,18.989999999999927,Timer,timer_menten_prolif,0,0.05
205388.01740450333,18.99999999999993,Timer,timer_menten_prolif,0,0.05
208529.90879709244,19.009999999999927,Timer,timer_menten_prolif,0,0.05
211718.98821715504,19.019999999999925,Timer,timer_menten_prolif,0,0.05
214955.9146011643,19.029999999999927,Timer,timer_menten_prolif,0,0.05
218241.35507509898,19.039999999999928,Timer,timer_menten_prolif,0,0.05
221575.98453235516,19.049999999999926,Timer,timer_menten_prolif,0,0.05
224960.48605749718,19.059999999999924,Timer,timer_menten_prolif,0,0.05
228395.55092535974,19.069999999999926,Timer,timer_menten_prolif,0,0.05
231881.87856390304,19.079999999999927,Timer,timer_menten_prolif,0,0.05
235420.17668090813,19.089999999999925,Timer,timer_menten_prolif,0,0.05
239011.1612544927,19.099999999999923,Timer,timer_menten_prolif,0,0.05
242655.5567327614,19.109999999999925,Timer,timer_menten_prolif,0,0.05
246354.09590699288,19.119999999999926,Timer,timer_menten_prolif,0,0.05
250107.52017291676,19.129999999999924,Timer,timer_menten_prolif,0,0.05
253916.57937324297,19.139999999999922,Timer,timer_menten_prolif,0,0.05
257782.0320725636,19.149999999999924,Timer,timer_menten_prolif,0,0.05
261704.6453953042,19.159999999999926,Timer,timer_menten_prolif,0,0.05
265685.1952783166,19.169999999999924,Timer,timer_menten_prolif,0,0.05
269724.4663767332,19.17999999999992,Timer,timer_menten_prolif,0,0.05
273823.25222394743,19.189999999999923,Timer,timer_menten_prolif,0,0.05
277982.35517220513,19.199999999999925,Timer,timer_menten_prolif,0,0.05
282202.5865665926,19.209999999999923,Timer,timer_menten_prolif,0,0.05
286484.766670829,19.21999999999992,Timer,timer_menten_prolif,0,0.05
290829.7248341619,19.229999999999922,Timer,timer_menten_prolif,0,0.05
295238.29942317895,19.239999999999924,Timer,timer_menten_prolif,0,0.05
299711.33797674364,19.249999999999922,Timer,timer_menten_prolif,0,0.05
304249.69718834903,19.25999999999992,Timer,timer_menten_prolif,0,0.05
308854.2430334694,19.26999999999992,Timer,timer_menten_prolif,0,0.05
313525.8505416203,19.279999999999923,Timer,timer_menten_prolif,0,0.05
318265.4039593808,19.28999999999992,Timer,timer_menten_prolif,0,0.05
323073.7972360656,19.29999999999992,Timer,timer_menten_prolif,0,0.05
327951.933464698,19.30999999999992,Timer,timer_menten_prolif,0,0.05
332900.72497053165,19.319999999999922,Timer,timer_menten_prolif,0,0.05
337921.09375250735,19.32999999999992,Timer,timer_menten_prolif,0,0.05
343013.97128579835,19.339999999999918,Timer,timer_menten_prolif,0,0.05
348180.2983234629,19.34999999999992,Timer,timer_menten_prolif,0,0.05
353421.0251750205,19.35999999999992,Timer,timer_menten_prolif,0,0.05
358737.11191474984,19.36999999999992,Timer,timer_menten_prolif,0,0.05
364129.5279605864,19.379999999999917,Timer,timer_menten_prolif,0,0.05
369599.25222207163,19.38999999999992,Timer,timer_menten_prolif,0,0.05
375147.2735702385,19.39999999999992,Timer,timer_menten_prolif,0,0.05
380774.5901778831,19.40999999999992,Timer,timer_menten_prolif,0,0.05
386482.2098846142,19.419999999999916,Timer,timer_menten_prolif,0,0.05
392271.15024115425,19.429999999999918,Timer,timer_menten_prolif,0,0.05
398142.4384494722,19.43999999999992,Timer,timer_menten_prolif,0,0.05
404097.1113027718,19.449999999999918,Timer,timer_menten_prolif,0,0.05
410136.21527518315,19.459999999999916,Timer,timer_menten_prolif,0,0.05
416260.80655064405,19.469999999999917,Timer,timer_menten_prolif,0,0.05
422471.9508422908,19.47999999999992,Timer,timer_menten_prolif,0,0.05
428770.7234004496,19.489999999999917,Timer,timer_menten_prolif,0,0.05
435158.209327413,19.499999999999915,Timer,timer_menten_prolif,0,0.05
441635.5034500988,19.509999999999916,Timer,timer_menten_prolif,0,0.05
448203.7103383861,19.519999999999918,Timer,timer_menten_prolif,0,0.05
454863.94397300587,19.529999999999916,Timer,timer_menten_prolif,0,0.05
461617.32735168654,19.539999999999914,Timer,timer_menten_prolif,0,0.05
468464.99345476634,19.549999999999915,Timer,timer_menten_prolif,0,0.05
475408.08484870335,19.559999999999917,Timer,timer_menten_prolif,0,0.05
482447.75366386806,19.569999999999915,Timer,timer_menten_prolif,0,0.05
489585.1615095183,19.579999999999913,Timer,timer_menten_prolif,0,0.05
496821.47887339006,19.589999999999915,Timer,timer_menten_prolif,0,0.05
504157.8858956578,19.599999999999916,Timer,timer_menten_prolif,0,0.05
511595.57210189954,19.609999999999914,Timer,timer_menten_prolif,0,0.05
519135.7361651069,19.619999999999912,Timer,timer_menten_prolif,0,0.05
526779.5859939458,19.629999999999914,Timer,timer_menten_prolif,0,0.05
534528.338619962,19.639999999999915,Timer,timer_menten_prolif,0,0.05
542383.2201352858,19.649999999999913,Timer,timer_menten_prolif,0,0.05
550345.4656245024,19.65999999999991,Timer,timer_menten_prolif,0,0.05
558416.3190881943,19.669999999999913,Timer,timer_menten_prolif,0,0.05
566597.0333585964,19.679999999999914,Timer,timer_menten_prolif,0,0.05
574888.8702089651,19.689999999999912,Timer,timer_menten_prolif,0,0.05
583293.0998541479,19.69999999999991,Timer,timer_menten_prolif,0,0.05
591811.0009639753,19.709999999999912,Timer,timer_menten_prolif,0,0.05
600443.8607770386,19.719999999999914,Timer,timer_menten_prolif,0,0.05
609192.9753487607,19.72999999999991,Timer,timer_menten_prolif,0,0.05
618059.648614839,19.73999999999991,Timer,timer_menten_prolif,0,0.05
627045.1922284749,19.74999999999991,Timer,timer_menten_prolif,0,0.05
636150.925468509,19.759999999999913,Timer,timer_menten_prolif,0,0.05
645378.1785020891,19.76999999999991,Timer,timer_menten_prolif,0,0.05
654728.2824905645,19.77999999999991,Timer,timer_menten_prolif,0,0.05
664202.584067095,19.78999999999991,Timer,timer_menten_prolif,0,0.05
673802.4330152927,19.799999999999912,Timer,timer_menten_prolif,0,0.05
683529.1863132066,19.80999999999991,Timer,timer_menten_prolif,0,0.05
693384.2099975275,19.819999999999908,Timer,timer_menten_prolif,0,0.05
703368.8752495258,19.82999999999991,Timer,timer_menten_prolif,0,0.05
713484.5598601997,19.83999999999991,Timer,timer_menten_prolif,0,0.05
723732.6517658026,19.84999999999991,Timer,timer_menten_prolif,0,0.05
734114.5455274904,19.859999999999907,Timer,timer_menten_prolif,0,0.05
744631.6361743347,19.86999999999991,Timer,timer_menten_prolif,0,0.05
755285.3278141995,19.87999999999991,Timer,timer_menten_prolif,0,0.05
766077.0314954554,19.889999999999908,Timer,timer_menten_prolif,0,0.05
777008.1629549663,19.899999999999906,Timer,timer_menten_prolif,0,0.05
788080.1425202948,19.909999999999908,Timer,timer_menten_prolif,0,0.05
799294.3967048049,19.91999999999991,Timer,timer_menten_prolif,0,0.05
810652.3567343316,19.929999999999907,Timer,timer_menten_prolif,0,0.05
822155.4586117729,19.939999999999905,Timer,timer_menten_prolif,0,0.05
833805.1427602461,19.949999999999907,Timer,timer_menten_prolif,0,0.05
845602.8537659465,19.95999999999991,Timer,timer_menten_prolif,0,0.05
857550.0401813315,19.969999999999906,Timer,timer_menten_prolif,0,0.05
869648.1542508556,19.979999999999905,Timer,timer_menten_prolif,0,0.05
881898.6515709595,19.989999999999906,Timer,timer_menten_prolif,0,0.05
894302.9908845832,19.999999999999908,Timer,timer_menten_prolif,0,0.05
906862.6336507271,20.009999999999906,Timer,timer_menten_prolif,0,0.05
919579.0438589854,20.019999999999904,Timer,timer_menten_prolif,0,0.05
932453.6876095757,20.029999999999905,Timer,timer_menten_prolif,0,0.05
945488.0326333209,20.039999999999907,Timer,timer_menten_prolif,0,0.05
958683.5487115198,20.049999999999905,Timer,timer_menten_prolif,0,0.05
972041.7068884366,20.059999999999903,Timer,timer_menten_prolif,0,0.05
985563.9775395449,20.069999999999904,Timer,timer_menten_prolif,0,0.05
999251.8337504889,20.079999999999906,Timer,timer_menten_prolif,0,0.05
1013106.7490551926,20.089999999999904,Timer,timer_menten_prolif,0,0.05
1027130.1934882705,20.099999999999902,Timer,timer_menten_prolif,0,0.05
1041323.6388174166,20.109999999999904,Timer,timer_menten_prolif,0,0.05
1055688.5569018428,20.119999999999905,Timer,timer_menten_prolif,0,0.05
1070226.4155861821,20.129999999999903,Timer,timer_menten_prolif,0,0.05
1084938.681804323,20.1399999999999,Timer,timer_menten_prolif,0,0.05
1099826.8204297926,20.149999999999903,Timer,timer_menten_prolif,0,0.05
1114892.2936483112,20.159999999999904,Timer,timer_menten_prolif,0,0.05
1130136.5605691334,20.169999999999902,Timer,timer_menten_prolif,0,0.05
1145561.0767702,20.1799999999999,Timer,timer_menten_prolif,0,0.05
1161167.2938348355,20.189999999999902,Timer,timer_menten_prolif,0,0.05
1176956.6588980788,20.199999999999903,Timer,timer_menten_prolif,0,0.05
1192930.6141794028,20.2099999999999,Timer,timer_menten_prolif,0,0.05
1209090.5960245782,20.2199999999999,Timer,timer_menten_prolif,0,0.05
1225438.032865229,20.2299999999999,Timer,timer_menten_prolif,0,0.05
1241974.3535051749,20.239999999999903,Timer,timer_menten_prolif,0,0.05
1258700.9727083328,20.2499999999999,Timer,timer_menten_prolif,0,0.05
1275619.3020436668,20.2599999999999,Timer,timer_menten_prolif,0,0.05
1292730.7454720996,20.2699999999999,Timer,timer_menten_prolif,0,0.05
1310036.6928302436,20.2799999999999,Timer,timer_menten_prolif,0,0.05
1327538.5353126351,20.2899999999999,Timer,timer_menten_prolif,0,0.05
1345237.6406692665,20.299999999999898,Timer,timer_menten_prolif,0,0.05
1363135.383236574,20.3099999999999,Timer,timer_menten_prolif,0,0.05
1381233.1151073072,20.3199999999999,Timer,timer_menten_prolif,0,0.05
1399532.1796351864,20.3299999999999,Timer,timer_menten_prolif,0,0.05
1418033.9255053368,20.339999999999897,Timer,timer_menten_prolif,0,0.05
1436739.6061903276,20.3499999999999,Timer,timer_menten_prolif,0,0.05
1455650.5891453996,20.3599999999999,Timer,timer_menten_prolif,0,0.05
1474768.164433318,20.369999999999898,Timer,timer_menten_prolif,0,0.05
1494093.5974716046,20.379999999999896,Timer,timer_menten_prolif,0,0.05
1513628.264467451,20.389999999999898,Timer,timer_menten_prolif,0,0.05
1533373.0824299746,20.3999999999999,Timer,timer_menten_prolif,0,0.05
1553329.628996347,20.409999999999897,Timer,timer_menten_prolif,0,0.05
1573498.9501426418,20.419999999999895,Timer,timer_menten_prolif,0,0.05
1593882.311419262,20.429999999999897,Timer,timer_menten_prolif,0,0.05
1614480.8707496491,20.4399999999999,Timer,timer_menten_prolif,0,0.05
1635295.860921361,20.449999999999896,Timer,timer_menten_prolif,0,0.05
1656328.2070903485,20.459999999999894,Timer,timer_menten_prolif,0,0.05
1677579.2546745327,20.469999999999896,Timer,timer_menten_prolif,0,0.05
1699050.0015729216,20.479999999999897,Timer,timer_menten_prolif,0,0.05
1720741.5624917517,20.489999999999895,Timer,timer_menten_prolif,0,0.05
1742654.9931895048,20.499999999999893,Timer,timer_menten_prolif,0,0.05
1764791.3032993716,20.509999999999895,Timer,timer_menten_prolif,0,0.05
1787151.5408228722,20.519999999999897,Timer,timer_menten_prolif,0,0.05
1809736.6790739752,20.529999999999895,Timer,timer_menten_prolif,0,0.05
1832547.6079369416,20.539999999999893,Timer,timer_menten_prolif,0,0.05
1855585.3409617823,20.549999999999894,Timer,timer_menten_prolif,0,0.05
1878850.8017993094,20.559999999999896,Timer,timer_menten_prolif,0,0.05
1902344.842033619,20.569999999999894,Timer,timer_menten_prolif,0,0.05
1926068.314029809,20.57999999999989,Timer,timer_menten_prolif,0,0.05
1950022.0539539629,20.589999999999893,Timer,timer_menten_prolif,0,0.05
1974206.8596212019,20.599999999999895,Timer,timer_menten_prolif,0,0.05
1998623.5327058118,20.609999999999893,Timer,timer_menten_prolif,0,0.05
2023272.699580912,20.61999999999989,Timer,timer_menten_prolif,0,0.05
2048155.1777788927,20.629999999999892,Timer,timer_menten_prolif,0,0.05
2073271.58799238,20.639999999999894,Timer,timer_menten_prolif,0,0.05
2098622.5894348323,20.649999999999892,Timer,timer_menten_prolif,0,0.05
2124208.796251416,20.65999999999989,Timer,timer_menten_prolif,0,0.05
2150030.7357899486,20.66999999999989,Timer,timer_menten_prolif,0,0.05
2176088.9901468605,20.679999999999893,Timer,timer_menten_prolif,0,0.05
2202384.0362907164,20.68999999999989,Timer,timer_menten_prolif,0,0.05
2228916.34655294,20.69999999999989,Timer,timer_menten_prolif,0,0.05
2255686.3462119414,20.70999999999989,Timer,timer_menten_prolif,0,0.05
2282694.4239508933,20.719999999999892,Timer,timer_menten_prolif,0,0.05
2309940.929440886,20.72999999999989,Timer,timer_menten_prolif,0,0.05
2337426.1707219444,20.73999999999989,Timer,timer_menten_prolif,0,0.05
2365150.40488926,20.74999999999989,Timer,timer_menten_prolif,0,0.05
2393113.878206388,20.75999999999989,Timer,timer_menten_prolif,0,0.05
2421316.7703613658,20.76999999999989,Timer,timer_menten_prolif,0,0.05
2449759.2333972743,20.779999999999887,Timer,timer_menten_prolif,0,0.05
2478441.3614089773,20.78999999999989,Timer,timer_menten_prolif,0,0.05
2507363.2113670222,20.79999999999989,Timer,timer_menten_prolif,0,0.05
2536524.7950811842,20.80999999999989,Timer,timer_menten_prolif,0,0.05
2565926.0598135623,20.819999999999887,Timer,timer_menten_prolif,0,0.05
2595566.9360134285,20.829999999999888,Timer,timer_menten_prolif,0,0.05
2625447.3156066723,20.83999999999989,Timer,timer_menten_prolif,0,0.05
2655567.016212945,20.849999999999888,Timer,timer_menten_prolif,0,0.05
2685925.8358391994,20.859999999999886,Timer,timer_menten_prolif,0,0.05
2716523.499787384,20.869999999999887,Timer,timer_menten_prolif,0,0.05
2747359.6738028084,20.87999999999989,Timer,timer_menten_prolif,0,0.05
2778434.0014908854,20.889999999999887,Timer,timer_menten_prolif,0,0.05
2809746.0653499514,20.899999999999885,Timer,timer_menten_prolif,0,0.05
2841295.382550782,20.909999999999886,Timer,timer_menten_prolif,0,0.05
2873081.4367441284,20.919999999999888,Timer,timer_menten_prolif,0,0.05
2905103.6549983453,20.929999999999886,Timer,timer_menten_prolif,0,0.05
2937361.416116527,20.939999999999884,Timer,timer_menten_prolif,0,0.05
2969854.0270334254,20.949999999999886,Timer,timer_menten_prolif,0,0.05
3002580.7413088405,20.959999999999887,Timer,timer_menten_prolif,0,0.05
3035540.7869465784,20.969999999999885,Timer,timer_menten_prolif,0,0.05
3068733.3275309633,20.979999999999883,Timer,timer_menten_prolif,0,0.05
3102157.46986671,20.989999999999885,Timer,timer_menten_prolif,0,0.05
3135812.257287556,20.999999999999886,Timer,timer_menten_prolif,0,0.05
3169696.678578425,21.009999999999884,Timer,timer_menten_prolif,0,0.05
3203809.666501086,21.019999999999882,Timer,timer_menten_prolif,0,0.05
3238150.097095549,21.029999999999884,Timer,timer_menten_prolif,0,0.05
3272716.786270951,21.039999999999885,Timer,timer_menten_prolif,0,0.05
3307508.497614142,21.049999999999883,Timer,timer_menten_prolif,0,0.05
3342523.9461487806,21.05999999999988,Timer,timer_menten_prolif,0,0.05
3377761.7794774855,21.069999999999883,Timer,timer_menten_prolif,0,0.05
3413220.5779572483,21.079999999999885,Timer,timer_menten_prolif,0,0.05
3448898.8633224773,21.089999999999883,Timer,timer_menten_prolif,0,0.05
3484795.093623684,21.09999999999988,Timer,timer_menten_prolif,0,0.05
3520907.6782628708,21.109999999999882,Timer,timer_menten_prolif,0,0.05
3557234.967224734,21.119999999999884,Timer,timer_menten_prolif,0,0.05
3593775.2482612915,21.12999999999988,Timer,timer_menten_prolif,0,0.05
3630526.7530506295,21.13999999999988,Timer,timer_menten_prolif,0,0.05
3667487.648123704,21.14999999999988,Timer,timer_menten_prolif,0,0.05
3704656.0418741843,21.159999999999883,Timer,timer_menten_prolif,0,0.05
3742029.9802356665,21.16999999999988,Timer,timer_menten_prolif,0,0.05
3779607.449393672,21.17999999999988,Timer,timer_menten_prolif,0,0.05
3817386.374440948,21.18999999999988,Timer,timer_menten_prolif,0,0.05
3855364.6204741914,21.199999999999882,Timer,timer_menten_prolif,0,0.05
3893539.99180058,21.20999999999988,Timer,timer_menten_prolif,0,0.05
3931910.2324615354,21.219999999999878,Timer,timer_menten_prolif,0,0.05
3970473.025827381,21.22999999999988,Timer,timer_menten_prolif,0,0.05
4009225.9952897187,21.23999999999988,Timer,timer_menten_prolif,0,0.05
4048166.7034610542,21.24999999999988,Timer,timer_menten_prolif,0,0.05
4087292.6533544594,21.259999999999877,Timer,timer_menten_prolif,0,0.05
4126601.287988078,21.26999999999988,Timer,timer_menten_prolif,0,0.05
4166089.9899012977,21.27999999999988,Timer,timer_menten_prolif,0,0.05
4205756.084160193,21.28999999999988,Timer,timer_menten_prolif,0,0.05
4245596.833953336,21.299999999999876,Timer,timer_menten_prolif,0,0.05
4285609.446019166,21.309999999999878,Timer,timer_menten_prolif,0,0.05
4325791.067464278,21.31999999999988,Timer,timer_menten_prolif,0,0.05
4366138.787313875,21.329999999999878,Timer,timer_menten_prolif,0,0.05
4406649.641406834,21.339999999999876,Timer,timer_menten_prolif,0,0.05
4447320.599357133,21.349999999999877,Timer,timer_menten_prolif,0,0.05
4488148.574830275,21.35999999999988,Timer,timer_menten_prolif,0,0.05
4529130.43821524,21.369999999999877,Timer,timer_menten_prolif,0,0.05
4570262.990938868,21.379999999999875,Timer,timer_menten_prolif,0,0.05
4611542.976532718,21.389999999999876,Timer,timer_menten_prolif,0,0.05
4652967.090569394,21.399999999999878,Timer,timer_menten_prolif,0,0.05
4694531.9860600075,21.409999999999876,Timer,timer_menten_prolif,0,0.05
4736234.238335271,21.419999999999874,Timer,timer_menten_prolif,0,0.05
4778070.374917435,21.429999999999875,Timer,timer_menten_prolif,0,0.05
4820036.897199022,21.439999999999877,Timer,timer_menten_prolif,0,0.05
4862130.22775731,21.449999999999875,Timer,timer_menten_prolif,0,0.05
4904346.738131923,21.459999999999873,Timer,timer_menten_prolif,0,0.05
4946682.761235103,21.469999999999875,Timer,timer_menten_prolif,0,0.05
4989134.594236595,21.479999999999876,Timer,timer_menten_prolif,0,0.05
5031698.454076813,21.489999999999874,Timer,timer_menten_prolif,0,0.05
5074370.517255623,21.499999999999872,Timer,timer_menten_prolif,0,0.05
5117146.941397741,21.509999999999874,Timer,timer_menten_prolif,0,0.05
5160023.8114952,21.519999999999875,Timer,timer_menten_prolif,0,0.05
5202997.169890294,21.529999999999873,Timer,timer_menten_prolif,0,0.05
5246063.038177446,21.53999999999987,Timer,timer_menten_prolif,0,0.05
5289217.3690503985,21.549999999999873,Timer,timer_menten_prolif,0,0.05
5332456.080687329,21.559999999999874,Timer,timer_menten_prolif,0,0.05
5375775.067627653,21.569999999999872,Timer,timer_menten_prolif,0,0.05
5419170.160321337,21.57999999999987,Timer,timer_menten_prolif,0,0.05
5462637.160546564,21.589999999999872,Timer,timer_menten_prolif,0,0.05
5506171.84660917,21.599999999999874,Timer,timer_menten_prolif,0,0.05
5549769.93577515,21.60999999999987,Timer,timer_menten_prolif,0,0.05
5593427.1241449,21.61999999999987,Timer,timer_menten_prolif,0,0.05
5637139.085084798,21.62999999999987,Timer,timer_menten_prolif,0,0.05
5680901.431995021,21.639999999999873,Timer,timer_menten_prolif,0,0.05
5724709.769067811,21.64999999999987,Timer,timer_menten_prolif,0,0.05
5768559.66929346,21.65999999999987,Timer,timer_menten_prolif,0,0.05
5812446.661650702,21.66999999999987,Timer,timer_menten_prolif,0,0.05
5856366.254327269,21.679999999999872,Timer,timer_menten_prolif,0,0.05
5900313.939234491,21.68999999999987,Timer,timer_menten_prolif,0,0.05
5944285.1750771785,21.699999999999868,Timer,timer_menten_prolif,0,0.05
5988275.403284994,21.70999999999987,Timer,timer_menten_prolif,0,0.05
6032280.034396728,21.71999999999987,Timer,timer_menten_prolif,0,0.05
6076294.465843395,21.72999999999987,Timer,timer_menten_prolif,0,0.05
6120314.080512766,21.739999999999867,Timer,timer_menten_prolif,0,0.05
6164334.238800161,21.74999999999987,Timer,timer_menten_prolif,0,0.05
6208350.2750979345,21.75999999999987,Timer,timer_menten_prolif,0,0.05
6252357.522975298,21.769999999999868,Timer,timer_menten_prolif,0,0.05
6296351.297488173,21.779999999999866,Timer,timer_menten_prolif,0,0.05
6340326.8985786345,21.789999999999868,Timer,timer_menten_prolif,0,0.05
6384279.617156137,21.79999999999987,Timer,timer_menten_prolif,0,0.05
6428204.733536867,21.809999999999867,Timer,timer_menten_prolif,0,0.05
6472097.5223138295,21.819999999999865,Timer,timer_menten_prolif,0,0.05
6515953.253376411,21.829999999999867,Timer,timer_menten_prolif,0,0.05
6559767.1873181015,21.83999999999987,Timer,timer_menten_prolif,0,0.05
6603534.583163679,21.849999999999866,Timer,timer_menten_prolif,0,0.05
6647250.70378433,21.859999999999864,Timer,timer_menten_prolif,0,0.05
6690910.805324661,21.869999999999866,Timer,timer_menten_prolif,0,0.05
6734510.147602846,21.879999999999868,Timer,timer_menten_prolif,0,0.05
6778043.993441455,21.889999999999866,Timer,timer_menten_prolif,0,0.05
6821507.610656181,21.899999999999864,Timer,timer_menten_prolif,0,0.05
6864896.272533257,21.909999999999865,Timer,timer_menten_prolif,0,0.05
6908205.260136174,21.919999999999867,Timer,timer_menten_prolif,0,0.05
6951429.863604448,21.929999999999865,Timer,timer_menten_prolif,0,0.05
6994565.375708489,21.939999999999863,Timer,timer_menten_prolif,0,0.05
7037607.093495538,21.949999999999864,Timer,timer_menten_prolif,0,0.05
7080550.403080612,21.959999999999866,Timer,timer_menten_prolif,0,0.05
7123390.5955553185,21.969999999999864,Timer,timer_menten_prolif,0,0.05
7166123.032568306,21.979999999999862,Timer,timer_menten_prolif,0,0.05
7208743.08974722,21.989999999999863,Timer,timer_menten_prolif,0,0.05
7251246.169017535,21.999999999999865,Timer,timer_menten_prolif,0,0.05
7293627.677989917,22.009999999999863,Timer,timer_menten_prolif,0,0.05
7335883.042480355,22.01999999999986,Timer,timer_menten_prolif,0,0.05
7378007.730118943,22.029999999999863,Timer,timer_menten_prolif,0,0.05
7419997.215044284,22.039999999999864,Timer,timer_menten_prolif,0,0.05
7461847.014280029,22.049999999999862,Timer,timer_menten_prolif,0,0.05
7503552.661770143,22.05999999999986,Timer,timer_menten_prolif,0,0.05
7545109.724363249,22.06999999999986,Timer,timer_menten_prolif,0,0.05
7586513.801456822,22.079999999999863,Timer,timer_menten_prolif,0,0.05
7627760.5147095695,22.08999999999986,Timer,timer_menten_prolif,0,0.05
7668845.53454054,22.09999999999986,Timer,timer_menten_prolif,0,0.05
7709764.545887707,22.10999999999986,Timer,timer_menten_prolif,0,0.05
7750513.284558792,22.119999999999862,Timer,timer_menten_prolif,0,0.05
7791087.516761118,22.12999999999986,Timer,timer_menten_prolif,0,0.05
7831483.040145617,22.13999999999986,Timer,timer_menten_prolif,0,0.05
7871695.698569916,22.14999999999986,Timer,timer_menten_prolif,0,0.05
7911721.377136983,22.15999999999986,Timer,timer_menten_prolif,0,0.05
7951556.001563637,22.16999999999986,Timer,timer_menten_prolif,0,0.05
7991195.537887607,22.179999999999858,Timer,timer_menten_prolif,0,0.05
8030635.996203558,22.18999999999986,Timer,timer_menten_prolif,0,0.05
8069873.439272978,22.19999999999986,Timer,timer_menten_prolif,0,0.05
8108903.968477802,22.20999999999986,Timer,timer_menten_prolif,0,0.05
8147723.728196319,22.219999999999857,Timer,timer_menten_prolif,0,0.05
8186328.920157084,22.22999999999986,Timer,timer_menten_prolif,0,0.05
8224715.789556598,22.23999999999986,Timer,timer_menten_prolif,0,0.05
8262880.62845315,22.249999999999858,Timer,timer_menten_prolif,0,0.05
8300819.783007983,22.259999999999856,Timer,timer_menten_prolif,0,0.05
8338529.649553785,22.269999999999857,Timer,timer_menten_prolif,0,0.05
8376006.677464107,22.27999999999986,Timer,timer_menten_prolif,0,0.05
8413247.368127719,22.289999999999857,Timer,timer_menten_prolif,0,0.05
8450248.277622182,22.299999999999855,Timer,timer_menten_prolif,0,0.05
8487006.017636493,22.309999999999857,Timer,timer_menten_prolif,0,0.05
8523517.25545729,22.319999999999858,Timer,timer_menten_prolif,0,0.05
8559778.714964803,22.329999999999856,Timer,timer_menten_prolif,0,0.05
8595787.175145859,22.339999999999854,Timer,timer_menten_prolif,0,0.05
8631539.4760112,22.349999999999856,Timer,timer_menten_prolif,0,0.05
8667032.515130043,22.359999999999857,Timer,timer_menten_prolif,0,0.05
8702263.245678257,22.369999999999855,Timer,timer_menten_prolif,0,0.05
8737228.684546772,22.379999999999853,Timer,timer_menten_prolif,0,0.05
8771925.907589806,22.389999999999855,Timer,timer_menten_prolif,0,0.05
8806352.048740247,22.399999999999856,Timer,timer_menten_prolif,0,0.05
8840504.305834593,22.409999999999854,Timer,timer_menten_prolif,0,0.05
8874379.937565524,22.419999999999852,Timer,timer_menten_prolif,0,0.05
8907976.263044579,22.429999999999854,Timer,timer_menten_prolif,0,0.05
8941290.665594386,22.439999999999856,Timer,timer_menten_prolif,0,0.05
8974320.591094704,22.449999999999854,Timer,timer_menten_prolif,0,0.05
9007063.546628037,22.45999999999985,Timer,timer_menten_prolif,0,0.05
9039517.10492981,22.469999999999853,Timer,timer_menten_prolif,0,0.05
9071678.902240168,22.479999999999855,Timer,timer_menten_prolif,0,0.05
9103546.636550773,22.489999999999853,Timer,timer_menten_prolif,0,0.05
9135118.072367841,22.49999999999985,Timer,timer_menten_prolif,0,0.05
9166391.038069487,22.509999999999852,Timer,timer_menten_prolif,0,0.05
9197363.425254906,22.519999999999854,Timer,timer_menten_prolif,0,0.05
9228033.191240087,22.529999999999852,Timer,timer_menten_prolif,0,0.05
9258398.357732484,22.53999999999985,Timer,timer_menten_prolif,0,0.05
9288457.010871608,22.54999999999985,Timer,timer_menten_prolif,0,0.05
9318207.301239073,22.559999999999853,Timer,timer_menten_prolif,0,0.05
9347647.445570821,22.56999999999985,Timer,timer_menten_prolif,0,0.05
9376775.72393839,22.57999999999985,Timer,timer_menten_prolif,0,0.05
9405590.481829792,22.58999999999985,Timer,timer_menten_prolif,0,0.05
9434090.129805261,22.599999999999852,Timer,timer_menten_prolif,0,0.05
9462273.142781988,22.60999999999985,Timer,timer_menten_prolif,0,0.05
9490138.059452973,22.61999999999985,Timer,timer_menten_prolif,0,0.05
9517683.484140858,22.62999999999985,Timer,timer_menten_prolif,0,0.05
9544908.085756417,22.63999999999985,Timer,timer_menten_prolif,0,0.05
9571810.59468392,22.64999999999985,Timer,timer_menten_prolif,0,0.05
9598389.807033846,22.659999999999847,Timer,timer_menten_prolif,0,0.05
9624644.584180167,22.66999999999985,Timer,timer_menten_prolif,0,0.05
9650573.847179549,22.67999999999985,Timer,timer_menten_prolif,0,0.05
9676176.580525916,22.68999999999985,Timer,timer_menten_prolif,0,0.05
9701451.83589508,22.699999999999847,Timer,timer_menten_prolif,0,0.05
9726398.723234342,22.709999999999848,Timer,timer_menten_prolif,0,0.05
9751016.411817182,22.71999999999985,Timer,timer_menten_prolif,0,0.05
9775304.140697202,22.729999999999848,Timer,timer_menten_prolif,0,0.05
9799261.207140623,22.739999999999846,Timer,timer_menten_prolif,0,0.05
9822886.963638041,22.749999999999847,Timer,timer_menten_prolif,0,0.05
9846180.83076536,22.75999999999985,Timer,timer_menten_prolif,0,0.05
9869142.284143716,22.769999999999847,Timer,timer_menten_prolif,0,0.05
9891770.86036059,22.779999999999845,Timer,timer_menten_prolif,0,0.05
9914066.154272728,22.789999999999846,Timer,timer_menten_prolif,0,0.05
9936027.819824727,22.799999999999848,Timer,timer_menten_prolif,0,0.05
9957655.568769988,22.809999999999846,Timer,timer_menten_prolif,0,0.05
9978949.170215106,22.819999999999844,Timer,timer_menten_prolif,0,0.05
9999908.45088227,22.829999999999846,Timer,timer_menten_prolif,0,0.05
10020533.293273505,22.839999999999847,Timer,timer_menten_prolif,0,0.05
10040823.635582969,22.849999999999845,Timer,timer_menten_prolif,0,0.05
10060779.471609073,22.859999999999843,Timer,timer_menten_prolif,0,0.05
10080400.849033313,22.869999999999845,Timer,timer_menten_prolif,0,0.05
10099687.869989853,22.879999999999846,Timer,timer_menten_prolif,0,0.05
10118640.689970817,22.889999999999844,Timer,timer_menten_prolif,0,0.05
10137259.516088668,22.899999999999842,Timer,timer_menten_prolif,0,0.05
10155544.60916785,22.909999999999844,Timer,timer_menten_prolif,0,0.05
10173496.279484533,22.919999999999845,Timer,timer_menten_prolif,0,0.05
10191114.889380684,22.929999999999843,Timer,timer_menten_prolif,0,0.05
10208400.850274255,22.93999999999984,Timer,timer_menten_prolif,0,0.05
10225354.622785535,22.949999999999843,Timer,timer_menten_prolif,0,0.05
10241976.716967555,22.959999999999845,Timer,timer_menten_prolif,0,0.05
10258267.689147728,22.969999999999843,Timer,timer_menten_prolif,0,0.05
10274228.144519802,22.97999999999984,Timer,timer_menten_prolif,0,0.05
10289858.733116299,22.989999999999842,Timer,timer_menten_prolif,0,0.05
10305160.150170024,22.999999999999844,Timer,timer_menten_prolif,0,0.05
10320133.13723878,23.00999999999984,Timer,timer_menten_prolif,0,0.05
10334778.48087928,23.01999999999984,Timer,timer_menten_prolif,0,0.05
10349097.006903084,23.02999999999984,Timer,timer_menten_prolif,0,0.05
10363089.591268323,23.039999999999843,Timer,timer_menten_prolif,0,0.05
10376757.141615465,23.04999999999984,Timer,timer_menten_prolif,0,0.05
10390100.616963316,23.05999999999984,Timer,timer_menten_prolif,0,0.05
10403121.011714775,23.06999999999984,Timer,timer_menten_prolif,0,0.05
10415819.35916578,23.079999999999842,Timer,timer_menten_prolif,0,0.05
10428196.732309762,23.08999999999984,Timer,timer_menten_prolif,0,0.05
10440254.241567854,23.099999999999838,Timer,timer_menten_prolif,0,0.05
10451993.034411386,23.10999999999984,Timer,timer_menten_prolif,0,0.05
10463414.29521308,23.11999999999984,Timer,timer_menten_prolif,0,0.05
10474519.244314495,23.12999999999984,Timer,timer_menten_prolif,0,0.05
10485309.136373589,23.139999999999837,Timer,timer_menten_prolif,0,0.05
10495785.260902612,23.14999999999984,Timer,timer_menten_prolif,0,0.05
10505948.940405436,23.15999999999984,Timer,timer_menten_prolif,0,0.05
10515801.529179547,23.16999999999984,Timer,timer_menten_prolif,0,0.05
10525344.414884683,23.179999999999836,Timer,timer_menten_prolif,0,0.05
10534579.01473615,23.189999999999838,Timer,timer_menten_prolif,0,0.05
10543506.776974987,23.19999999999984,Timer,timer_menten_prolif,0,0.05
10552129.179393657,23.209999999999837,Timer,timer_menten_prolif,0,0.05
10560447.72721487,23.219999999999835,Timer,timer_menten_prolif,0,0.05
10568463.955637194,23.229999999999837,Timer,timer_menten_prolif,0,0.05
10576179.424931116,23.23999999999984,Timer,timer_menten_prolif,0,0.05
10583595.723348275,23.249999999999837,Timer,timer_menten_prolif,0,0.05
10590714.463957448,23.259999999999835,Timer,timer_menten_prolif,0,0.05
10597537.284535307,23.269999999999836,Timer,timer_menten_prolif,0,0.05
10604065.848180214,23.279999999999838,Timer,timer_menten_prolif,0,0.05
10610301.839669354,23.289999999999836,Timer,timer_menten_prolif,0,0.05
10616246.968325846,23.299999999999834,Timer,timer_menten_prolif,0,0.05
10621902.9639014,23.309999999999835,Timer,timer_menten_prolif,0,0.05
10627271.578159913,23.319999999999837,Timer,timer_menten_prolif,0,0.05
10632354.583492395,23.329999999999835,Timer,timer_menten_prolif,0,0.05
10637153.770920584,23.339999999999833,Timer,timer_menten_prolif,0,0.05
10641670.95192649,23.349999999999834,Timer,timer_menten_prolif,0,0.05
10645907.953832813,23.359999999999836,Timer,timer_menten_prolif,0,0.05
10649866.627014544,23.369999999999834,Timer,timer_menten_prolif,0,0.05
10653548.831378654,23.379999999999832,Timer,timer_menten_prolif,0,0.05
10656956.450683337,23.389999999999834,Timer,timer_menten_prolif,0,0.05
10660091.380780213,23.399999999999835,Timer,timer_menten_prolif,0,0.05
10662955.530630289,23.409999999999833,Timer,timer_menten_prolif,0,0.05
10665550.829558613,23.41999999999983,Timer,timer_menten_prolif,0,0.05
10667879.211549986,23.429999999999833,Timer,timer_menten_prolif,0,0.05
10669942.63314559,23.439999999999834,Timer,timer_menten_prolif,0,0.05
10671743.05604988,23.449999999999832,Timer,timer_menten_prolif,0,0.05
10673282.456982512,23.45999999999983,Timer,timer_menten_prolif,0,0.05
10674562.822526455,23.469999999999832,Timer,timer_menten_prolif,0,0.05
10675586.144126844,23.479999999999833,Timer,timer_menten_prolif,0,0.05
10676354.43697742,23.48999999999983,Timer,timer_menten_prolif,0,0.05
10676869.724060554,23.49999999999983,Timer,timer_menten_prolif,0,0.05
10677134.013010677,23.50999999999983,Timer,timer_menten_prolif,0,0.05
10677149.348764114,23.519999999999833,Timer,timer_menten_prolif,0,0.05
10676917.779738732,23.52999999999983,Timer,timer_menten_prolif,0,0.05
10676441.34974587,23.53999999999983,Timer,timer_menten_prolif,0,0.05
10675722.104166066,23.54999999999983,Timer,timer_menten_prolif,0,0.05
10674762.116711121,23.55999999999983,Timer,timer_menten_prolif,0,0.05
10673563.45998244,23.56999999999983,Timer,timer_menten_prolif,0,0.05
10672128.183014037,23.579999999999828,Timer,timer_menten_prolif,0,0.05
10670458.375679966,23.58999999999983,Timer,timer_menten_prolif,0,0.05
10668556.122794896,23.59999999999983,Timer,timer_menten_prolif,0,0.05
10666423.50054554,23.60999999999983,Timer,timer_menten_prolif,0,0.05
10664062.587021098,23.619999999999827,Timer,timer_menten_prolif,0,0.05
10661475.482157616,23.62999999999983,Timer,timer_menten_prolif,0,0.05
10658664.278178653,23.63999999999983,Timer,timer_menten_prolif,0,0.05
10655631.048287781,23.649999999999828,Timer,timer_menten_prolif,0,0.05
10652377.89764534,23.659999999999826,Timer,timer_menten_prolif,0,0.05
10648906.92192269,23.669999999999828,Timer,timer_menten_prolif,0,0.05
10645220.217215128,23.67999999999983,Timer,timer_menten_prolif,0,0.05
10641319.873722311,23.689999999999827,Timer,timer_menten_prolif,0,0.05
10637207.983002864,23.699999999999825,Timer,timer_menten_prolif,0,0.05
10632886.635750579,23.709999999999827,Timer,timer_menten_prolif,0,0.05
10628357.917836929,23.71999999999983,Timer,timer_menten_prolif,0,0.05
10623623.916192055,23.729999999999826,Timer,timer_menten_prolif,0,0.05
10618686.728015862,23.739999999999824,Timer,timer_menten_prolif,0,0.05
10613548.424245166,23.749999999999826,Timer,timer_menten_prolif,0,0.05
10608211.07940083,23.759999999999827,Timer,timer_menten_prolif,0,0.05
10602676.762627171,23.769999999999825,Timer,timer_menten_prolif,0,0.05
10596947.5613967,23.779999999999824,Timer,timer_menten_prolif,0,0.05
10591025.537693355,23.789999999999825,Timer,timer_menten_prolif,0,0.05
10584912.749951806,23.799999999999827,Timer,timer_menten_prolif,0,0.05
10578611.254206285,23.809999999999825,Timer,timer_menten_prolif,0,0.05
10572123.104564589,23.819999999999823,Timer,timer_menten_prolif,0,0.05
10565450.35360308,23.829999999999824,Timer,timer_menten_prolif,0,0.05
10558595.040219883,23.839999999999826,Timer,timer_menten_prolif,0,0.05
10551559.200834177,23.849999999999824,Timer,timer_menten_prolif,0,0.05
10544344.8657921,23.859999999999822,Timer,timer_menten_prolif,0,0.05
10536954.056760117,23.869999999999823,Timer,timer_menten_prolif,0,0.05
10529388.791091928,23.879999999999825,Timer,timer_menten_prolif,0,0.05
10521651.078227283,23.889999999999823,Timer,timer_menten_prolif,0,0.05
10513742.92010086,23.89999999999982,Timer,timer_menten_prolif,0,0.05
10505666.310742468,23.909999999999823,Timer,timer_menten_prolif,0,0.05
10497423.236115918,23.919999999999824,Timer,timer_menten_prolif,0,0.05
10489015.673932726,23.929999999999822,Timer,timer_menten_prolif,0,0.05
10480445.593101926,23.93999999999982,Timer,timer_menten_prolif,0,0.05
10471714.95350134,23.94999999999982,Timer,timer_menten_prolif,0,0.05
10462825.70566457,23.959999999999823,Timer,timer_menten_prolif,0,0.05
10453779.791944453,23.96999999999982,Timer,timer_menten_prolif,0,0.05
10444579.158001956,23.97999999999982,Timer,timer_menten_prolif,0,0.05
10435225.71938006,23.98999999999982,Timer,timer_menten_prolif,0,0.05
10425721.389495622,23.999999999999822,Timer,timer_menten_prolif,0,0.05
10416068.071394263,24.00999999999982,Timer,timer_menten_prolif,0,0.05
10406267.657473426,24.01999999999982,Timer,timer_menten_prolif,0,0.05
10396322.029205346,24.02999999999982,Timer,timer_menten_prolif,0,0.05
10386233.074912366,24.03999999999982,Timer,timer_menten_prolif,0,0.05
10376002.657721903,24.04999999999982,Timer,timer_menten_prolif,0,0.05
10365632.62444865,24.059999999999818,Timer,timer_menten_prolif,0,0.05
10355124.816370387,24.06999999999982,Timer,timer_menten_prolif,0,0.05
10344481.063402887,24.07999999999982,Timer,timer_menten_prolif,0,0.05
10333703.183883898,24.08999999999982,Timer,timer_menten_prolif,0,0.05
10322792.990038116,24.099999999999817,Timer,timer_menten_prolif,0,0.05
10311752.293964915,24.1,Timer,timer_menten_prolif,0,0.05
10300584.85495229,24.110000000000003,Timer,timer_menten_prolif,0,0.05
10289290.496863447,24.120000000000005,Timer,timer_menten_prolif,0,0.05
10277870.98207659,24.130000000000006,Timer,timer_menten_prolif,0,0.05
10266328.063336255,24.140000000000008,Timer,timer_menten_prolif,0,0.05
10254663.482301328,24.15000000000001,Timer,timer_menten_prolif,0,0.05
10242878.968415422,24.16000000000001,Timer,timer_menten_prolif,0,0.05
10230976.239105707,24.170000000000012,Timer,timer_menten_prolif,0,0.05
10218957.001628008,24.180000000000014,Timer,timer_menten_prolif,0,0.05
10206822.944791943,24.190000000000015,Timer,timer_menten_prolif,0,0.05
10194575.754614202,24.200000000000017,Timer,timer_menten_prolif,0,0.05
10182217.098725962,24.21000000000002,Timer,timer_menten_prolif,0,0.05
10169748.634041559,24.22000000000002,Timer,timer_menten_prolif,0,0.05
10157172.005156584,24.23000000000002,Timer,timer_menten_prolif,0,0.05
10144488.84442002,24.240000000000023,Timer,timer_menten_prolif,0,0.05
10131700.771750292,24.250000000000025,Timer,timer_menten_prolif,0,0.05
10118809.394445952,24.260000000000026,Timer,timer_menten_prolif,0,0.05
10105816.307498205,24.270000000000028,Timer,timer_menten_prolif,0,0.05
10092723.09333206,24.28000000000003,Timer,timer_menten_prolif,0,0.05
10079531.321807556,24.29000000000003,Timer,timer_menten_prolif,0,0.05
10066242.55021663,24.300000000000033,Timer,timer_menten_prolif,0,0.05
10052858.323254516,24.310000000000034,Timer,timer_menten_prolif,0,0.05
10039380.172993073,24.320000000000036,Timer,timer_menten_prolif,0,0.05
10025809.618863102,24.330000000000037,Timer,timer_menten_prolif,0,0.05
10012148.167646345,24.34000000000004,Timer,timer_menten_prolif,0,0.05
9998397.313466731,24.35000000000004,Timer,timer_menten_prolif,0,0.05
9984558.53778217,24.360000000000042,Timer,timer_menten_prolif,0,0.05
9970633.309380695,24.370000000000044,Timer,timer_menten_prolif,0,0.05
9956623.084380345,24.380000000000045,Timer,timer_menten_prolif,0,0.05
9942529.306232436,24.390000000000047,Timer,timer_menten_prolif,0,0.05
9928353.405727595,24.40000000000005,Timer,timer_menten_prolif,0,0.05
9914096.801004773,24.41000000000005,Timer,timer_menten_prolif,0,0.05
9899760.897561226,24.42000000000005,Timer,timer_menten_prolif,0,0.05
9885347.08826732,24.430000000000053,Timer,timer_menten_prolif,0,0.05
9870856.753383443,24.440000000000055,Timer,timer_menten_prolif,0,0.05
9856291.26057802,24.450000000000056,Timer,timer_menten_prolif,0,0.05
9841651.964950796,24.460000000000058,Timer,timer_menten_prolif,0,0.05
9826940.209056757,24.47000000000006,Timer,timer_menten_prolif,0,0.05
9812157.322932303,24.48000000000006,Timer,timer_menten_prolif,0,0.05
9797304.624123113,24.490000000000062,Timer,timer_menten_prolif,0,0.05
9782383.417716015,24.500000000000064,Timer,timer_menten_prolif,0,0.05
9767394.996372141,24.510000000000066,Timer,timer_menten_prolif,0,0.05
9752340.64036198,24.520000000000067,Timer,timer_menten_prolif,0,0.05
9737221.61760166,24.53000000000007,Timer,timer_menten_prolif,0,0.05
9722039.183693137,24.54000000000007,Timer,timer_menten_prolif,0,0.05
9706794.581964945,24.55000000000007,Timer,timer_menten_prolif,0,0.05
9691489.043515025,24.560000000000073,Timer,timer_menten_prolif,0,0.05
9676123.787253719,24.570000000000075,Timer,timer_menten_prolif,0,0.05
9660700.019952929,24.580000000000076,Timer,timer_menten_prolif,0,0.05
9645218.93629266,24.590000000000078,Timer,timer_menten_prolif,0,0.05
9629681.718903162,24.60000000000008,Timer,timer_menten_prolif,0,0.05
9614089.53833829,24.61000000000008,Timer,timer_menten_prolif,0,0.05
9598443.553205585,24.620000000000083,Timer,timer_menten_prolif,0,0.05
9582744.910562046,24.630000000000084,Timer,timer_menten_prolif,0,0.05
9566994.745784195,24.640000000000086,Timer,timer_menten_prolif,0,0.05
9551194.18167091,24.650000000000087,Timer,timer_menten_prolif,0,0.05
9535344.329566555,24.66000000000009,Timer,timer_menten_prolif,0,0.05
9519446.289439972,24.67000000000009,Timer,timer_menten_prolif,0,0.05
9503501.149616532,24.680000000000092,Timer,timer_menten_prolif,0,0.05
9487509.986802295,24.690000000000094,Timer,timer_menten_prolif,0,0.05
9471473.866221214,24.700000000000095,Timer,timer_menten_prolif,0,0.05
9455393.841712669,24.710000000000097,Timer,timer_menten_prolif,0,0.05
9439270.955758056,24.7200000000001,Timer,timer_menten_prolif,0,0.05
9423106.239579838,24.7300000000001,Timer,timer_menten_prolif,0,0.05
9406900.713192422,24.7400000000001,Timer,timer_menten_prolif,0,0.05
9390655.385467047,24.750000000000103,Timer,timer_menten_prolif,0,0.05
9374371.254196193,24.760000000000105,Timer,timer_menten_prolif,0,0.05
9358049.306148734,24.770000000000106,Timer,timer_menten_prolif,0,0.05
9341690.51716044,24.780000000000108,Timer,timer_menten_prolif,0,0.05
9325295.852203801,24.79000000000011,Timer,timer_menten_prolif,0,0.05
9308866.265451679,24.80000000000011,Timer,timer_menten_prolif,0,0.05
9292402.700357487,24.810000000000112,Timer,timer_menten_prolif,0,0.05
9275906.089721452,24.820000000000114,Timer,timer_menten_prolif,0,0.05
9259377.35576296,24.830000000000116,Timer,timer_menten_prolif,0,0.05
9242817.410195056,24.840000000000117,Timer,timer_menten_prolif,0,0.05
9226227.154294308,24.85000000000012,Timer,timer_menten_prolif,0,0.05
9209607.47898161,24.86000000000012,Timer,timer_menten_prolif,0,0.05
9192959.264889373,24.870000000000122,Timer,timer_menten_prolif,0,0.05
9176283.382444963,24.880000000000123,Timer,timer_menten_prolif,0,0.05
9159580.691939957,24.890000000000125,Timer,timer_menten_prolif,0,0.05
9142852.04360918,24.900000000000126,Timer,timer_menten_prolif,0,0.05
9126098.277704552,24.910000000000128,Timer,timer_menten_prolif,0,0.05
9109320.22457268,24.92000000000013,Timer,timer_menten_prolif,0,0.05
9092518.7047299,24.93000000000013,Timer,timer_menten_prolif,0,0.05
9075694.528941058,24.940000000000133,Timer,timer_menten_prolif,0,0.05
9058848.498293657,24.950000000000134,Timer,timer_menten_prolif,0,0.05
9041981.404278763,24.960000000000136,Timer,timer_menten_prolif,0,0.05
9025094.028864171,24.970000000000137,Timer,timer_menten_prolif,0,0.05
9008187.144575976,24.98000000000014,Timer,timer_menten_prolif,0,0.05
8991261.514572322,24.99000000000014,Timer,timer_menten_prolif,0,0.05
8974317.89272406,25.000000000000142,Timer,timer_menten_prolif,0,0.05
8957357.023689933,25.010000000000144,Timer,timer_menten_prolif,0,0.05
8940379.642996063,25.020000000000145,Timer,timer_menten_prolif,0,0.05
8923386.47711219,25.030000000000147,Timer,timer_menten_prolif,0,0.05
8906378.24353051,25.04000000000015,Timer,timer_menten_prolif,0,0.05
8889355.650842417,25.05000000000015,Timer,timer_menten_prolif,0,0.05
8872319.398816764,25.06000000000015,Timer,timer_menten_prolif,0,0.05
8855270.17847715,25.070000000000153,Timer,timer_menten_prolif,0,0.05
8838208.672179095,25.080000000000155,Timer,timer_menten_prolif,0,0.05
8821135.553688489,25.090000000000156,Timer,timer_menten_prolif,0,0.05
8804051.488256956,25.100000000000158,Timer,timer_menten_prolif,0,0.05
8786957.1327013,25.11000000000016,Timer,timer_menten_prolif,0,0.05
8769853.135478653,25.12000000000016,Timer,timer_menten_prolif,0,0.05
8752740.136763643,25.130000000000162,Timer,timer_menten_prolif,0,0.05
8735618.76852728,25.140000000000164,Timer,timer_menten_prolif,0,0.05
8718489.654609479,25.150000000000166,Timer,timer_menten_prolif,0,0.05
8701353.41070977,25.160000000000167,Timer,timer_menten_prolif,0,0.05
8684210.644357838,25.17000000000017,Timer,timer_menten_prolif,0,0.05
8667061.955573764,25.18000000000017,Timer,timer_menten_prolif,0,0.05
8649907.93689916,25.190000000000172,Timer,timer_menten_prolif,0,0.05
8632749.17318145,25.200000000000173,Timer,timer_menten_prolif,0,0.05
8615586.240564637,25.210000000000175,Timer,timer_menten_prolif,0,0.05
8598419.707706595,25.220000000000176,Timer,timer_menten_prolif,0,0.05
8581250.136141527,25.230000000000178,Timer,timer_menten_prolif,0,0.05
8564078.08001809,25.24000000000018,Timer,timer_menten_prolif,0,0.05
8546904.086228527,25.25000000000018,Timer,timer_menten_prolif,0,0.05
8529728.694176495,25.260000000000183,Timer,timer_menten_prolif,0,0.05
8512552.436029743,25.270000000000184,Timer,timer_menten_prolif,0,0.05
8495375.83677648,25.280000000000186,Timer,timer_menten_prolif,0,0.05
8478199.414285373,25.290000000000187,Timer,timer_menten_prolif,0,0.05
8461023.67947651,25.30000000000019,Timer,timer_menten_prolif,0,0.05
8443849.136416603,25.31000000000019,Timer,timer_menten_prolif,0,0.05
8426676.282073058,25.320000000000192,Timer,timer_menten_prolif,0,0.05
8409505.60669507,25.330000000000194,Timer,timer_menten_prolif,0,0.05
8392337.59387535,25.340000000000195,Timer,timer_menten_prolif,0,0.05
8375172.720560394,25.350000000000197,Timer,timer_menten_prolif,0,0.05
8358011.456979284,25.3600000000002,Timer,timer_menten_prolif,0,0.05
8340854.267154779,25.3700000000002,Timer,timer_menten_prolif,0,0.05
8323701.608330035,25.3800000000002,Timer,timer_menten_prolif,0,0.05
8306553.931579766,25.390000000000203,Timer,timer_menten_prolif,0,0.05
8289411.681607718,25.400000000000205,Timer,timer_menten_prolif,0,0.05
8272275.296785438,25.410000000000206,Timer,timer_menten_prolif,0,0.05
8255145.209351772,25.420000000000208,Timer,timer_menten_prolif,0,0.05
8238021.845458299,25.43000000000021,Timer,timer_menten_prolif,0,0.05
8220905.625146907,25.44000000000021,Timer,timer_menten_prolif,0,0.05
8203796.962560484,25.450000000000212,Timer,timer_menten_prolif,0,0.05
8186696.265895784,25.460000000000214,Timer,timer_menten_prolif,0,0.05
8169603.937499995,25.470000000000216,Timer,timer_menten_prolif,0,0.05
8152520.3739501275,25.480000000000217,Timer,timer_menten_prolif,0,0.05
8135445.966117907,25.49000000000022,Timer,timer_menten_prolif,0,0.05
8118381.099245975,25.50000000000022,Timer,timer_menten_prolif,0,0.05
8101326.152967306,25.510000000000222,Timer,timer_menten_prolif,0,0.05
8084281.5013529975,25.520000000000223,Timer,timer_menten_prolif,0,0.05
8067247.513091335,25.530000000000225,Timer,timer_menten_prolif,0,0.05
8050224.55144106,25.540000000000227,Timer,timer_menten_prolif,0,0.05
8033212.974262749,25.550000000000228,Timer,timer_menten_prolif,0,0.05
8016213.134214779,25.56000000000023,Timer,timer_menten_prolif,0,0.05
7999225.378717433,25.57000000000023,Timer,timer_menten_prolif,0,0.05
7982250.050003912,25.580000000000233,Timer,timer_menten_prolif,0,0.05
7965287.485245952,25.590000000000234,Timer,timer_menten_prolif,0,0.05
7948338.016572192,25.600000000000236,Timer,timer_menten_prolif,0,0.05
7931401.971118566,25.610000000000237,Timer,timer_menten_prolif,0,0.05
7914479.671121085,25.62000000000024,Timer,timer_menten_prolif,0,0.05
7897571.433960931,25.63000000000024,Timer,timer_menten_prolif,0,0.05
7880677.572188693,25.640000000000242,Timer,timer_menten_prolif,0,0.05
7863798.393627647,25.650000000000244,Timer,timer_menten_prolif,0,0.05
7846934.2014362095,25.660000000000245,Timer,timer_menten_prolif,0,0.05
7830085.294135349,25.670000000000247,Timer,timer_menten_prolif,0,0.05
7813251.965598129,25.68000000000025,Timer,timer_menten_prolif,0,0.05
7796434.505273756,25.69000000000025,Timer,timer_menten_prolif,0,0.05
7779633.198125948,25.70000000000025,Timer,timer_menten_prolif,0,0.05
7762848.324671211,25.710000000000253,Timer,timer_menten_prolif,0,0.05
7746080.161062131,25.720000000000255,Timer,timer_menten_prolif,0,0.05
7729328.979203388,25.730000000000256,Timer,timer_menten_prolif,0,0.05
7712595.0467377165,25.740000000000258,Timer,timer_menten_prolif,0,0.05
7695878.627032396,25.75000000000026,Timer,timer_menten_prolif,0,0.05
7679179.979400542,25.76000000000026,Timer,timer_menten_prolif,0,0.05
7662499.359041094,25.770000000000262,Timer,timer_menten_prolif,0,0.05
7645837.017094882,25.780000000000264,Timer,timer_menten_prolif,0,0.05
7629193.200686322,25.790000000000266,Timer,timer_menten_prolif,0,0.05
7612568.153056359,25.800000000000267,Timer,timer_menten_prolif,0,0.05
7595962.113545142,25.81000000000027,Timer,timer_menten_prolif,0,0.05
7579375.317596329,25.82000000000027,Timer,timer_menten_prolif,0,0.05
7562807.996913882,25.830000000000272,Timer,timer_menten_prolif,0,0.05
7546260.379465783,25.840000000000273,Timer,timer_menten_prolif,0,0.05
7529732.68951172,25.850000000000275,Timer,timer_menten_prolif,0,0.05
7513225.1476169005,25.860000000000277,Timer,timer_menten_prolif,0,0.05
7496737.9708227,25.870000000000278,Timer,timer_menten_prolif,0,0.05
7480271.372602818,25.88000000000028,Timer,timer_menten_prolif,0,0.05
7463825.562882211,25.89000000000028,Timer,timer_menten_prolif,0,0.05
7447400.748148713,25.900000000000283,Timer,timer_menten_prolif,0,0.05
7430997.131505029,25.910000000000284,Timer,timer_menten_prolif,0,0.05
7414614.912674852,25.920000000000286,Timer,timer_menten_prolif,0,0.05
7398254.287998955,25.930000000000287,Timer,timer_menten_prolif,0,0.05
7381915.450618481,25.94000000000029,Timer,timer_menten_prolif,0,0.05
7365598.590423253,25.95000000000029,Timer,timer_menten_prolif,0,0.05
7349303.894085691,25.960000000000292,Timer,timer_menten_prolif,0,0.05
7333031.545126783,25.970000000000294,Timer,timer_menten_prolif,0,0.05
7316781.724006174,25.980000000000295,Timer,timer_menten_prolif,0,0.05
7300554.608114803,25.990000000000297,Timer,timer_menten_prolif,0,0.05
7284350.371756158,26.0000000000003,Timer,timer_menten_prolif,0,0.05
7268169.18633733,26.0100000000003,Timer,timer_menten_prolif,0,0.05
7252011.220311822,26.0200000000003,Timer,timer_menten_prolif,0,0.05
7235876.639222436,26.030000000000303,Timer,timer_menten_prolif,0,0.05
7219765.605732895,26.040000000000305,Timer,timer_menten_prolif,0,0.05
7203678.279747998,26.050000000000306,Timer,timer_menten_prolif,0,0.05
7187614.818387659,26.060000000000308,Timer,timer_menten_prolif,0,0.05
7171575.375986492,26.07000000000031,Timer,timer_menten_prolif,0,0.05
7155560.104230446,26.08000000000031,Timer,timer_menten_prolif,0,0.05
7139569.152154362,26.090000000000312,Timer,timer_menten_prolif,0,0.05
7123602.666163123,26.100000000000314,Timer,timer_menten_prolif,0,0.05
7107660.7900423845,26.110000000000316,Timer,timer_menten_prolif,0,0.05
7091743.665097389,26.120000000000317,Timer,timer_menten_prolif,0,0.05
7075851.43011583,26.13000000000032,Timer,timer_menten_prolif,0,0.05
7059984.221383032,26.14000000000032,Timer,timer_menten_prolif,0,0.05
7044142.172771565,26.150000000000322,Timer,timer_menten_prolif,0,0.05
7028325.415782396,26.160000000000323,Timer,timer_menten_prolif,0,0.05
7012534.079549397,26.170000000000325,Timer,timer_menten_prolif,0,0.05
6996768.290834469,26.180000000000327,Timer,timer_menten_prolif,0,0.05
6981028.174177498,26.190000000000328,Timer,timer_menten_prolif,0,0.05
6965313.8518522205,26.20000000000033,Timer,timer_menten_prolif,0,0.05
6949625.443892632,26.21000000000033,Timer,timer_menten_prolif,0,0.05
6933963.068146269,26.220000000000333,Timer,timer_menten_prolif,0,0.05
6918326.840347255,26.230000000000334,Timer,timer_menten_prolif,0,0.05
6902716.874108601,26.240000000000336,Timer,timer_menten_prolif,0,0.05
6887133.280906655,26.250000000000338,Timer,timer_menten_prolif,0,0.05
6871576.170235173,26.26000000000034,Timer,timer_menten_prolif,0,0.05
6856045.649558257,26.27000000000034,Timer,timer_menten_prolif,0,0.05
6840541.824344878,26.280000000000342,Timer,timer_menten_prolif,0,0.05
6825064.798094148,26.290000000000344,Timer,timer_menten_prolif,0,0.05
6809614.6724302685,26.300000000000345,Timer,timer_menten_prolif,0,0.05
6794191.54708226,26.310000000000347,Timer,timer_menten_prolif,0,0.05
6778795.519884363,26.32000000000035,Timer,timer_menten_prolif,0,0.05
6763426.686883402,26.33000000000035,Timer,timer_menten_prolif,0,0.05
6748085.142337218,26.34000000000035,Timer,timer_menten_prolif,0,0.05
6732770.978731926,26.350000000000353,Timer,timer_menten_prolif,0,0.05
6717484.286791066,26.360000000000355,Timer,timer_menten_prolif,0,0.05
6702225.155584055,26.370000000000356,Timer,timer_menten_prolif,0,0.05
6686993.672498105,26.380000000000358,Timer,timer_menten_prolif,0,0.05
6671789.923250932,26.39000000000036,Timer,timer_menten_prolif,0,0.05
6656613.991960984,26.40000000000036,Timer,timer_menten_prolif,0,0.05
6641465.961179936,26.410000000000363,Timer,timer_menten_prolif,0,0.05
6626345.911897278,26.420000000000364,Timer,timer_menten_prolif,0,0.05
6611253.923538202,26.430000000000366,Timer,timer_menten_prolif,0,0.05
6596190.0740787415,26.440000000000367,Timer,timer_menten_prolif,0,0.05
6581154.440013751,26.45000000000037,Timer,timer_menten_prolif,0,0.05
6566147.096378547,26.46000000000037,Timer,timer_menten_prolif,0,0.05
6551168.116790764,26.470000000000372,Timer,timer_menten_prolif,0,0.05
6536217.573506801,26.480000000000373,Timer,timer_menten_prolif,0,0.05
6521295.53741779,26.490000000000375,Timer,timer_menten_prolif,0,0.05
6506402.078040207,26.500000000000377,Timer,timer_menten_prolif,0,0.05
6491537.263632264,26.510000000000378,Timer,timer_menten_prolif,0,0.05
6476701.161160992,26.52000000000038,Timer,timer_menten_prolif,0,0.05
6461893.836330019,26.53000000000038,Timer,timer_menten_prolif,0,0.05
6447115.353600508,26.540000000000383,Timer,timer_menten_prolif,0,0.05
6432365.776263107,26.550000000000384,Timer,timer_menten_prolif,0,0.05
6417645.166425417,26.560000000000386,Timer,timer_menten_prolif,0,0.05
6402953.585014863,26.570000000000388,Timer,timer_menten_prolif,0,0.05
6388291.0918594375,26.58000000000039,Timer,timer_menten_prolif,0,0.05
6373657.745688973,26.59000000000039,Timer,timer_menten_prolif,0,0.05
6359053.604150346,26.600000000000392,Timer,timer_menten_prolif,0,0.05
6344478.723816975,26.610000000000394,Timer,timer_menten_prolif,0,0.05
6329933.160269538,26.620000000000395,Timer,timer_menten_prolif,0,0.05
6315416.968078631,26.630000000000397,Timer,timer_menten_prolif,0,0.05
6300930.200816883,26.6400000000004,Timer,timer_menten_prolif,0,0.05
6286472.911112115,26.6500000000004,Timer,timer_menten_prolif,0,0.05
6272045.150673386,26.6600000000004,Timer,timer_menten_prolif,0,0.05
6257646.970297346,26.670000000000403,Timer,timer_menten_prolif,0,0.05
6243278.419870134,26.680000000000405,Timer,timer_menten_prolif,0,0.05
6228939.548451668,26.690000000000406,Timer,timer_menten_prolif,0,0.05
6214630.404256401,26.700000000000408,Timer,timer_menten_prolif,0,0.05
6200351.034669001,26.71000000000041,Timer,timer_menten_prolif,0,0.05
6186101.486281913,26.72000000000041,Timer,timer_menten_prolif,0,0.05
6171881.804939417,26.730000000000413,Timer,timer_menten_prolif,0,0.05
6157692.035734117,26.740000000000414,Timer,timer_menten_prolif,0,0.05
6143532.223011866,26.750000000000416,Timer,timer_menten_prolif,0,0.05
6129402.410422447,26.760000000000417,Timer,timer_menten_prolif,0,0.05
6115302.6409555115,26.77000000000042,Timer,timer_menten_prolif,0,0.05
6101232.9569366295,26.78000000000042,Timer,timer_menten_prolif,0,0.05
6087193.40002716,26.790000000000422,Timer,timer_menten_prolif,0,0.05
6073184.011287224,26.800000000000423,Timer,timer_menten_prolif,0,0.05
6059204.831197806,26.810000000000425,Timer,timer_menten_prolif,0,0.05
6045255.899662275,26.820000000000427,Timer,timer_menten_prolif,0,0.05
6031337.256004101,26.830000000000428,Timer,timer_menten_prolif,0,0.05
6017448.939036248,26.84000000000043,Timer,timer_menten_prolif,0,0.05
6003590.987069625,26.85000000000043,Timer,timer_menten_prolif,0,0.05
5989763.437923067,26.860000000000433,Timer,timer_menten_prolif,0,0.05
5975966.32891884,26.870000000000434,Timer,timer_menten_prolif,0,0.05
5962199.696956063,26.880000000000436,Timer,timer_menten_prolif,0,0.05
5948463.578507969,26.890000000000438,Timer,timer_menten_prolif,0,0.05
5934758.009639414,26.90000000000044,Timer,timer_menten_prolif,0,0.05
5921083.02599811,26.91000000000044,Timer,timer_menten_prolif,0,0.05
5907438.662895167,26.920000000000442,Timer,timer_menten_prolif,0,0.05
5893824.955290815,26.930000000000444,Timer,timer_menten_prolif,0,0.05
5880241.937818231,26.940000000000445,Timer,timer_menten_prolif,0,0.05
5866689.644770407,26.950000000000447,Timer,timer_menten_prolif,0,0.05
5853168.110188918,26.96000000000045,Timer,timer_menten_prolif,0,0.05
5839677.3678375445,26.97000000000045,Timer,timer_menten_prolif,0,0.05
5826217.451231565,26.98000000000045,Timer,timer_menten_prolif,0,0.05
5812788.3936254475,26.990000000000453,Timer,timer_menten_prolif,0,0.05
5799390.2280994635,27.000000000000455,Timer,timer_menten_prolif,0,0.05
5786022.987531412,27.010000000000456,Timer,timer_menten_prolif,0,0.05
5772686.704625966,27.020000000000458,Timer,timer_menten_prolif,0,0.05
5759381.411907725,27.03000000000046,Timer,timer_menten_prolif,0,0.05
5746107.141798445,27.04000000000046,Timer,timer_menten_prolif,0,0.05
5732863.926593747,27.050000000000463,Timer,timer_menten_prolif,0,0.05
5719651.79848956,27.060000000000464,Timer,timer_menten_prolif,0,0.05
5706470.789580645,27.070000000000466,Timer,timer_menten_prolif,0,0.05
5693320.931929072,27.080000000000467,Timer,timer_menten_prolif,0,0.05
5680202.257545594,27.09000000000047,Timer,timer_menten_prolif,0,0.05
5667114.798413342,27.10000000000047,Timer,timer_menten_prolif,0,0.05
5654058.586491074,27.110000000000472,Timer,timer_menten_prolif,0,0.05
5641033.653774325,27.120000000000474,Timer,timer_menten_prolif,0,0.05
5628040.032280524,27.130000000000475,Timer,timer_menten_prolif,0,0.05
5615077.754070101,27.140000000000477,Timer,timer_menten_prolif,0,0.05
5602146.851254223,27.150000000000478,Timer,timer_menten_prolif,0,0.05
5589247.3560493,27.16000000000048,Timer,timer_menten_prolif,0,0.05
5576379.300765343,27.17000000000048,Timer,timer_menten_prolif,0,0.05
5563542.717822712,27.180000000000483,Timer,timer_menten_prolif,0,0.05
5550737.63976521,27.190000000000484,Timer,timer_menten_prolif,0,0.05
5537964.09931482,27.200000000000486,Timer,timer_menten_prolif,0,0.05
5525222.129355401,27.210000000000488,Timer,timer_menten_prolif,0,0.05
5512511.762960288,27.22000000000049,Timer,timer_menten_prolif,0,0.05
5499833.033371802,27.23000000000049,Timer,timer_menten_prolif,0,0.05
5487185.974092644,27.240000000000492,Timer,timer_menten_prolif,0,0.05
5474570.618857272,27.250000000000494,Timer,timer_menten_prolif,0,0.05
5461987.001655066,27.260000000000495,Timer,timer_menten_prolif,0,0.05
5449435.156733155,27.270000000000497,Timer,timer_menten_prolif,0,0.05
5436915.11861609,27.2800000000005,Timer,timer_menten_prolif,0,0.05
5424426.922166577,27.2900000000005,Timer,timer_menten_prolif,0,0.05
5411970.602557584,27.3000000000005,Timer,timer_menten_prolif,0,0.05
5399546.195302773,27.310000000000503,Timer,timer_menten_prolif,0,0.05
5387153.73622884,27.320000000000505,Timer,timer_menten_prolif,0,0.05
5374793.26158409,27.330000000000506,Timer,timer_menten_prolif,0,0.05
5362464.807989339,27.340000000000508,Timer,timer_menten_prolif,0,0.05
5350168.4124702,27.35000000000051,Timer,timer_menten_prolif,0,0.05
5337904.112455955,27.36000000000051,Timer,timer_menten_prolif,0,0.05
5325671.945807489,27.370000000000513,Timer,timer_menten_prolif,0,0.05
5313471.950862052,27.380000000000514,Timer,timer_menten_prolif,0,0.05
5301304.16641495,27.390000000000516,Timer,timer_menten_prolif,0,0.05
5289168.631745119,27.400000000000517,Timer,timer_menten_prolif,0,0.05
5277065.386591036,27.41000000000052,Timer,timer_menten_prolif,0,0.05
5264994.471255472,27.42000000000052,Timer,timer_menten_prolif,0,0.05
5252955.926554986,27.430000000000522,Timer,timer_menten_prolif,0,0.05
5240949.793853107,27.440000000000524,Timer,timer_menten_prolif,0,0.05
5228976.115038363,27.450000000000525,Timer,timer_menten_prolif,0,0.05
5217034.932588505,27.460000000000527,Timer,timer_menten_prolif,0,0.05
5205126.289605312,27.470000000000528,Timer,timer_menten_prolif,0,0.05
5193250.229780182,27.48000000000053,Timer,timer_menten_prolif,0,0.05
5181406.797428351,27.49000000000053,Timer,timer_menten_prolif,0,0.05
5169596.037504736,27.500000000000533,Timer,timer_menten_prolif,0,0.05
5157817.995492517,27.510000000000534,Timer,timer_menten_prolif,0,0.05
5146072.717692229,27.520000000000536,Timer,timer_menten_prolif,0,0.05
5134360.251044417,27.530000000000538,Timer,timer_menten_prolif,0,0.05
5122680.643179003,27.54000000000054,Timer,timer_menten_prolif,0,0.05
5111033.942437797,27.55000000000054,Timer,timer_menten_prolif,0,0.05
5099420.197852001,27.560000000000542,Timer,timer_menten_prolif,0,0.05
5087839.4590908615,27.570000000000544,Timer,timer_menten_prolif,0,0.05
5076291.776755378,27.580000000000545,Timer,timer_menten_prolif,0,0.05
5064777.202138616,27.590000000000547,Timer,timer_menten_prolif,0,0.05
5053295.787313552,27.60000000000055,Timer,timer_menten_prolif,0,0.05
5041847.585147779,27.61000000000055,Timer,timer_menten_prolif,0,0.05
5030432.649211741,27.62000000000055,Timer,timer_menten_prolif,0,0.05
5019051.033931278,27.630000000000553,Timer,timer_menten_prolif,0,0.05
5007702.794647358,27.640000000000555,Timer,timer_menten_prolif,0,0.05
4996387.987495447,27.650000000000556,Timer,timer_menten_prolif,0,0.05
4985106.669469373,27.660000000000558,Timer,timer_menten_prolif,0,0.05
4973858.898435326,27.67000000000056,Timer,timer_menten_prolif,0,0.05
4962644.732943749,27.68000000000056,Timer,timer_menten_prolif,0,0.05
4951464.232679959,27.690000000000563,Timer,timer_menten_prolif,0,0.05
4940317.458165592,27.700000000000564,Timer,timer_menten_prolif,0,0.05
4929204.470830355,27.710000000000566,Timer,timer_menten_prolif,0,0.05
4918125.333035491,27.720000000000567,Timer,timer_menten_prolif,0,0.05
4907080.108033162,27.73000000000057,Timer,timer_menten_prolif,0,0.05
4896068.859892784,27.74000000000057,Timer,timer_menten_prolif,0,0.05
4885091.653892264,27.750000000000572,Timer,timer_menten_prolif,0,0.05
4874148.556182653,27.760000000000574,Timer,timer_menten_prolif,0,0.05
4863239.633900718,27.770000000000575,Timer,timer_menten_prolif,0,0.05
4852364.955181333,27.780000000000577,Timer,timer_menten_prolif,0,0.05
4841524.589054724,27.79000000000058,Timer,timer_menten_prolif,0,0.05
4830718.605583104,27.80000000000058,Timer,timer_menten_prolif,0,0.05
4819947.0759401135,27.81000000000058,Timer,timer_menten_prolif,0,0.05
4809210.072281214,27.820000000000583,Timer,timer_menten_prolif,0,0.05
4798507.667802643,27.830000000000584,Timer,timer_menten_prolif,0,0.05
4787839.936622992,27.840000000000586,Timer,timer_menten_prolif,0,0.05
4777206.95406271,27.850000000000588,Timer,timer_menten_prolif,0,0.05
4766608.796456167,27.86000000000059,Timer,timer_menten_prolif,0,0.05
4756045.541209947,27.87000000000059,Timer,timer_menten_prolif,0,0.05
4745517.266775825,27.880000000000592,Timer,timer_menten_prolif,0,0.05
4735024.052642342,27.890000000000594,Timer,timer_menten_prolif,0,0.05
4724565.979490732,27.900000000000595,Timer,timer_menten_prolif,0,0.05
4714143.129064812,27.910000000000597,Timer,timer_menten_prolif,0,0.05
4703755.58421956,27.9200000000006,Timer,timer_menten_prolif,0,0.05
4693403.428805691,27.9300000000006,Timer,timer_menten_prolif,0,0.05
4683086.747877624,27.9400000000006,Timer,timer_menten_prolif,0,0.05
4672805.627637489,27.950000000000603,Timer,timer_menten_prolif,0,0.05
4662560.155394207,27.960000000000605,Timer,timer_menten_prolif,0,0.05
4652350.419573937,27.970000000000606,Timer,timer_menten_prolif,0,0.05
4642176.509570042,27.980000000000608,Timer,timer_menten_prolif,0,0.05
4632038.516146077,27.99000000000061,Timer,timer_menten_prolif,0,0.05
4621936.531128407,28.00000000000061,Timer,timer_menten_prolif,0,0.05
4611870.647495036,28.010000000000613,Timer,timer_menten_prolif,0,0.05
4601840.959275397,28.020000000000614,Timer,timer_menten_prolif,0,0.05
4591847.561632392,28.030000000000616,Timer,timer_menten_prolif,0,0.05
4581890.551011428,28.040000000000617,Timer,timer_menten_prolif,0,0.05
4571970.024954275,28.05000000000062,Timer,timer_menten_prolif,0,0.05
4562086.082163364,28.06000000000062,Timer,timer_menten_prolif,0,0.05
4552238.822277536,28.070000000000622,Timer,timer_menten_prolif,0,0.05
4542428.346321746,28.080000000000624,Timer,timer_menten_prolif,0,0.05
4532654.756423332,28.090000000000625,Timer,timer_menten_prolif,0,0.05
4522918.15585222,28.100000000000627,Timer,timer_menten_prolif,0,0.05
4513218.6489729425,28.11000000000063,Timer,timer_menten_prolif,0,0.05
4503556.341149862,28.12000000000063,Timer,timer_menten_prolif,0,0.05
4493931.33913732,28.13000000000063,Timer,timer_menten_prolif,0,0.05
4484343.7507392615,28.140000000000633,Timer,timer_menten_prolif,0,0.05
4474793.6849038275,28.150000000000635,Timer,timer_menten_prolif,0,0.05
4465281.251528031,28.160000000000636,Timer,timer_menten_prolif,0,0.05
4455806.561727364,28.170000000000638,Timer,timer_menten_prolif,0,0.05
4446369.72782706,28.18000000000064,Timer,timer_menten_prolif,0,0.05
4436970.863213767,28.19000000000064,Timer,timer_menten_prolif,0,0.05
4427610.08237462,28.200000000000642,Timer,timer_menten_prolif,0,0.05
4418287.500581832,28.210000000000644,Timer,timer_menten_prolif,0,0.05
4409003.23459653,28.220000000000645,Timer,timer_menten_prolif,0,0.05
4399757.402123265,28.230000000000647,Timer,timer_menten_prolif,0,0.05
4390550.121945982,28.24000000000065,Timer,timer_menten_prolif,0,0.05
4381381.513778974,28.25000000000065,Timer,timer_menten_prolif,0,0.05
4372251.698296112,28.26000000000065,Timer,timer_menten_prolif,0,0.05
4363160.797467099,28.270000000000653,Timer,timer_menten_prolif,0,0.05
4354108.934181423,28.280000000000655,Timer,timer_menten_prolif,0,0.05
4345096.232350749,28.290000000000656,Timer,timer_menten_prolif,0,0.05
4336122.816561239,28.300000000000658,Timer,timer_menten_prolif,0,0.05
4327188.812676983,28.31000000000066,Timer,timer_menten_prolif,0,0.05
4318294.3475146685,28.32000000000066,Timer,timer_menten_prolif,0,0.05
4309439.548805762,28.330000000000663,Timer,timer_menten_prolif,0,0.05
4300624.545151915,28.340000000000664,Timer,timer_menten_prolif,0,0.05
4291849.465768121,28.350000000000666,Timer,timer_menten_prolif,0,0.05
4283114.441207172,28.360000000000667,Timer,timer_menten_prolif,0,0.05
4274419.602735803,28.37000000000067,Timer,timer_menten_prolif,0,0.05
4265765.082485393,28.38000000000067,Timer,timer_menten_prolif,0,0.05
4257151.013173183,28.390000000000672,Timer,timer_menten_prolif,0,0.05
4248577.528378645,28.400000000000674,Timer,timer_menten_prolif,0,0.05
4240044.762673571,28.410000000000675,Timer,timer_menten_prolif,0,0.05
4231552.851289097,28.420000000000677,Timer,timer_menten_prolif,0,0.05
4223101.930206792,28.43000000000068,Timer,timer_menten_prolif,0,0.05
4214692.13560303,28.44000000000068,Timer,timer_menten_prolif,0,0.05
4206323.604953982,28.45000000000068,Timer,timer_menten_prolif,0,0.05
4197996.476182678,28.460000000000683,Timer,timer_menten_prolif,0,0.05
4189710.8878451455,28.470000000000685,Timer,timer_menten_prolif,0,0.05
4181466.978935073,28.480000000000686,Timer,timer_menten_prolif,0,0.05
4173264.8887853283,28.490000000000688,Timer,timer_menten_prolif,0,0.05
4165104.7577101896,28.50000000000069,Timer,timer_menten_prolif,0,0.05
4156986.726344398,28.51000000000069,Timer,timer_menten_prolif,0,0.05
4148910.935798963,28.520000000000692,Timer,timer_menten_prolif,0,0.05
4140877.527209563,28.530000000000694,Timer,timer_menten_prolif,0,0.05
4132886.6423971513,28.540000000000695,Timer,timer_menten_prolif,0,0.05
4124938.423609499,28.550000000000697,Timer,timer_menten_prolif,0,0.05
4117033.013332558,28.5600000000007,Timer,timer_menten_prolif,0,0.05
4109170.554277704,28.5700000000007,Timer,timer_menten_prolif,0,0.05
4101351.188901083,28.5800000000007,Timer,timer_menten_prolif,0,0.05
4093575.0605112314,28.590000000000703,Timer,timer_menten_prolif,0,0.05
4085842.3123301826,28.600000000000705,Timer,timer_menten_prolif,0,0.05
4078153.087697653,28.610000000000706,Timer,timer_menten_prolif,0,0.05
4070507.5297343554,28.620000000000708,Timer,timer_menten_prolif,0,0.05
4062905.7815300347,28.63000000000071,Timer,timer_menten_prolif,0,0.05
4055347.9865000397,28.64000000000071,Timer,timer_menten_prolif,0,0.05
4047834.287815595,28.650000000000713,Timer,timer_menten_prolif,0,0.05
4040364.8285317123,28.660000000000714,Timer,timer_menten_prolif,0,0.05
4032939.750914975,28.670000000000716,Timer,timer_menten_prolif,0,0.05
4025559.197641205,28.680000000000717,Timer,timer_menten_prolif,0,0.05
4018223.310948041,28.69000000000072,Timer,timer_menten_prolif,0,0.05
4010932.2327026026,28.70000000000072,Timer,timer_menten_prolif,0,0.05
4003686.104227666,28.710000000000722,Timer,timer_menten_prolif,0,0.05
3996485.0660186876,28.720000000000724,Timer,timer_menten_prolif,0,0.05
3989329.2586705727,28.730000000000725,Timer,timer_menten_prolif,0,0.05
3982218.8219702807,28.740000000000727,Timer,timer_menten_prolif,0,0.05
3975153.895084116,28.75000000000073,Timer,timer_menten_prolif,0,0.05
3968134.6160619217,28.76000000000073,Timer,timer_menten_prolif,0,0.05
3961161.122406205,28.77000000000073,Timer,timer_menten_prolif,0,0.05
3954233.550987988,28.780000000000733,Timer,timer_menten_prolif,0,0.05
3947352.037668055,28.790000000000735,Timer,timer_menten_prolif,0,0.05
3940516.7173342863,28.800000000000736,Timer,timer_menten_prolif,0,0.05
3933727.7232160745,28.810000000000738,Timer,timer_menten_prolif,0,0.05
3926985.1882550195,28.82000000000074,Timer,timer_menten_prolif,0,0.05
3920289.243949228,28.83000000000074,Timer,timer_menten_prolif,0,0.05
3913640.020577237,28.840000000000742,Timer,timer_menten_prolif,0,0.05
3907037.64686885,28.850000000000744,Timer,timer_menten_prolif,0,0.05
3900482.250015525,28.860000000000746,Timer,timer_menten_prolif,0,0.05
3893973.956224924,28.870000000000747,Timer,timer_menten_prolif,0,0.05
3887512.889983398,28.88000000000075,Timer,timer_menten_prolif,0,0.05
3881099.174190508,28.89000000000075,Timer,timer_menten_prolif,0,0.05
3874732.9295296296,28.90000000000075,Timer,timer_menten_prolif,0,0.05
3868414.2754184487,28.910000000000753,Timer,timer_menten_prolif,0,0.05
3862143.3294053227,28.920000000000755,Timer,timer_menten_prolif,0,0.05
3855920.20706135,28.930000000000756,Timer,timer_menten_prolif,0,0.05
3849745.0218645777,28.940000000000758,Timer,timer_menten_prolif,0,0.05
3843617.884780336,28.95000000000076,Timer,timer_menten_prolif,0,0.05
3837538.9052422764,28.96000000000076,Timer,timer_menten_prolif,0,0.05
3831508.19020057,28.970000000000763,Timer,timer_menten_prolif,0,0.05
3825525.844282375,28.980000000000764,Timer,timer_menten_prolif,0,0.05
3819591.9693847178,28.990000000000766,Timer,timer_menten_prolif,0,0.05
3813706.66496693,29.000000000000767,Timer,timer_menten_prolif,0,0.05
3807870.0281420536,29.01000000000077,Timer,timer_menten_prolif,0,0.05
3802082.1532113133,29.02000000000077,Timer,timer_menten_prolif,0,0.05
3796343.1317167943,29.030000000000772,Timer,timer_menten_prolif,0,0.05
3790653.0517931674,29.040000000000774,Timer,timer_menten_prolif,0,0.05
3785011.9992748806,29.050000000000775,Timer,timer_menten_prolif,0,0.05
3779420.0567260897,29.060000000000777,Timer,timer_menten_prolif,0,0.05
3773877.303581002,29.07000000000078,Timer,timer_menten_prolif,0,0.05
3768383.8159135063,29.08000000000078,Timer,timer_menten_prolif,0,0.05
3762939.666294953,29.09000000000078,Timer,timer_menten_prolif,0,0.05
3757544.9242464555,29.100000000000783,Timer,timer_menten_prolif,0,0.05
3752199.6556335054,29.110000000000785,Timer,timer_menten_prolif,0,0.05
3746903.922725617,29.120000000000786,Timer,timer_menten_prolif,0,0.05
3741657.783830766,29.130000000000788,Timer,timer_menten_prolif,0,0.05
3736461.2936567604,29.14000000000079,Timer,timer_menten_prolif,0,0.05
3731314.50306468,29.15000000000079,Timer,timer_menten_prolif,0,0.05
3726217.458879472,29.160000000000792,Timer,timer_menten_prolif,0,0.05
3721170.2038221634,29.170000000000794,Timer,timer_menten_prolif,0,0.05
3716172.776224143,29.180000000000796,Timer,timer_menten_prolif,0,0.05
3711225.210430397,29.190000000000797,Timer,timer_menten_prolif,0,0.05
3706327.5363122416,29.2000000000008,Timer,timer_menten_prolif,0,0.05
3701479.7792781573,29.2100000000008,Timer,timer_menten_prolif,0,0.05
3696681.960112286,29.220000000000802,Timer,timer_menten_prolif,0,0.05
3691934.0949327336,29.230000000000803,Timer,timer_menten_prolif,0,0.05
3687236.1951830103,29.240000000000805,Timer,timer_menten_prolif,0,0.05
3682588.267420483,29.250000000000806,Timer,timer_menten_prolif,0,0.05
3677990.3132589506,29.260000000000808,Timer,timer_menten_prolif,0,0.05
3673442.3292696094,29.27000000000081,Timer,timer_menten_prolif,0,0.05
3668944.306895004,29.28000000000081,Timer,timer_menten_prolif,0,0.05
3664496.232348712,29.290000000000813,Timer,timer_menten_prolif,0,0.05
3660098.086521475,29.300000000000814,Timer,timer_menten_prolif,0,0.05
3655749.8450839324,29.310000000000816,Timer,timer_menten_prolif,0,0.05
3651451.478446381,29.320000000000817,Timer,timer_menten_prolif,0,0.05
3647202.9506824994,29.33000000000082,Timer,timer_menten_prolif,0,0.05
3643004.2205244116,29.34000000000082,Timer,timer_menten_prolif,0,0.05
3638855.2409171946,29.350000000000822,Timer,timer_menten_prolif,0,0.05
3634755.958924638,29.360000000000824,Timer,timer_menten_prolif,0,0.05
3630706.315634991,29.370000000000825,Timer,timer_menten_prolif,0,0.05
3626706.246066709,29.380000000000827,Timer,timer_menten_prolif,0,0.05
3622755.6790742003,29.39000000000083,Timer,timer_menten_prolif,0,0.05
3618854.5372932646,29.40000000000083,Timer,timer_menten_prolif,0,0.05
3615002.737625723,29.41000000000083,Timer,timer_menten_prolif,0,0.05
3611200.1906144256,29.420000000000833,Timer,timer_menten_prolif,0,0.05
3607446.800276016,29.430000000000835,Timer,timer_menten_prolif,0,0.05
3603742.4638912007,29.440000000000836,Timer,timer_menten_prolif,0,0.05
3600087.0721222786,29.450000000000838,Timer,timer_menten_prolif,0,0.05
3596480.5090621784,29.46000000000084,Timer,timer_menten_prolif,0,0.05
3592922.652067543,29.47000000000084,Timer,timer_menten_prolif,0,0.05
3589413.371659465,29.480000000000842,Timer,timer_menten_prolif,0,0.05
3585952.5317654302,29.490000000000844,Timer,timer_menten_prolif,0,0.05
3582539.9889850947,29.500000000000846,Timer,timer_menten_prolif,0,0.05
3579175.5934475334,29.510000000000847,Timer,timer_menten_prolif,0,0.05
3575859.1876450945,29.52000000000085,Timer,timer_menten_prolif,0,0.05
3572590.607532299,29.53000000000085,Timer,timer_menten_prolif,0,0.05
3569369.6813325994,29.540000000000852,Timer,timer_menten_prolif,0,0.05
3566196.2305761706,29.550000000000853,Timer,timer_menten_prolif,0,0.05
3563070.068972834,29.560000000000855,Timer,timer_menten_prolif,0,0.05
3559991.0034453715,29.570000000000856,Timer,timer_menten_prolif,0,0.05
3556958.832959311,29.580000000000858,Timer,timer_menten_prolif,0,0.05
3553973.3496104004,29.59000000000086,Timer,timer_menten_prolif,0,0.05
3551034.337975262,29.60000000000086,Timer,timer_menten_prolif,0,0.05
3548141.5749345254,29.610000000000863,Timer,timer_menten_prolif,0,0.05
3545294.829897606,29.620000000000864,Timer,timer_menten_prolif,0,0.05
3542493.8645924767,29.630000000000866,Timer,timer_menten_prolif,0,0.05
3539738.4334530197,29.640000000000867,Timer,timer_menten_prolif,0,0.05
3537028.283002574,29.65000000000087,Timer,timer_menten_prolif,0,0.05
3534363.1518880934,29.66000000000087,Timer,timer_menten_prolif,0,0.05
3531742.7715686057,29.670000000000872,Timer,timer_menten_prolif,0,0.05
3529166.865694939,29.680000000000874,Timer,timer_menten_prolif,0,0.05
3526635.149885275,29.690000000000875,Timer,timer_menten_prolif,0,0.05
3524147.3323796922,29.700000000000877,Timer,timer_menten_prolif,0,0.05
3521703.1137515153,29.71000000000088,Timer,timer_menten_prolif,0,0.05
3519302.186610599,29.72000000000088,Timer,timer_menten_prolif,0,0.05
3516944.2359837014,29.73000000000088,Timer,timer_menten_prolif,0,0.05
3514628.9392134864,29.740000000000883,Timer,timer_menten_prolif,0,0.05
3512355.965808198,29.750000000000885,Timer,timer_menten_prolif,0,0.05
3510124.977701581,29.760000000000886,Timer,timer_menten_prolif,0,0.05
3507935.629203787,29.770000000000888,Timer,timer_menten_prolif,0,0.05
3505787.5666171024,29.78000000000089,Timer,timer_menten_prolif,0,0.05
3503680.428616519,29.79000000000089,Timer,timer_menten_prolif,0,0.05
3501613.846131704,29.800000000000892,Timer,timer_menten_prolif,0,0.05
3499587.4436878874,29.810000000000894,Timer,timer_menten_prolif,0,0.05
3497600.8367175576,29.820000000000896,Timer,timer_menten_prolif,0,0.05
3495653.633411476,29.830000000000897,Timer,timer_menten_prolif,0,0.05
3493745.4343628623,29.8400000000009,Timer,timer_menten_prolif,0,0.05
3491875.833386818,29.8500000000009,Timer,timer_menten_prolif,0,0.05
3490044.4172612475,29.860000000000902,Timer,timer_menten_prolif,0,0.05
3488250.7639060104,29.870000000000903,Timer,timer_menten_prolif,0,0.05
3486494.444417511,29.880000000000905,Timer,timer_menten_prolif,0,0.05
3484775.0224922504,29.890000000000907,Timer,timer_menten_prolif,0,0.05
3483092.0567824645,29.900000000000908,Timer,timer_menten_prolif,0,0.05
3481445.0961352335,29.91000000000091,Timer,timer_menten_prolif,0,0.05
3479833.6831238735,29.92000000000091,Timer,timer_menten_prolif,0,0.05
3478257.3532453547,29.930000000000913,Timer,timer_menten_prolif,0,0.05
3476715.635819929,29.940000000000914,Timer,timer_menten_prolif,0,0.05
3475208.0535629056,29.950000000000916,Timer,timer_menten_prolif,0,0.05
3473734.121181491,29.960000000000917,Timer,timer_menten_prolif,0,0.05
3472293.3471760424,29.97000000000092,Timer,timer_menten_prolif,0,0.05
3470885.233398969,29.98000000000092,Timer,timer_menten_prolif,0,0.05
3469509.277052606,29.990000000000922,Timer,timer_menten_prolif,0,0.05
3468164.9666476175,30.000000000000924,Timer,timer_menten_prolif,0,0.05
3466851.785143944,30.010000000000925,Timer,timer_menten_prolif,0,0.05
3465569.2092428585,30.020000000000927,Timer,timer_menten_prolif,0,0.05
3464316.7104031374,30.03000000000093,Timer,timer_menten_prolif,0,0.05
3463093.7542220782,30.04000000000093,Timer,timer_menten_prolif,0,0.05
3461899.799347751,30.05000000000093,Timer,timer_menten_prolif,0,0.05
3460734.2991541596,30.060000000000933,Timer,timer_menten_prolif,0,0.05
3459596.701419254,30.070000000000935,Timer,timer_menten_prolif,0,0.05
3458486.450301473,30.080000000000936,Timer,timer_menten_prolif,0,0.05
3457402.982298282,30.090000000000938,Timer,timer_menten_prolif,0,0.05
3456345.7294860585,30.10000000000094,Timer,timer_menten_prolif,0,0.05
3455314.118823957,30.11000000000094,Timer,timer_menten_prolif,0,0.05
3454307.573237029,30.120000000000942,Timer,timer_menten_prolif,0,0.05
3453325.5108354,30.130000000000944,Timer,timer_menten_prolif,0,0.05
3452367.344176315,30.140000000000946,Timer,timer_menten_prolif,0,0.05
3451432.4817626663,30.150000000000947,Timer,timer_menten_prolif,0,0.05
3450520.327837191,30.16000000000095,Timer,timer_menten_prolif,0,0.05
3449630.283994624,30.17000000000095,Timer,timer_menten_prolif,0,0.05
3448761.7459053397,30.180000000000952,Timer,timer_menten_prolif,0,0.05
3447914.106069171,30.190000000000953,Timer,timer_menten_prolif,0,0.05
3447086.7532783756,30.200000000000955,Timer,timer_menten_prolif,0,0.05
3446279.073608013,30.210000000000957,Timer,timer_menten_prolif,0,0.05
3445490.4496466415,30.220000000000958,Timer,timer_menten_prolif,0,0.05
3444720.2601731718,30.23000000000096,Timer,timer_menten_prolif,0,0.05
3443967.881303284,30.24000000000096,Timer,timer_menten_prolif,0,0.05
3443232.6864329665,30.250000000000963,Timer,timer_menten_prolif,0,0.05
3442514.047461335,30.260000000000964,Timer,timer_menten_prolif,0,0.05
3441811.33237244,30.270000000000966,Timer,timer_menten_prolif,0,0.05
3441123.907407649,30.280000000000967,Timer,timer_menten_prolif,0,0.05
3440451.136706558,30.29000000000097,Timer,timer_menten_prolif,0,0.05
3439792.3831546204,30.30000000000097,Timer,timer_menten_prolif,0,0.05
3439147.007723178,30.310000000000972,Timer,timer_menten_prolif,0,0.05
3438514.3694606367,30.320000000000974,Timer,timer_menten_prolif,0,0.05
3437893.82631715,30.330000000000975,Timer,timer_menten_prolif,0,0.05
3437284.735196094,30.340000000000977,Timer,timer_menten_prolif,0,0.05
3436686.4527673293,30.35000000000098,Timer,timer_menten_prolif,0,0.05
3436098.334013857,30.36000000000098,Timer,timer_menten_prolif,0,0.05
3435519.7337084096,30.37000000000098,Timer,timer_menten_prolif,0,0.05
3434950.0062556653,30.380000000000983,Timer,timer_menten_prolif,0,0.05
3434388.506276294,30.390000000000985,Timer,timer_menten_prolif,0,0.05
3433834.5882550734,30.400000000000986,Timer,timer_menten_prolif,0,0.05
3433287.6067263028,30.410000000000988,Timer,timer_menten_prolif,0,0.05
3432746.9167660493,30.42000000000099,Timer,timer_menten_prolif,0,0.05
3432211.8741335683,30.43000000000099,Timer,timer_menten_prolif,0,0.05
3431681.835714994,30.440000000000992,Timer,timer_menten_prolif,0,0.05
3431156.1589243663,30.450000000000994,Timer,timer_menten_prolif,0,0.05
3430634.2025662437,30.460000000000996,Timer,timer_menten_prolif,0,0.05
3430115.326840782,30.470000000000997,Timer,timer_menten_prolif,0,0.05
3429598.893534866,30.480000000001,Timer,timer_menten_prolif,0,0.05
3429084.2664207197,30.490000000001,Timer,timer_menten_prolif,0,0.05
3428570.8110096985,30.500000000001002,Timer,timer_menten_prolif,0,0.05
3428057.8950517653,30.510000000001003,Timer,timer_menten_prolif,0,0.05
3427544.8886703965,30.520000000001005,Timer,timer_menten_prolif,0,0.05
3427031.164545074,30.530000000001007,Timer,timer_menten_prolif,0,0.05
3426516.097883404,30.540000000001008,Timer,timer_menten_prolif,0,0.05
3425999.06694072,30.55000000000101,Timer,timer_menten_prolif,0,0.05
3425479.4531882703,30.56000000000101,Timer,timer_menten_prolif,0,0.05
3424956.641329071,30.570000000001013,Timer,timer_menten_prolif,0,0.05
3424430.01956104,30.580000000001014,Timer,timer_menten_prolif,0,0.05
3423898.9793794984,30.590000000001016,Timer,timer_menten_prolif,0,0.05
3423362.9157997165,30.600000000001017,Timer,timer_menten_prolif,0,0.05
3422821.2287136596,30.61000000000102,Timer,timer_menten_prolif,0,0.05
3422273.321831256,30.62000000000102,Timer,timer_menten_prolif,0,0.05
3421718.6032414585,30.630000000001022,Timer,timer_menten_prolif,0,0.05
3421156.485391962,30.640000000001024,Timer,timer_menten_prolif,0,0.05
3420586.383957428,30.650000000001025,Timer,timer_menten_prolif,0,0.05
3420007.7215904957,30.660000000001027,Timer,timer_menten_prolif,0,0.05
3419419.925160343,30.67000000000103,Timer,timer_menten_prolif,0,0.05
3418822.426730464,30.68000000000103,Timer,timer_menten_prolif,0,0.05
3418214.6637351406,30.69000000000103,Timer,timer_menten_prolif,0,0.05
3417596.07700066,30.700000000001033,Timer,timer_menten_prolif,0,0.05
3416966.115247178,30.710000000001035,Timer,timer_menten_prolif,0,0.05
3416324.2325459663,30.720000000001036,Timer,timer_menten_prolif,0,0.05
3415669.8887027698,30.730000000001038,Timer,timer_menten_prolif,0,0.05
3415002.5496228775,30.74000000000104,Timer,timer_menten_prolif,0,0.05
3414321.68578452,30.75000000000104,Timer,timer_menten_prolif,0,0.05
3413626.7745864615,30.760000000001043,Timer,timer_menten_prolif,0,0.05
3412917.301072703,30.770000000001044,Timer,timer_menten_prolif,0,0.05
3412192.756163937,30.780000000001046,Timer,timer_menten_prolif,0,0.05
3411452.637519844,30.790000000001047,Timer,timer_menten_prolif,0,0.05
3410696.448701434,30.80000000000105,Timer,timer_menten_prolif,0,0.05
3409923.698844406,30.81000000000105,Timer,timer_menten_prolif,0,0.05
3409133.907018751,30.820000000001052,Timer,timer_menten_prolif,0,0.05
3408326.598237153,30.830000000001053,Timer,timer_menten_prolif,0,0.05
3407501.3048006734,30.840000000001055,Timer,timer_menten_prolif,0,0.05
3406657.5661827903,30.850000000001057,Timer,timer_menten_prolif,0,0.05
3405794.9259694954,30.860000000001058,Timer,timer_menten_prolif,0,0.05
3404912.939853167,30.87000000000106,Timer,timer_menten_prolif,0,0.05
3404011.169454062,30.88000000000106,Timer,timer_menten_prolif,0,0.05
3403089.1841313876,30.890000000001063,Timer,timer_menten_prolif,0,0.05
3402146.5611005016,30.900000000001064,Timer,timer_menten_prolif,0,0.05
3401182.882240006,30.910000000001066,Timer,timer_menten_prolif,0,0.05
3400197.740474431,30.920000000001068,Timer,timer_menten_prolif,0,0.05
3399190.736555722,30.93000000000107,Timer,timer_menten_prolif,0,0.05
3398161.4788433844,30.94000000000107,Timer,timer_menten_prolif,0,0.05
3397109.583883169,30.950000000001072,Timer,timer_menten_prolif,0,0.05
3396034.674357171,30.960000000001074,Timer,timer_menten_prolif,0,0.05
3394936.3814437087,30.970000000001075,Timer,timer_menten_prolif,0,0.05
3393814.346755822,30.980000000001077,Timer,timer_menten_prolif,0,0.05
3392668.2191064246,30.99000000000108,Timer,timer_menten_prolif,0,0.05
3391497.6557213725,31.00000000000108,Timer,timer_menten_prolif,0,0.05
3390302.3212728365,31.01000000000108,Timer,timer_menten_prolif,0,0.05
3389081.886640081,31.020000000001083,Timer,timer_menten_prolif,0,0.05
3387836.035231216,31.030000000001085,Timer,timer_menten_prolif,0,0.05
3386564.457290809,31.040000000001086,Timer,timer_menten_prolif,0,0.05
3385266.851603985,31.050000000001088,Timer,timer_menten_prolif,0,0.05
3383942.9254504517,31.06000000000109,Timer,timer_menten_prolif,0,0.05
3382592.3904640535,31.07000000000109,Timer,timer_menten_prolif,0,0.05
3381214.972292248,31.080000000001093,Timer,timer_menten_prolif,0,0.05
3379810.403122156,31.090000000001094,Timer,timer_menten_prolif,0,0.05
3378378.423714501,31.100000000001096,Timer,timer_menten_prolif,0,0.05
3376918.7834408595,31.110000000001097,Timer,timer_menten_prolif,0,0.05
3375431.237203208,31.1200000000011,Timer,timer_menten_prolif,0,0.05
3373915.55096599,31.1300000000011,Timer,timer_menten_prolif,0,0.05
3372371.499555513,31.140000000001102,Timer,timer_menten_prolif,0,0.05
3370798.8656759686,31.150000000001103,Timer,timer_menten_prolif,0,0.05
3369197.440565884,31.160000000001105,Timer,timer_menten_prolif,0,0.05
3367567.022205109,31.170000000001107,Timer,timer_menten_prolif,0,0.05
3365907.416831087,31.180000000001108,Timer,timer_menten_prolif,0,0.05
3364218.441372184,31.19000000000111,Timer,timer_menten_prolif,0,0.05
3362499.9200291433,31.20000000000111,Timer,timer_menten_prolif,0,0.05
3360751.6853737393,31.210000000001113,Timer,timer_menten_prolif,0,0.05
3358973.57743249,31.220000000001114,Timer,timer_menten_prolif,0,0.05
3357165.4417311903,31.230000000001116,Timer,timer_menten_prolif,0,0.05
3355327.137054571,31.240000000001118,Timer,timer_menten_prolif,0,0.05
3353458.528467887,31.25000000000112,Timer,timer_menten_prolif,0,0.05
3351559.4893018766,31.26000000000112,Timer,timer_menten_prolif,0,0.05
3349629.9005826395,31.270000000001122,Timer,timer_menten_prolif,0,0.05
3347669.6471213717,31.280000000001124,Timer,timer_menten_prolif,0,0.05
3345678.627665016,31.290000000001125,Timer,timer_menten_prolif,0,0.05
3343656.746921655,31.300000000001127,Timer,timer_menten_prolif,0,0.05
3341603.917447789,31.31000000000113,Timer,timer_menten_prolif,0,0.05
3339520.0547791217,31.32000000000113,Timer,timer_menten_prolif,0,0.05
3337405.088501932,31.33000000000113,Timer,timer_menten_prolif,0,0.05
3335258.9538961956,31.340000000001133,Timer,timer_menten_prolif,0,0.05
3333081.5940796537,31.350000000001135,Timer,timer_menten_prolif,0,0.05
3330872.9541209796,31.360000000001136,Timer,timer_menten_prolif,0,0.05
3328632.9933319883,31.370000000001138,Timer,timer_menten_prolif,0,0.05
3326361.6766680935,31.38000000000114,Timer,timer_menten_prolif,0,0.05
3324058.9765376057,31.39000000000114,Timer,timer_menten_prolif,0,0.05
3321724.8668724336,31.400000000001143,Timer,timer_menten_prolif,0,0.05
3319359.334799313,31.410000000001144,Timer,timer_menten_prolif,0,0.05
3316962.3739761394,31.420000000001146,Timer,timer_menten_prolif,0,0.05
3314533.984800663,31.430000000001147,Timer,timer_menten_prolif,0,0.05
3312074.169039039,31.44000000000115,Timer,timer_menten_prolif,0,0.05
3309582.9400384165,31.45000000000115,Timer,timer_menten_prolif,0,0.05
3307060.318845216,31.460000000001152,Timer,timer_menten_prolif,0,0.05
3304506.332431133,31.470000000001153,Timer,timer_menten_prolif,0,0.05
3301921.0092421477,31.480000000001155,Timer,timer_menten_prolif,0,0.05
3299304.387266647,31.490000000001157,Timer,timer_menten_prolif,0,0.05
3296656.5135014374,31.500000000001158,Timer,timer_menten_prolif,0,0.05
3293977.4400107674,31.51000000000116,Timer,timer_menten_prolif,0,0.05
3291267.2218176154,31.52000000000116,Timer,timer_menten_prolif,0,0.05
3288525.920121857,31.530000000001163,Timer,timer_menten_prolif,0,0.05
3285753.6054845173,31.540000000001164,Timer,timer_menten_prolif,0,0.05
3282950.352444494,31.550000000001166,Timer,timer_menten_prolif,0,0.05
3280116.2379772365,31.560000000001168,Timer,timer_menten_prolif,0,0.05
3277251.3494239827,31.57000000000117,Timer,timer_menten_prolif,0,0.05
3274355.7784605892,31.58000000000117,Timer,timer_menten_prolif,0,0.05
3271429.6190127055,31.590000000001172,Timer,timer_menten_prolif,0,0.05
3268472.973244936,31.600000000001174,Timer,timer_menten_prolif,0,0.05
3265485.94895145,31.610000000001175,Timer,timer_menten_prolif,0,0.05
3262468.65729455,31.620000000001177,Timer,timer_menten_prolif,0,0.05
3259421.2132541416,31.63000000000118,Timer,timer_menten_prolif,0,0.05
3256343.740217371,31.64000000000118,Timer,timer_menten_prolif,0,0.05
3253236.3656675,31.65000000000118,Timer,timer_menten_prolif,0,0.05
3250099.2161511322,31.660000000001183,Timer,timer_menten_prolif,0,0.05
3246932.430234668,31.670000000001185,Timer,timer_menten_prolif,0,0.05
3243736.148656482,31.680000000001186,Timer,timer_menten_prolif,0,0.05
3240510.513432308,31.690000000001188,Timer,timer_menten_prolif,0,0.05
3237255.672941641,31.70000000000119,Timer,timer_menten_prolif,0,0.05
3233971.7814347353,31.71000000000119,Timer,timer_menten_prolif,0,0.05
3230658.9963372992,31.720000000001193,Timer,timer_menten_prolif,0,0.05
3227317.47863732,31.730000000001194,Timer,timer_menten_prolif,0,0.05
3223947.3915976994,31.740000000001196,Timer,timer_menten_prolif,0,0.05
3220548.9042931097,31.750000000001197,Timer,timer_menten_prolif,0,0.05
3217122.1883385666,31.7600000000012,Timer,timer_menten_prolif,0,0.05
3213667.4185553533,31.7700000000012,Timer,timer_menten_prolif,0,0.05
3210184.7758312384,31.780000000001202,Timer,timer_menten_prolif,0,0.05
3206674.441713226,31.790000000001204,Timer,timer_menten_prolif,0,0.05
3203136.6007482363,31.800000000001205,Timer,timer_menten_prolif,0,0.05
3199571.4407572243,31.810000000001207,Timer,timer_menten_prolif,0,0.05
3195979.153832742,31.820000000001208,Timer,timer_menten_prolif,0,0.05
3192359.936819349,31.83000000000121,Timer,timer_menten_prolif,0,0.05
3188713.9856332247,31.84000000000121,Timer,timer_menten_prolif,0,0.05
3185041.5004364136,31.850000000001213,Timer,timer_menten_prolif,0,0.05
3181342.684039556,31.860000000001214,Timer,timer_menten_prolif,0,0.05
3177617.7434255416,31.870000000001216,Timer,timer_menten_prolif,0,0.05
3173866.886439129,31.880000000001218,Timer,timer_menten_prolif,0,0.05
3170090.323903082,31.89000000000122,Timer,timer_menten_prolif,0,0.05
3166288.269107783,31.90000000000122,Timer,timer_menten_prolif,0,0.05
3162460.9373086467,31.910000000001222,Timer,timer_menten_prolif,0,0.05
3158608.545858312,31.920000000001224,Timer,timer_menten_prolif,0,0.05
3154731.31469326,31.930000000001225,Timer,timer_menten_prolif,0,0.05
3150829.4655437307,31.940000000001227,Timer,timer_menten_prolif,0,0.05
3146903.222018216,31.95000000000123,Timer,timer_menten_prolif,0,0.05
3142952.808923579,31.96000000000123,Timer,timer_menten_prolif,0,0.05
3138978.45362425,31.97000000000123,Timer,timer_menten_prolif,0,0.05
3134980.3847847097,31.980000000001233,Timer,timer_menten_prolif,0,0.05
3130958.832591021,31.990000000001235,Timer,timer_menten_prolif,0,0.05
3126914.0286578694,32.000000000001236,Timer,timer_menten_prolif,0,0.05
3122846.206576473,32.01000000000124,Timer,timer_menten_prolif,0,0.05
3118755.600853426,32.02000000000124,Timer,timer_menten_prolif,0,0.05
3114642.4468974927,32.03000000000124,Timer,timer_menten_prolif,0,0.05
3110506.981444215,32.04000000000124,Timer,timer_menten_prolif,0,0.05
3106349.4422516767,32.05000000000125,Timer,timer_menten_prolif,0,0.05
3102170.0684446134,32.060000000001246,Timer,timer_menten_prolif,0,0.05
3097969.101230667,32.070000000001244,Timer,timer_menten_prolif,0,0.05
3093746.7806070913,32.08000000000125,Timer,timer_menten_prolif,0,0.05
3089503.34816546,32.090000000001254,Timer,timer_menten_prolif,0,0.05
3085239.0461912854,32.10000000000125,Timer,timer_menten_prolif,0,0.05
3080954.1175841484,32.11000000000125,Timer,timer_menten_prolif,0,0.05
3076648.807264536,32.120000000001255,Timer,timer_menten_prolif,0,0.05
3072323.359157986,32.13000000000126,Timer,timer_menten_prolif,0,0.05
3067978.0178478668,32.14000000000126,Timer,timer_menten_prolif,0,0.05
3063613.0284845717,32.150000000001256,Timer,timer_menten_prolif,0,0.05
3059228.6365352045,32.16000000000126,Timer,timer_menten_prolif,0,0.05
3054825.088178549,32.17000000000127,Timer,timer_menten_prolif,0,0.05
3050402.6300454326,32.180000000001264,Timer,timer_menten_prolif,0,0.05
3045961.508043873,32.19000000000126,Timer,timer_menten_prolif,0,0.05
3041501.9685710054,32.20000000000127,Timer,timer_menten_prolif,0,0.05
3037024.258047836,32.21000000000127,Timer,timer_menten_prolif,0,0.05
3032528.6228802255,32.22000000000127,Timer,timer_menten_prolif,0,0.05
3028015.3104794216,32.23000000000127,Timer,timer_menten_prolif,0,0.05
3023484.566677658,32.240000000001274,Timer,timer_menten_prolif,0,0.05
3018936.6376491995,32.25000000000128,Timer,timer_menten_prolif,0,0.05
3014371.769317555,32.26000000000128,Timer,timer_menten_prolif,0,0.05
3009790.207293053,32.270000000001275,Timer,timer_menten_prolif,0,0.05
3005192.19778511,32.28000000000128,Timer,timer_menten_prolif,0,0.05
3000577.986118771,32.290000000001285,Timer,timer_menten_prolif,0,0.05
2995947.8165524583,32.30000000000128,Timer,timer_menten_prolif,0,0.05
2991301.9332635794,32.31000000000128,Timer,timer_menten_prolif,0,0.05
2986640.5798757533,32.320000000001286,Timer,timer_menten_prolif,0,0.05
2981963.9994012965,32.33000000000129,Timer,timer_menten_prolif,0,0.05
2977272.435585236,32.34000000000129,Timer,timer_menten_prolif,0,0.05
2972566.1307893787,32.35000000000129,Timer,timer_menten_prolif,0,0.05
2967845.325797097,32.36000000000129,Timer,timer_menten_prolif,0,0.05
2963110.261235177,32.3700000000013,Timer,timer_menten_prolif,0,0.05
2958361.1769336564,32.380000000001296,Timer,timer_menten_prolif,0,0.05
2953598.311875277,32.390000000001294,Timer,timer_menten_prolif,0,0.05
2948821.9056149963,32.4000000000013,Timer,timer_menten_prolif,0,0.05
2944032.1960549047,32.410000000001304,Timer,timer_menten_prolif,0,0.05
2939229.419285263,32.4200000000013,Timer,timer_menten_prolif,0,0.05
2934413.811056829,32.4300000000013,Timer,timer_menten_prolif,0,0.05
2929585.6061269892,32.440000000001305,Timer,timer_menten_prolif,0,0.05
2924745.038216522,32.45000000000131,Timer,timer_menten_prolif,0,0.05
2919892.341232059,32.46000000000131,Timer,timer_menten_prolif,0,0.05
2915027.7473372426,32.470000000001306,Timer,timer_menten_prolif,0,0.05
2910151.4868468335,32.48000000000131,Timer,timer_menten_prolif,0,0.05
2905263.789470136,32.49000000000132,Timer,timer_menten_prolif,0,0.05
2900364.883754882,32.500000000001315,Timer,timer_menten_prolif,0,0.05
2895454.997050219,32.51000000000131,Timer,timer_menten_prolif,0,0.05
2890534.35658992,32.52000000000132,Timer,timer_menten_prolif,0,0.05
2885603.1877749227,32.53000000000132,Timer,timer_menten_prolif,0,0.05
2880661.7141077784,32.54000000000132,Timer,timer_menten_prolif,0,0.05
2875710.158272874,32.55000000000132,Timer,timer_menten_prolif,0,0.05
2870748.741651334,32.560000000001324,Timer,timer_menten_prolif,0,0.05
2865777.6842895057,32.57000000000133,Timer,timer_menten_prolif,0,0.05
2860797.205952616,32.58000000000133,Timer,timer_menten_prolif,0,0.05
2855807.524454175,32.590000000001325,Timer,timer_menten_prolif,0,0.05
2850808.855622664,32.60000000000133,Timer,timer_menten_prolif,0,0.05
2845801.4143316573,32.610000000001335,Timer,timer_menten_prolif,0,0.05
2840785.4140397883,32.62000000000133,Timer,timer_menten_prolif,0,0.05
2835761.066764515,32.63000000000133,Timer,timer_menten_prolif,0,0.05
2830728.5841190116,32.640000000001336,Timer,timer_menten_prolif,0,0.05
2825688.175669365,32.65000000000134,Timer,timer_menten_prolif,0,0.05
2820640.0489316424,32.66000000000134,Timer,timer_menten_prolif,0,0.05
2815584.410365667,32.67000000000134,Timer,timer_menten_prolif,0,0.05
2810521.4649343984,32.68000000000134,Timer,timer_menten_prolif,0,0.05
2805451.4160828697,32.69000000000135,Timer,timer_menten_prolif,0,0.05
2800374.466699822,32.700000000001346,Timer,timer_menten_prolif,0,0.05
2795290.8175923554,32.710000000001344,Timer,timer_menten_prolif,0,0.05
2790200.6675093845,32.72000000000135,Timer,timer_menten_prolif,0,0.05
2785104.2140450636,32.730000000001354,Timer,timer_menten_prolif,0,0.05
2780001.6532396097,32.74000000000135,Timer,timer_menten_prolif,0,0.05
2774893.17956296,32.75000000000135,Timer,timer_menten_prolif,0,0.05
2769778.986765272,32.760000000001355,Timer,timer_menten_prolif,0,0.05
2764659.2665250385,32.77000000000136,Timer,timer_menten_prolif,0,0.05
2759534.208492073,32.78000000000136,Timer,timer_menten_prolif,0,0.05
2754404.0010706135,32.790000000001356,Timer,timer_menten_prolif,0,0.05
2749268.8310737954,32.80000000000136,Timer,timer_menten_prolif,0,0.05
2744128.8837114833,32.81000000000137,Timer,timer_menten_prolif,0,0.05
2738984.3433420043,32.820000000001365,Timer,timer_menten_prolif,0,0.05
2733835.3922753725,32.83000000000136,Timer,timer_menten_prolif,0,0.05
2728682.210830952,32.84000000000137,Timer,timer_menten_prolif,0,0.05
2723524.9780157777,32.85000000000137,Timer,timer_menten_prolif,0,0.05
2718363.871226051,32.86000000000137,Timer,timer_menten_prolif,0,0.05
2713199.0662385873,32.87000000000137,Timer,timer_menten_prolif,0,0.05
2708030.737887618,32.880000000001374,Timer,timer_menten_prolif,0,0.05
2702859.0589868035,32.89000000000138,Timer,timer_menten_prolif,0,0.05
2697684.20039892,32.90000000000138,Timer,timer_menten_prolif,0,0.05
2692506.3316343166,32.910000000001375,Timer,timer_menten_prolif,0,0.05
2687325.6205888735,32.92000000000138,Timer,timer_menten_prolif,0,0.05
2682142.2335387236,32.930000000001385,Timer,timer_menten_prolif,0,0.05
2676956.3357480867,32.94000000000138,Timer,timer_menten_prolif,0,0.05
2671768.090501207,32.95000000000138,Timer,timer_menten_prolif,0,0.05
2666577.6591808763,32.960000000001386,Timer,timer_menten_prolif,0,0.05
2661385.2017951664,32.97000000000139,Timer,timer_menten_prolif,0,0.05
2656190.876748303,32.98000000000139,Timer,timer_menten_prolif,0,0.05
2650994.8408382684,32.99000000000139,Timer,timer_menten_prolif,0,0.05
2645797.2497895295,33.00000000000139,Timer,timer_menten_prolif,0,0.05
2640598.2574052005,33.0100000000014,Timer,timer_menten_prolif,0,0.05
2635398.015649747,33.020000000001396,Timer,timer_menten_prolif,0,0.05
2630196.675101331,33.030000000001394,Timer,timer_menten_prolif,0,0.05
2624994.384756661,33.0400000000014,Timer,timer_menten_prolif,0,0.05
2619791.2920311065,33.050000000001404,Timer,timer_menten_prolif,0,0.05
2614587.543214746,33.0600000000014,Timer,timer_menten_prolif,0,0.05
2609383.28274776,33.0700000000014,Timer,timer_menten_prolif,0,0.05
2604178.653303152,33.080000000001405,Timer,timer_menten_prolif,0,0.05
2598973.796166268,33.09000000000141,Timer,timer_menten_prolif,0,0.05
2593768.851072832,33.10000000000141,Timer,timer_menten_prolif,0,0.05
2588563.9562111767,33.110000000001406,Timer,timer_menten_prolif,0,0.05
2583359.2486088797,33.12000000000141,Timer,timer_menten_prolif,0,0.05
2578154.86352038,33.13000000000142,Timer,timer_menten_prolif,0,0.05
2572950.9345072825,33.140000000001415,Timer,timer_menten_prolif,0,0.05
2567747.593753705,33.15000000000141,Timer,timer_menten_prolif,0,0.05
2562544.9719337043,33.16000000000142,Timer,timer_menten_prolif,0,0.05
2557343.1982153105,33.17000000000142,Timer,timer_menten_prolif,0,0.05
2552142.4006970255,33.18000000000142,Timer,timer_menten_prolif,0,0.05
2546942.7056553112,33.19000000000142,Timer,timer_menten_prolif,0,0.05
2541744.237716265,33.200000000001424,Timer,timer_menten_prolif,0,0.05
2536547.120192506,33.21000000000143,Timer,timer_menten_prolif,0,0.05
2531351.4749286165,33.22000000000143,Timer,timer_menten_prolif,0,0.05
2526157.4223062196,33.230000000001425,Timer,timer_menten_prolif,0,0.05
2520965.0812490685,33.24000000000143,Timer,timer_menten_prolif,0,0.05
2515774.5697208247,33.250000000001435,Timer,timer_menten_prolif,0,0.05
2510586.003994135,33.26000000000143,Timer,timer_menten_prolif,0,0.05
2505399.498542797,33.27000000000143,Timer,timer_menten_prolif,0,0.05
2500215.166676914,33.280000000001436,Timer,timer_menten_prolif,0,0.05
2495033.120297541,33.29000000000144,Timer,timer_menten_prolif,0,0.05
2489853.469903149,33.30000000000144,Timer,timer_menten_prolif,0,0.05
2484676.3245961075,33.31000000000144,Timer,timer_menten_prolif,0,0.05
2479501.792486383,33.32000000000144,Timer,timer_menten_prolif,0,0.05
2474329.980235684,33.33000000000145,Timer,timer_menten_prolif,0,0.05
2469160.992656527,33.340000000001446,Timer,timer_menten_prolif,0,0.05
2463994.933487793,33.350000000001444,Timer,timer_menten_prolif,0,0.05
2458831.905126659,33.36000000000145,Timer,timer_menten_prolif,0,0.05
2453672.008636405,33.370000000001454,Timer,timer_menten_prolif,0,0.05
2448515.3437542072,33.38000000000145,Timer,timer_menten_prolif,0,0.05
2443362.0091275624,33.39000000000145,Timer,timer_menten_prolif,0,0.05
2438212.102157238,33.400000000001455,Timer,timer_menten_prolif,0,0.05
2433065.7185261864,33.41000000000146,Timer,timer_menten_prolif,0,0.05
2427922.952851652,33.42000000000146,Timer,timer_menten_prolif,0,0.05
2422783.8984788605,33.430000000001456,Timer,timer_menten_prolif,0,0.05
2417648.647489729,33.44000000000146,Timer,timer_menten_prolif,0,0.05
2412517.290711585,33.45000000000147,Timer,timer_menten_prolif,0,0.05
2407389.917831833,33.460000000001465,Timer,timer_menten_prolif,0,0.05
2402266.6173966266,33.47000000000146,Timer,timer_menten_prolif,0,0.05
2397147.4764374853,33.48000000000147,Timer,timer_menten_prolif,0,0.05
2392032.580910731,33.49000000000147,Timer,timer_menten_prolif,0,0.05
2386922.0155702285,33.50000000000147,Timer,timer_menten_prolif,0,0.05
2381815.863976609,33.51000000000147,Timer,timer_menten_prolif,0,0.05
2376714.2085065045,33.520000000001474,Timer,timer_menten_prolif,0,0.05
2371617.1304114056,33.53000000000148,Timer,timer_menten_prolif,0,0.05
2366524.709869557,33.54000000000148,Timer,timer_menten_prolif,0,0.05
2361437.025701993,33.550000000001475,Timer,timer_menten_prolif,0,0.05
2356354.155677702,33.56000000000148,Timer,timer_menten_prolif,0,0.05
2351276.1764329956,33.570000000001485,Timer,timer_menten_prolif,0,0.05
2346203.163481048,33.58000000000148,Timer,timer_menten_prolif,0,0.05
2341135.191221432,33.59000000000148,Timer,timer_menten_prolif,0,0.05
2336072.332991053,33.60000000000149,Timer,timer_menten_prolif,0,0.05
2331014.6611561403,33.61000000000149,Timer,timer_menten_prolif,0,0.05
2325962.246729628,33.62000000000149,Timer,timer_menten_prolif,0,0.05
2320915.1597734885,33.63000000000149,Timer,timer_menten_prolif,0,0.05
2315873.4692861517,33.64000000000149,Timer,timer_menten_prolif,0,0.05
2310837.243212168,33.6500000000015,Timer,timer_menten_prolif,0,0.05
2305806.5484518507,33.660000000001496,Timer,timer_menten_prolif,0,0.05
2300781.4508709256,33.670000000001494,Timer,timer_menten_prolif,0,0.05
2295762.0153101888,33.6800000000015,Timer,timer_menten_prolif,0,0.05
2290748.3055951647,33.690000000001504,Timer,timer_menten_prolif,0,0.05
2285740.384673011,33.7000000000015,Timer,timer_menten_prolif,0,0.05
2280738.3143966165,33.7100000000015,Timer,timer_menten_prolif,0,0.05
2275742.1555577917,33.720000000001505,Timer,timer_menten_prolif,0,0.05
2270751.9680394856,33.73000000000151,Timer,timer_menten_prolif,0,0.05
2265767.8107599844,33.74000000000151,Timer,timer_menten_prolif,0,0.05
2260789.7416826654,33.750000000001506,Timer,timer_menten_prolif,0,0.05
2255817.817825764,33.76000000000151,Timer,timer_menten_prolif,0,0.05
2250852.095272142,33.77000000000152,Timer,timer_menten_prolif,0,0.05
2245892.62917904,33.780000000001515,Timer,timer_menten_prolif,0,0.05
2240939.4737872677,33.79000000000151,Timer,timer_menten_prolif,0,0.05
2235992.6823328957,33.80000000000152,Timer,timer_menten_prolif,0,0.05
2231052.307311128,33.81000000000152,Timer,timer_menten_prolif,0,0.05
2226118.4002651903,33.82000000000152,Timer,timer_menten_prolif,0,0.05
2221191.0118604735,33.83000000000152,Timer,timer_menten_prolif,0,0.05
2216270.1918942495,33.840000000001524,Timer,timer_menten_prolif,0,0.05
2211355.989305396,33.85000000000153,Timer,timer_menten_prolif,0,0.05
2206448.452184097,33.86000000000153,Timer,timer_menten_prolif,0,0.05
2201547.627781554,33.870000000001525,Timer,timer_menten_prolif,0,0.05
2196653.5625197026,33.88000000000153,Timer,timer_menten_prolif,0,0.05
2191766.3017915697,33.890000000001535,Timer,timer_menten_prolif,0,0.05
2186885.8901251135,33.90000000000153,Timer,timer_menten_prolif,0,0.05
2182012.37171109,33.91000000000153,Timer,timer_menten_prolif,0,0.05
2177145.7896956108,33.92000000000154,Timer,timer_menten_prolif,0,0.05
2172286.186438049,33.93000000000154,Timer,timer_menten_prolif,0,0.05
2167433.603520467,33.94000000000154,Timer,timer_menten_prolif,0,0.05
2162588.081757044,33.95000000000154,Timer,timer_menten_prolif,0,0.05
2157749.6612035157,33.96000000000154,Timer,timer_menten_prolif,0,0.05
2152918.3811666127,33.97000000000155,Timer,timer_menten_prolif,0,0.05
2148094.280213491,33.980000000001546,Timer,timer_menten_prolif,0,0.05
2143277.395461019,33.990000000001544,Timer,timer_menten_prolif,0,0.05
2138467.764209703,34.00000000000155,Timer,timer_menten_prolif,0,0.05
2133665.422925949,34.010000000001554,Timer,timer_menten_prolif,0,0.05
2128870.4072198817,34.02000000000155,Timer,timer_menten_prolif,0,0.05
2124082.7519993763,34.03000000000155,Timer,timer_menten_prolif,0,0.05
2119302.491479054,34.040000000001555,Timer,timer_menten_prolif,0,0.05
2114529.659189279,34.05000000000156,Timer,timer_menten_prolif,0,0.05
2109764.287985132,34.06000000000156,Timer,timer_menten_prolif,0,0.05
2105006.4100553934,34.070000000001556,Timer,timer_menten_prolif,0,0.05
2100256.056750782,34.08000000000156,Timer,timer_menten_prolif,0,0.05
2095513.2581480402,34.09000000000157,Timer,timer_menten_prolif,0,0.05
2090778.0449894718,34.100000000001565,Timer,timer_menten_prolif,0,0.05
2086050.4467876346,34.11000000000156,Timer,timer_menten_prolif,0,0.05
2081330.4924226822,34.12000000000157,Timer,timer_menten_prolif,0,0.05
2076618.210150837,34.13000000000157,Timer,timer_menten_prolif,0,0.05
2071913.627612859,34.14000000000157,Timer,timer_menten_prolif,0,0.05
2067216.771842505,34.15000000000157,Timer,timer_menten_prolif,0,0.05
2062527.6692750105,34.160000000001574,Timer,timer_menten_prolif,0,0.05
2057846.3457555608,34.17000000000158,Timer,timer_menten_prolif,0,0.05
2053172.8259313398,34.18000000000158,Timer,timer_menten_prolif,0,0.05
2048507.134318834,34.190000000001575,Timer,timer_menten_prolif,0,0.05
2043849.2952848352,34.20000000000158,Timer,timer_menten_prolif,0,0.05
2039199.332289394,34.210000000001585,Timer,timer_menten_prolif,0,0.05
2034557.268233143,34.22000000000158,Timer,timer_menten_prolif,0,0.05
2029923.125465219,34.23000000000158,Timer,timer_menten_prolif,0,0.05
2025296.925791205,34.24000000000159,Timer,timer_menten_prolif,0,0.05
2020678.6904810704,34.25000000000159,Timer,timer_menten_prolif,0,0.05
2016068.4402770954,34.26000000000159,Timer,timer_menten_prolif,0,0.05
2011466.1954017985,34.27000000000159,Timer,timer_menten_prolif,0,0.05
2006871.97439993,34.28000000000159,Timer,timer_menten_prolif,0,0.05
2002285.797124695,34.2900000000016,Timer,timer_menten_prolif,0,0.05
1997707.6821881067,34.300000000001596,Timer,timer_menten_prolif,0,0.05
1993137.647693608,34.310000000001594,Timer,timer_menten_prolif,0,0.05
1988575.7112520728,34.3200000000016,Timer,timer_menten_prolif,0,0.05
1984021.889989193,34.330000000001604,Timer,timer_menten_prolif,0,0.05
1979476.200552836,34.3400000000016,Timer,timer_menten_prolif,0,0.05
1974938.6591204135,34.3500000000016,Timer,timer_menten_prolif,0,0.05
1970409.2814062568,34.360000000001605,Timer,timer_menten_prolif,0,0.05
1965888.0822516663,34.37000000000161,Timer,timer_menten_prolif,0,0.05
1961375.0758867692,34.38000000000161,Timer,timer_menten_prolif,0,0.05
1956870.2771061226,34.390000000001606,Timer,timer_menten_prolif,0,0.05
1952373.6997292396,34.40000000000161,Timer,timer_menten_prolif,0,0.05
1947885.3571368372,34.41000000000162,Timer,timer_menten_prolif,0,0.05
1943405.2622776213,34.420000000001615,Timer,timer_menten_prolif,0,0.05
1938933.4276750695,34.43000000000161,Timer,timer_menten_prolif,0,0.05
1934469.8654342252,34.44000000000162,Timer,timer_menten_prolif,0,0.05
1930014.5872484916,34.45000000000162,Timer,timer_menten_prolif,0,0.05
1925567.604406416,34.46000000000162,Timer,timer_menten_prolif,0,0.05
1921128.926882672,34.47000000000162,Timer,timer_menten_prolif,0,0.05
1916698.5653817179,34.480000000001624,Timer,timer_menten_prolif,0,0.05
1912276.5301128179,34.49000000000163,Timer,timer_menten_prolif,0,0.05
1907862.8306920298,34.50000000000163,Timer,timer_menten_prolif,0,0.05
1903457.4763516989,34.510000000001625,Timer,timer_menten_prolif,0,0.05
1899060.475946681,34.52000000000163,Timer,timer_menten_prolif,0,0.05
1894671.8379605499,34.530000000001635,Timer,timer_menten_prolif,0,0.05
1890291.5705118002,34.54000000000163,Timer,timer_menten_prolif,0,0.05
1885919.6813600485,34.55000000000163,Timer,timer_menten_prolif,0,0.05
1881556.1777329186,34.56000000000164,Timer,timer_menten_prolif,0,0.05
1877201.0657918812,34.57000000000164,Timer,timer_menten_prolif,0,0.05
1872854.3528077432,34.58000000000164,Timer,timer_menten_prolif,0,0.05
1868516.0450575612,34.59000000000164,Timer,timer_menten_prolif,0,0.05
1864186.1484785972,34.60000000000164,Timer,timer_menten_prolif,0,0.05
1859864.6686739738,34.61000000000165,Timer,timer_menten_prolif,0,0.05
1855551.6109183175,34.620000000001646,Timer,timer_menten_prolif,0,0.05
1851246.980163396,34.630000000001644,Timer,timer_menten_prolif,0,0.05
1846950.781043778,34.64000000000165,Timer,timer_menten_prolif,0,0.05
1842663.017882485,34.650000000001654,Timer,timer_menten_prolif,0,0.05
1838383.6941095772,34.66000000000165,Timer,timer_menten_prolif,0,0.05
1834112.8132423111,34.67000000000165,Timer,timer_menten_prolif,0,0.05
1829850.378951626,34.680000000001655,Timer,timer_menten_prolif,0,0.05
1825596.3942633332,34.69000000000166,Timer,timer_menten_prolif,0,0.05
1821350.861908434,34.70000000000166,Timer,timer_menten_prolif,0,0.05
1817113.7843282265,34.710000000001656,Timer,timer_menten_prolif,0,0.05
1812885.1636794386,34.72000000000166,Timer,timer_menten_prolif,0,0.05
1808665.0018393504,34.73000000000167,Timer,timer_menten_prolif,0,0.05
1804453.30041091,34.740000000001665,Timer,timer_menten_prolif,0,0.05
1800250.0607278468,34.75000000000166,Timer,timer_menten_prolif,0,0.05
1796055.2828488366,34.76000000000167,Timer,timer_menten_prolif,0,0.05
1791868.9681241368,34.77000000000167,Timer,timer_menten_prolif,0,0.05
1787691.1170367694,34.78000000000167,Timer,timer_menten_prolif,0,0.05
1783521.7297894289,34.79000000000167,Timer,timer_menten_prolif,0,0.05
1779360.8063301782,34.800000000001674,Timer,timer_menten_prolif,0,0.05
1775208.346357077,34.81000000000168,Timer,timer_menten_prolif,0,0.05
1771064.3493227984,34.82000000000168,Timer,timer_menten_prolif,0,0.05
1766928.8144392495,34.830000000001675,Timer,timer_menten_prolif,0,0.05
1762801.740682196,34.84000000000168,Timer,timer_menten_prolif,0,0.05
1758683.1264769847,34.850000000001685,Timer,timer_menten_prolif,0,0.05
1754572.9698538617,34.86000000000168,Timer,timer_menten_prolif,0,0.05
1750471.26945767,34.87000000000168,Timer,timer_menten_prolif,0,0.05
1746378.0232730666,34.88000000000169,Timer,timer_menten_prolif,0,0.05
1742293.2290616415,34.89000000000169,Timer,timer_menten_prolif,0,0.05
1738216.884366068,34.90000000000169,Timer,timer_menten_prolif,0,0.05
1734148.9865142575,34.91000000000169,Timer,timer_menten_prolif,0,0.05
1730089.5326235206,34.92000000000169,Timer,timer_menten_prolif,0,0.05
1726038.519604732,34.9300000000017,Timer,timer_menten_prolif,0,0.05
1721995.94416648,34.940000000001696,Timer,timer_menten_prolif,0,0.05
1717961.8021546795,34.950000000001694,Timer,timer_menten_prolif,0,0.05
1713936.0900128498,34.9600000000017,Timer,timer_menten_prolif,0,0.05
1709918.8039487451,34.970000000001704,Timer,timer_menten_prolif,0,0.05
1705909.939813647,34.9800000000017,Timer,timer_menten_prolif,0,0.05
1701909.4932678386,34.9900000000017,Timer,timer_menten_prolif,0,0.05
1697917.4597843336,35.000000000001705,Timer,timer_menten_prolif,0,0.05
1693933.8346526073,35.01000000000171,Timer,timer_menten_prolif,0,0.05
1689958.6129823183,35.02000000000171,Timer,timer_menten_prolif,0,0.05
1685991.7897070264,35.030000000001706,Timer,timer_menten_prolif,0,0.05
1682033.3594723586,35.04000000000171,Timer,timer_menten_prolif,0,0.05
1678083.3162153433,35.05000000000172,Timer,timer_menten_prolif,0,0.05
1674141.6547615235,35.060000000001715,Timer,timer_menten_prolif,0,0.05
1670208.3693000618,35.07000000000171,Timer,timer_menten_prolif,0,0.05
1666283.4538541792,35.08000000000172,Timer,timer_menten_prolif,0,0.05
1662366.9022844913,35.09000000000172,Timer,timer_menten_prolif,0,0.05
1658458.7082923301,35.10000000000172,Timer,timer_menten_prolif,0,0.05
1654558.8654230689,35.11000000000172,Timer,timer_menten_prolif,0,0.05
1650667.3670694553,35.120000000001724,Timer,timer_menten_prolif,0,0.05
1646784.2064749463,35.13000000000173,Timer,timer_menten_prolif,0,0.05
1642909.3763474734,35.14000000000173,Timer,timer_menten_prolif,0,0.05
1639042.8694856735,35.150000000001725,Timer,timer_menten_prolif,0,0.05
1635184.6788835912,35.16000000000173,Timer,timer_menten_prolif,0,0.05
1631334.7971473136,35.170000000001735,Timer,timer_menten_prolif,0,0.05
1627493.2167424057,35.18000000000173,Timer,timer_menten_prolif,0,0.05
1623659.9299968733,35.19000000000173,Timer,timer_menten_prolif,0,0.05
1619834.9291041358,35.20000000000174,Timer,timer_menten_prolif,0,0.05
1616018.206125998,35.21000000000174,Timer,timer_menten_prolif,0,0.05
1612209.7529956126,35.22000000000174,Timer,timer_menten_prolif,0,0.05
1608409.5615204417,35.23000000000174,Timer,timer_menten_prolif,0,0.05
1604617.6227296244,35.24000000000174,Timer,timer_menten_prolif,0,0.05
1600833.9285240895,35.25000000000175,Timer,timer_menten_prolif,0,0.05
1597058.4703121725,35.260000000001746,Timer,timer_menten_prolif,0,0.05
1593291.2393586724,35.270000000001744,Timer,timer_menten_prolif,0,0.05
1589532.2268102565,35.28000000000175,Timer,timer_menten_prolif,0,0.05
1585781.4236981026,35.290000000001754,Timer,timer_menten_prolif,0,0.05
1582038.820940533,35.30000000000175,Timer,timer_menten_prolif,0,0.05
1578304.4093456478,35.31000000000175,Timer,timer_menten_prolif,0,0.05
1574578.1796139698,35.320000000001755,Timer,timer_menten_prolif,0,0.05
1570860.1221465063,35.33000000000176,Timer,timer_menten_prolif,0,0.05
1567150.2271102318,35.34000000000176,Timer,timer_menten_prolif,0,0.05
1563448.4851286483,35.35000000000176,Timer,timer_menten_prolif,0,0.05
1559754.8864390913,35.36000000000176,Timer,timer_menten_prolif,0,0.05
1556069.4211780895,35.37000000000177,Timer,timer_menten_prolif,0,0.05
1552392.079383704,35.380000000001765,Timer,timer_menten_prolif,0,0.05
1548722.8509978615,35.39000000000176,Timer,timer_menten_prolif,0,0.05
1545061.7258687,35.40000000000177,Timer,timer_menten_prolif,0,0.05
1541408.6937529177,35.41000000000177,Timer,timer_menten_prolif,0,0.05
1537763.7443181043,35.42000000000177,Timer,timer_menten_prolif,0,0.05
1534126.8667413844,35.43000000000177,Timer,timer_menten_prolif,0,0.05
1530498.050582448,35.440000000001774,Timer,timer_menten_prolif,0,0.05
1526877.2853127494,35.45000000000178,Timer,timer_menten_prolif,0,0.05
1523264.5602110918,35.46000000000178,Timer,timer_menten_prolif,0,0.05
1519659.864472963,35.470000000001775,Timer,timer_menten_prolif,0,0.05
1516063.1872126132,35.48000000000178,Timer,timer_menten_prolif,0,0.05
1512474.517465131,35.490000000001785,Timer,timer_menten_prolif,0,0.05
1508893.84418851,35.50000000000178,Timer,timer_menten_prolif,0,0.05
1505321.1562657154,35.51000000000178,Timer,timer_menten_prolif,0,0.05
1501756.4424434302,35.52000000000179,Timer,timer_menten_prolif,0,0.05
1498199.6910508925,35.53000000000179,Timer,timer_menten_prolif,0,0.05
1494650.891005159,35.54000000000179,Timer,timer_menten_prolif,0,0.05
1491110.0308628457,35.55000000000179,Timer,timer_menten_prolif,0,0.05
1487577.0991107486,35.56000000000179,Timer,timer_menten_prolif,0,0.05
1484052.0841676777,35.5700000000018,Timer,timer_menten_prolif,0,0.05
1480534.9743862825,35.580000000001796,Timer,timer_menten_prolif,0,0.05
1477025.7580548772,35.590000000001794,Timer,timer_menten_prolif,0,0.05
1473524.4233992756,35.6000000000018,Timer,timer_menten_prolif,0,0.05
1470030.9585846285,35.610000000001804,Timer,timer_menten_prolif,0,0.05
1466545.3514902587,35.6200000000018,Timer,timer_menten_prolif,0,0.05
1463067.5900597875,35.6300000000018,Timer,timer_menten_prolif,0,0.05
1459597.6623996599,35.640000000001805,Timer,timer_menten_prolif,0,0.05
1456135.5564065084,35.65000000000181,Timer,timer_menten_prolif,0,0.05
1452681.259920716,35.66000000000181,Timer,timer_menten_prolif,0,0.05
1449234.7607280235,35.67000000000181,Timer,timer_menten_prolif,0,0.05
1445796.0465611457,35.68000000000181,Timer,timer_menten_prolif,0,0.05
1442365.1051013903,35.69000000000182,Timer,timer_menten_prolif,0,0.05
1438941.923980265,35.700000000001815,Timer,timer_menten_prolif,0,0.05
1435526.4907810863,35.71000000000181,Timer,timer_menten_prolif,0,0.05
1432118.792663034,35.72000000000182,Timer,timer_menten_prolif,0,0.05
1428718.8173030256,35.73000000000182,Timer,timer_menten_prolif,0,0.05
1425326.5521312756,35.74000000000182,Timer,timer_menten_prolif,0,0.05
1421941.9845136509,35.75000000000182,Timer,timer_menten_prolif,0,0.05
1418565.10177162,35.760000000001824,Timer,timer_menten_prolif,0,0.05
1415195.8911836739,35.77000000000183,Timer,timer_menten_prolif,0,0.05
1411834.3399867406,35.78000000000183,Timer,timer_menten_prolif,0,0.05
1408480.4353776043,35.790000000001825,Timer,timer_menten_prolif,0,0.05
1405134.1645143242,35.80000000000183,Timer,timer_menten_prolif,0,0.05
1401795.5144104538,35.810000000001835,Timer,timer_menten_prolif,0,0.05
1398464.4719535352,35.82000000000183,Timer,timer_menten_prolif,0,0.05
1395141.024330577,35.83000000000183,Timer,timer_menten_prolif,0,0.05
1391825.1585246972,35.84000000000184,Timer,timer_menten_prolif,0,0.05
1388516.8614836764,35.85000000000184,Timer,timer_menten_prolif,0,0.05
1385216.1201212015,35.86000000000184,Timer,timer_menten_prolif,0,0.05
1381922.9213181082,35.87000000000184,Timer,timer_menten_prolif,0,0.05
1378637.2519236314,35.88000000000184,Timer,timer_menten_prolif,0,0.05
1375359.098756658,35.89000000000185,Timer,timer_menten_prolif,0,0.05
1372088.4486069703,35.900000000001846,Timer,timer_menten_prolif,0,0.05
1368825.2880106664,35.910000000001844,Timer,timer_menten_prolif,0,0.05
1365569.6037303628,35.92000000000185,Timer,timer_menten_prolif,0,0.05
1362321.38251257,35.930000000001854,Timer,timer_menten_prolif,0,0.05
1359080.61101119,35.94000000000185,Timer,timer_menten_prolif,0,0.05
1355847.2758538665,35.95000000000185,Timer,timer_menten_prolif,0,0.05
1352621.3636430805,35.960000000001855,Timer,timer_menten_prolif,0,0.05
1349402.8609572467,35.97000000000186,Timer,timer_menten_prolif,0,0.05
1346191.754351806,35.98000000000186,Timer,timer_menten_prolif,0,0.05
1342988.030360307,35.99000000000186,Timer,timer_menten_prolif,0,0.05
1339791.675463492,36.00000000000186,Timer,timer_menten_prolif,0,0.05
1336602.6759154093,36.01000000000187,Timer,timer_menten_prolif,0,0.05
1333421.0183332427,36.020000000001865,Timer,timer_menten_prolif,0,0.05
1330246.6891472887,36.03000000000186,Timer,timer_menten_prolif,0,0.05
1327079.6747684958,36.04000000000187,Timer,timer_menten_prolif,0,0.05
1323919.9615894253,36.05000000000187,Timer,timer_menten_prolif,0,0.05
1320767.5359852018,36.06000000000187,Timer,timer_menten_prolif,0,0.05
1317622.3843144656,36.07000000000187,Timer,timer_menten_prolif,0,0.05
1314484.4929203305,36.080000000001874,Timer,timer_menten_prolif,0,0.05
1311353.848131347,36.09000000000188,Timer,timer_menten_prolif,0,0.05
1308230.4361398448,36.10000000000188,Timer,timer_menten_prolif,0,0.05
1305114.2431826263,36.110000000001875,Timer,timer_menten_prolif,0,0.05
1302005.255615694,36.12000000000188,Timer,timer_menten_prolif,0,0.05
1298903.4596942738,36.130000000001885,Timer,timer_menten_prolif,0,0.05
1295808.8416611585,36.14000000000188,Timer,timer_menten_prolif,0,0.05
1292721.3877475401,36.15000000000188,Timer,timer_menten_prolif,0,0.05
1289641.0841738484,36.16000000000189,Timer,timer_menten_prolif,0,0.05
1286567.917150587,36.17000000000189,Timer,timer_menten_prolif,0,0.05
1283501.8728791666,36.18000000000189,Timer,timer_menten_prolif,0,0.05
1280442.9375527306,36.19000000000189,Timer,timer_menten_prolif,0,0.05
1277391.0971048896,36.20000000000189,Timer,timer_menten_prolif,0,0.05
1274346.3378447713,36.2100000000019,Timer,timer_menten_prolif,0,0.05
1271308.6459421457,36.220000000001896,Timer,timer_menten_prolif,0,0.05
1268278.0075433846,36.230000000001894,Timer,timer_menten_prolif,0,0.05
1265254.4087886736,36.2400000000019,Timer,timer_menten_prolif,0,0.05
1262237.8358127645,36.250000000001904,Timer,timer_menten_prolif,0,0.05
1259228.27474572,36.2600000000019,Timer,timer_menten_prolif,0,0.05
1256225.7117136572,36.2700000000019,Timer,timer_menten_prolif,0,0.05
1253230.1328395014,36.280000000001905,Timer,timer_menten_prolif,0,0.05
1250241.5242437366,36.29000000000191,Timer,timer_menten_prolif,0,0.05
1247259.8719909615,36.30000000000191,Timer,timer_menten_prolif,0,0.05
1244285.1619516655,36.31000000000191,Timer,timer_menten_prolif,0,0.05
1241317.380411259,36.32000000000191,Timer,timer_menten_prolif,0,0.05
1238356.5134630671,36.33000000000192,Timer,timer_menten_prolif,0,0.05
1235402.547199255,36.340000000001915,Timer,timer_menten_prolif,0,0.05
1232455.467711471,36.35000000000191,Timer,timer_menten_prolif,0,0.05
1229515.2610914912,36.36000000000192,Timer,timer_menten_prolif,0,0.05
1226581.913431873,36.37000000000192,Timer,timer_menten_prolif,0,0.05
1223655.410826591,36.38000000000192,Timer,timer_menten_prolif,0,0.05
1220735.7393716797,36.39000000000192,Timer,timer_menten_prolif,0,0.05
1217822.8851658811,36.400000000001924,Timer,timer_menten_prolif,0,0.05
1214916.8341761418,36.41000000000193,Timer,timer_menten_prolif,0,0.05
1212017.5723924828,36.42000000000193,Timer,timer_menten_prolif,0,0.05
1209125.0860375953,36.430000000001925,Timer,timer_menten_prolif,0,0.05
1206239.3612021431,36.44000000000193,Timer,timer_menten_prolif,0,0.05
1203360.3839802572,36.450000000001936,Timer,timer_menten_prolif,0,0.05
1200488.1404700698,36.46000000000193,Timer,timer_menten_prolif,0,0.05
1197622.6167742524,36.47000000000193,Timer,timer_menten_prolif,0,0.05
1194763.799000564,36.48000000000194,Timer,timer_menten_prolif,0,0.05
1191911.6732623922,36.49000000000194,Timer,timer_menten_prolif,0,0.05
1189066.2256792942,36.50000000000194,Timer,timer_menten_prolif,0,0.05
1186227.442377531,36.51000000000194,Timer,timer_menten_prolif,0,0.05
1183395.309305846,36.52000000000194,Timer,timer_menten_prolif,0,0.05
1180569.8126287842,36.53000000000195,Timer,timer_menten_prolif,0,0.05
1177750.9385375683,36.540000000001946,Timer,timer_menten_prolif,0,0.05
1174938.6731693093,36.550000000001944,Timer,timer_menten_prolif,0,0.05
1172133.0026684785,36.56000000000195,Timer,timer_menten_prolif,0,0.05
1169333.9131873692,36.570000000001954,Timer,timer_menten_prolif,0,0.05
1166541.3908865463,36.58000000000195,Timer,timer_menten_prolif,0,0.05
1163755.4219353031,36.59000000000195,Timer,timer_menten_prolif,0,0.05
1160975.992512116,36.600000000001955,Timer,timer_menten_prolif,0,0.05
1158203.0888051093,36.61000000000196,Timer,timer_menten_prolif,0,0.05
1155436.6970125062,36.62000000000196,Timer,timer_menten_prolif,0,0.05
1152676.8031334903,36.63000000000196,Timer,timer_menten_prolif,0,0.05
1149923.3935099847,36.64000000000196,Timer,timer_menten_prolif,0,0.05
1147176.4543616064,36.65000000000197,Timer,timer_menten_prolif,0,0.05
1144435.9719142031,36.660000000001965,Timer,timer_menten_prolif,0,0.05
1141701.9324043556,36.67000000000196,Timer,timer_menten_prolif,0,0.05
1138974.3220797733,36.68000000000197,Timer,timer_menten_prolif,0,0.05
1136253.127199686,36.69000000000197,Timer,timer_menten_prolif,0,0.05
1133538.3340352294,36.70000000000197,Timer,timer_menten_prolif,0,0.05
1130829.9288698311,36.71000000000197,Timer,timer_menten_prolif,0,0.05
1128127.8979996033,36.720000000001974,Timer,timer_menten_prolif,0,0.05
1125432.2276948185,36.73000000000198,Timer,timer_menten_prolif,0,0.05
1122742.904152266,36.74000000000198,Timer,timer_menten_prolif,0,0.05
1120059.9137972607,36.750000000001975,Timer,timer_menten_prolif,0,0.05
1117383.242966481,36.76000000000198,Timer,timer_menten_prolif,0,0.05
1114712.8780098525,36.770000000001986,Timer,timer_menten_prolif,0,0.05
1112048.8052908788,36.78000000000198,Timer,timer_menten_prolif,0,0.05
1109391.0111869648,36.79000000000198,Timer,timer_menten_prolif,0,0.05
1106739.4820897535,36.80000000000199,Timer,timer_menten_prolif,0,0.05
1104094.20440546,36.81000000000199,Timer,timer_menten_prolif,0,0.05
1101455.1645551987,36.82000000000199,Timer,timer_menten_prolif,0,0.05
1098822.3489753094,36.83000000000199,Timer,timer_menten_prolif,0,0.05
1096195.7440188308,36.84000000000199,Timer,timer_menten_prolif,0,0.05
1093575.3361015427,36.850000000002,Timer,timer_menten_prolif,0,0.05
1090961.1117780195,36.860000000001996,Timer,timer_menten_prolif,0,0.05
1088353.0575357294,36.870000000001994,Timer,timer_menten_prolif,0,0.05
1085751.159877879,36.880000000002,Timer,timer_menten_prolif,0,0.05
1083155.4053237038,36.890000000002004,Timer,timer_menten_prolif,0,0.05
1080565.7804087524,36.900000000002,Timer,timer_menten_prolif,0,0.05
1077982.2716851705,36.910000000002,Timer,timer_menten_prolif,0,0.05
1075404.8657219922,36.920000000002005,Timer,timer_menten_prolif,0,0.05
1072833.5491054314,36.93000000000201,Timer,timer_menten_prolif,0,0.05
1070268.3084391654,36.94000000000201,Timer,timer_menten_prolif,0,0.05
1067709.130344619,36.95000000000201,Timer,timer_menten_prolif,0,0.05
1065156.0013495905,36.96000000000201,Timer,timer_menten_prolif,0,0.05
1062608.9080345887,36.97000000000202,Timer,timer_menten_prolif,0,0.05
1060067.8371678377,36.980000000002015,Timer,timer_menten_prolif,0,0.05
1057532.775428767,36.99000000000201,Timer,timer_menten_prolif,0,0.05
1055003.7095146049,37.00000000000202,Timer,timer_menten_prolif,0,0.05
1052480.626140616,37.01000000000202,Timer,timer_menten_prolif,0,0.05
1049963.512040334,37.02000000000202,Timer,timer_menten_prolif,0,0.05
1047452.3539657933,37.03000000000202,Timer,timer_menten_prolif,0,0.05
1044947.1386877678,37.040000000002024,Timer,timer_menten_prolif,0,0.05
1042447.8529960084,37.05000000000203,Timer,timer_menten_prolif,0,0.05
1039954.4836994763,37.06000000000203,Timer,timer_menten_prolif,0,0.05
1037467.017626574,37.070000000002025,Timer,timer_menten_prolif,0,0.05
1034985.4415268204,37.08000000000203,Timer,timer_menten_prolif,0,0.05
1032509.7421811749,37.090000000002036,Timer,timer_menten_prolif,0,0.05
1030039.906571143,37.100000000002034,Timer,timer_menten_prolif,0,0.05
1027575.9215901443,37.11000000000203,Timer,timer_menten_prolif,0,0.05
1025117.7741508924,37.12000000000204,Timer,timer_menten_prolif,0,0.05
1022665.4511855863,37.13000000000204,Timer,timer_menten_prolif,0,0.05
1020218.9396460876,37.14000000000204,Timer,timer_menten_prolif,0,0.05
1017778.2265041051,37.15000000000204,Timer,timer_menten_prolif,0,0.05
1015343.2987513831,37.16000000000204,Timer,timer_menten_prolif,0,0.05
1012914.1433998891,37.17000000000205,Timer,timer_menten_prolif,0,0.05
1010490.7474819969,37.180000000002046,Timer,timer_menten_prolif,0,0.05
1008073.098050667,37.190000000002044,Timer,timer_menten_prolif,0,0.05
1005661.1821091536,37.20000000000205,Timer,timer_menten_prolif,0,0.05
1003254.986674258,37.210000000002054,Timer,timer_menten_prolif,0,0.05
1000854.4989388214,37.22000000000205,Timer,timer_menten_prolif,0,0.05
998459.7060282951,37.23000000000205,Timer,timer_menten_prolif,0,0.05
996070.5950886181,37.240000000002055,Timer,timer_menten_prolif,0,0.05
993687.1532863624,37.25000000000206,Timer,timer_menten_prolif,0,0.05
991309.3678088805,37.26000000000206,Timer,timer_menten_prolif,0,0.05
988937.2258644458,37.27000000000206,Timer,timer_menten_prolif,0,0.05
986570.7146824023,37.28000000000206,Timer,timer_menten_prolif,0,0.05
984209.8215133145,37.29000000000207,Timer,timer_menten_prolif,0,0.05
981854.5336291105,37.300000000002065,Timer,timer_menten_prolif,0,0.05
979504.838323225,37.31000000000206,Timer,timer_menten_prolif,0,0.05
977160.722861927,37.32000000000207,Timer,timer_menten_prolif,0,0.05
974822.1745153789,37.33000000000207,Timer,timer_menten_prolif,0,0.05
972489.1807041083,37.34000000000207,Timer,timer_menten_prolif,0,0.05
970161.7288001846,37.35000000000207,Timer,timer_menten_prolif,0,0.05
967839.8061971355,37.360000000002074,Timer,timer_menten_prolif,0,0.05
965523.4003100689,37.37000000000208,Timer,timer_menten_prolif,0,0.05
963212.4985757872,37.38000000000208,Timer,timer_menten_prolif,0,0.05
960907.0884528994,37.390000000002075,Timer,timer_menten_prolif,0,0.05
958607.1574219412,37.40000000000208,Timer,timer_menten_prolif,0,0.05
956312.6929854949,37.410000000002086,Timer,timer_menten_prolif,0,0.05
954023.6826683036,37.420000000002084,Timer,timer_menten_prolif,0,0.05
951740.1140173846,37.43000000000208,Timer,timer_menten_prolif,0,0.05
949461.9745639624,37.44000000000209,Timer,timer_menten_prolif,0,0.05
947189.2518358277,37.45000000000209,Timer,timer_menten_prolif,0,0.05
944921.9335035828,37.46000000000209,Timer,timer_menten_prolif,0,0.05
942660.0071968865,37.47000000000209,Timer,timer_menten_prolif,0,0.05
940403.4605675845,37.48000000000209,Timer,timer_menten_prolif,0,0.05
938152.2812898043,37.4900000000021,Timer,timer_menten_prolif,0,0.05
935906.4570600424,37.500000000002096,Timer,timer_menten_prolif,0,0.05
933665.9755972548,37.510000000002094,Timer,timer_menten_prolif,0,0.05
931430.8246429483,37.5200000000021,Timer,timer_menten_prolif,0,0.05
929200.9919612773,37.530000000002104,Timer,timer_menten_prolif,0,0.05
926976.4653391297,37.5400000000021,Timer,timer_menten_prolif,0,0.05
924757.2325862169,37.5500000000021,Timer,timer_menten_prolif,0,0.05
922543.2814950068,37.560000000002105,Timer,timer_menten_prolif,0,0.05
920334.5998421905,37.57000000000211,Timer,timer_menten_prolif,0,0.05
918131.1755788861,37.58000000000211,Timer,timer_menten_prolif,0,0.05
915932.9966001591,37.59000000000211,Timer,timer_menten_prolif,0,0.05
913740.0508238175,37.60000000000211,Timer,timer_menten_prolif,0,0.05
911552.3261904882,37.61000000000212,Timer,timer_menten_prolif,0,0.05
909369.8106636867,37.620000000002115,Timer,timer_menten_prolif,0,0.05
907192.4922298873,37.63000000000211,Timer,timer_menten_prolif,0,0.05
905020.3588985985,37.64000000000212,Timer,timer_menten_prolif,0,0.05
902853.3987024399,37.65000000000212,Timer,timer_menten_prolif,0,0.05
900691.5996972108,37.66000000000212,Timer,timer_menten_prolif,0,0.05
898534.949961962,37.67000000000212,Timer,timer_menten_prolif,0,0.05
896383.4375990701,37.680000000002124,Timer,timer_menten_prolif,0,0.05
894237.0507343145,37.69000000000213,Timer,timer_menten_prolif,0,0.05
892095.7774021996,37.70000000000213,Timer,timer_menten_prolif,0,0.05
889959.605788689,37.710000000002125,Timer,timer_menten_prolif,0,0.05
887828.5241311742,37.72000000000213,Timer,timer_menten_prolif,0,0.05
885702.5206410659,37.730000000002136,Timer,timer_menten_prolif,0,0.05
883581.5835528669,37.740000000002134,Timer,timer_menten_prolif,0,0.05
881465.7011242191,37.75000000000213,Timer,timer_menten_prolif,0,0.05
879354.8616359561,37.76000000000214,Timer,timer_menten_prolif,0,0.05
877249.0533921589,37.77000000000214,Timer,timer_menten_prolif,0,0.05
875148.2647202015,37.78000000000214,Timer,timer_menten_prolif,0,0.05
873052.4839707988,37.79000000000214,Timer,timer_menten_prolif,0,0.05
870961.6995180605,37.80000000000214,Timer,timer_menten_prolif,0,0.05
868875.899759545,37.81000000000215,Timer,timer_menten_prolif,0,0.05
866795.0731163055,37.820000000002146,Timer,timer_menten_prolif,0,0.05
864719.2080283987,37.830000000002144,Timer,timer_menten_prolif,0,0.05
862648.2928059676,37.84000000000215,Timer,timer_menten_prolif,0,0.05
860582.3160525656,37.850000000002154,Timer,timer_menten_prolif,0,0.05
858521.2662761314,37.86000000000215,Timer,timer_menten_prolif,0,0.05
856465.1320077425,37.87000000000215,Timer,timer_menten_prolif,0,0.05
854413.9018016516,37.880000000002156,Timer,timer_menten_prolif,0,0.05
852367.5642353164,37.89000000000216,Timer,timer_menten_prolif,0,0.05
850326.1079094277,37.90000000000216,Timer,timer_menten_prolif,0,0.05
848289.5214479372,37.91000000000216,Timer,timer_menten_prolif,0,0.05
846257.7934980888,37.92000000000216,Timer,timer_menten_prolif,0,0.05
844230.9127304524,37.93000000000217,Timer,timer_menten_prolif,0,0.05
842208.8678389502,37.940000000002165,Timer,timer_menten_prolif,0,0.05
840191.6475408847,37.95000000000216,Timer,timer_menten_prolif,0,0.05
838179.2405769695,37.96000000000217,Timer,timer_menten_prolif,0,0.05
836171.6356673144,37.97000000000217,Timer,timer_menten_prolif,0,0.05
834168.8215517502,37.98000000000217,Timer,timer_menten_prolif,0,0.05
832170.7870938567,37.99000000000217,Timer,timer_menten_prolif,0,0.05
830177.521122545,38.000000000002174,Timer,timer_menten_prolif,0,0.05
828189.0124898402,38.01000000000218,Timer,timer_menten_prolif,0,0.05
826205.2500708939,38.02000000000218,Timer,timer_menten_prolif,0,0.05
824226.2227639959,38.030000000002175,Timer,timer_menten_prolif,0,0.05
822251.9194905908,38.04000000000218,Timer,timer_menten_prolif,0,0.05
820282.3291952976,38.050000000002186,Timer,timer_menten_prolif,0,0.05
818317.440845919,38.060000000002184,Timer,timer_menten_prolif,0,0.05
816357.2434334558,38.07000000000218,Timer,timer_menten_prolif,0,0.05
814401.7259721223,38.08000000000219,Timer,timer_menten_prolif,0,0.05
812450.877499365,38.09000000000219,Timer,timer_menten_prolif,0,0.05
810504.6870758741,38.10000000000219,Timer,timer_menten_prolif,0,0.05
808563.143721563,38.11000000000219,Timer,timer_menten_prolif,0,0.05
806626.2365644091,38.12000000000219,Timer,timer_menten_prolif,0,0.05
804693.9547484692,38.1300000000022,Timer,timer_menten_prolif,0,0.05
802766.2874233138,38.140000000002196,Timer,timer_menten_prolif,0,0.05
800843.2237615013,38.150000000002194,Timer,timer_menten_prolif,0,0.05
798924.7529585835,38.1600000000022,Timer,timer_menten_prolif,0,0.05
797010.8642331138,38.170000000002204,Timer,timer_menten_prolif,0,0.05
795101.5468266469,38.1800000000022,Timer,timer_menten_prolif,0,0.05
793196.7900037405,38.1900000000022,Timer,timer_menten_prolif,0,0.05
791296.5830519618,38.200000000002206,Timer,timer_menten_prolif,0,0.05
789400.9152818944,38.21000000000221,Timer,timer_menten_prolif,0,0.05
787509.776027138,38.22000000000221,Timer,timer_menten_prolif,0,0.05
785623.154644311,38.23000000000221,Timer,timer_menten_prolif,0,0.05
783741.0405051375,38.24000000000221,Timer,timer_menten_prolif,0,0.05
781863.4229521031,38.25000000000222,Timer,timer_menten_prolif,0,0.05
779990.2914561663,38.260000000002215,Timer,timer_menten_prolif,0,0.05
778121.635462672,38.27000000000221,Timer,timer_menten_prolif,0,0.05
776257.4444397355,38.28000000000222,Timer,timer_menten_prolif,0,0.05
774397.7078782414,38.29000000000222,Timer,timer_menten_prolif,0,0.05
772542.415291834,38.30000000000222,Timer,timer_menten_prolif,0,0.05
770691.55621691,38.31000000000222,Timer,timer_menten_prolif,0,0.05
768845.1202126158,38.320000000002224,Timer,timer_menten_prolif,0,0.05
767003.096860845,38.33000000000223,Timer,timer_menten_prolif,0,0.05
765165.4757662297,38.34000000000223,Timer,timer_menten_prolif,0,0.05
763332.2465561333,38.350000000002225,Timer,timer_menten_prolif,0,0.05
761503.398880648,38.36000000000223,Timer,timer_menten_prolif,0,0.05
759678.9224125904,38.370000000002236,Timer,timer_menten_prolif,0,0.05
757858.8068076923,38.380000000002234,Timer,timer_menten_prolif,0,0.05
756043.0417656221,38.39000000000223,Timer,timer_menten_prolif,0,0.05
754231.6170612662,38.40000000000224,Timer,timer_menten_prolif,0,0.05
752424.5224551985,38.41000000000224,Timer,timer_menten_prolif,0,0.05
750621.7477304796,38.42000000000224,Timer,timer_menten_prolif,0,0.05
748823.2826926438,38.43000000000224,Timer,timer_menten_prolif,0,0.05
747029.1171696896,38.44000000000224,Timer,timer_menten_prolif,0,0.05
745239.2410120702,38.45000000000225,Timer,timer_menten_prolif,0,0.05
743453.6440926807,38.460000000002246,Timer,timer_menten_prolif,0,0.05
741672.3163068434,38.470000000002244,Timer,timer_menten_prolif,0,0.05
739895.2475722993,38.48000000000225,Timer,timer_menten_prolif,0,0.05
738122.4278291978,38.490000000002254,Timer,timer_menten_prolif,0,0.05
736353.847040085,38.50000000000225,Timer,timer_menten_prolif,0,0.05
734589.4951898877,38.51000000000225,Timer,timer_menten_prolif,0,0.05
732829.3622859052,38.520000000002256,Timer,timer_menten_prolif,0,0.05
731073.4383578008,38.53000000000226,Timer,timer_menten_prolif,0,0.05
729321.7133888747,38.54000000000226,Timer,timer_menten_prolif,0,0.05
727574.1774647099,38.55000000000226,Timer,timer_menten_prolif,0,0.05
725830.8207086565,38.56000000000226,Timer,timer_menten_prolif,0,0.05
724091.6332358622,38.57000000000227,Timer,timer_menten_prolif,0,0.05
722356.6051835178,38.580000000002265,Timer,timer_menten_prolif,0,0.05
720625.7267108384,38.59000000000226,Timer,timer_menten_prolif,0,0.05
718898.9879990446,38.60000000000227,Timer,timer_menten_prolif,0,0.05
717176.3792513479,38.61000000000227,Timer,timer_menten_prolif,0,0.05
715457.8906929273,38.62000000000227,Timer,timer_menten_prolif,0,0.05
713743.5125709097,38.63000000000227,Timer,timer_menten_prolif,0,0.05
712033.2351543515,38.640000000002274,Timer,timer_menten_prolif,0,0.05
710327.0487342235,38.65000000000228,Timer,timer_menten_prolif,0,0.05
708624.9436233896,38.66000000000228,Timer,timer_menten_prolif,0,0.05
706926.910156583,38.670000000002275,Timer,timer_menten_prolif,0,0.05
705232.9386903924,38.68000000000228,Timer,timer_menten_prolif,0,0.05
703543.019603244,38.690000000002286,Timer,timer_menten_prolif,0,0.05
701857.1432158314,38.700000000002284,Timer,timer_menten_prolif,0,0.05
700175.2999921005,38.71000000000228,Timer,timer_menten_prolif,0,0.05
698497.4803854465,38.72000000000229,Timer,timer_menten_prolif,0,0.05
696823.6748579768,38.73000000000229,Timer,timer_menten_prolif,0,0.05
695153.873893307,38.74000000000229,Timer,timer_menten_prolif,0,0.05
693488.0679965322,38.75000000000229,Timer,timer_menten_prolif,0,0.05
691826.2476942044,38.76000000000229,Timer,timer_menten_prolif,0,0.05
690168.403534308,38.7700000000023,Timer,timer_menten_prolif,0,0.05
688514.5260862327,38.780000000002296,Timer,timer_menten_prolif,0,0.05
686864.605940745,38.790000000002294,Timer,timer_menten_prolif,0,0.05
685218.6337099646,38.8000000000023,Timer,timer_menten_prolif,0,0.05
683576.6000273416,38.810000000002304,Timer,timer_menten_prolif,0,0.05
681938.4955476274,38.8200000000023,Timer,timer_menten_prolif,0,0.05
680304.3109468475,38.8300000000023,Timer,timer_menten_prolif,0,0.05
678674.0369222776,38.840000000002306,Timer,timer_menten_prolif,0,0.05
677047.6641910819,38.85000000000231,Timer,timer_menten_prolif,0,0.05
675425.1834322482,38.86000000000231,Timer,timer_menten_prolif,0,0.05
673806.5854520441,38.87000000000231,Timer,timer_menten_prolif,0,0.05
672191.8610303338,38.88000000000231,Timer,timer_menten_prolif,0,0.05
670581.0009679567,38.89000000000232,Timer,timer_menten_prolif,0,0.05
668973.9960866952,38.900000000002315,Timer,timer_menten_prolif,0,0.05
667370.8372292414,38.91000000000231,Timer,timer_menten_prolif,0,0.05
665771.51525917,38.92000000000232,Timer,timer_menten_prolif,0,0.05
664176.0210609097,38.93000000000232,Timer,timer_menten_prolif,0,0.05
662584.3455397114,38.94000000000232,Timer,timer_menten_prolif,0,0.05
660996.479621615,38.95000000000232,Timer,timer_menten_prolif,0,0.05
659412.4142534224,38.960000000002324,Timer,timer_menten_prolif,0,0.05
657832.1404026689,38.97000000000233,Timer,timer_menten_prolif,0,0.05
656255.6490575909,38.98000000000233,Timer,timer_menten_prolif,0,0.05
654682.9312270936,38.990000000002325,Timer,timer_menten_prolif,0,0.05
653113.9779407232,39.00000000000233,Timer,timer_menten_prolif,0,0.05
651548.7802417773,39.010000000002336,Timer,timer_menten_prolif,0,0.05
649987.329175425,39.020000000002334,Timer,timer_menten_prolif,0,0.05
648429.6158552787,39.03000000000233,Timer,timer_menten_prolif,0,0.05
646875.6313918522,39.04000000000234,Timer,timer_menten_prolif,0,0.05
645325.3669160616,39.05000000000234,Timer,timer_menten_prolif,0,0.05
643778.8135791919,39.06000000000234,Timer,timer_menten_prolif,0,0.05
642235.9625528617,39.07000000000234,Timer,timer_menten_prolif,0,0.05
640696.8050289918,39.08000000000234,Timer,timer_menten_prolif,0,0.05
639161.3322197753,39.09000000000235,Timer,timer_menten_prolif,0,0.05
637629.5353576427,39.100000000002346,Timer,timer_menten_prolif,0,0.05
636101.4056952267,39.110000000002344,Timer,timer_menten_prolif,0,0.05
634576.9345053316,39.12000000000235,Timer,timer_menten_prolif,0,0.05
633056.113080902,39.130000000002354,Timer,timer_menten_prolif,0,0.05
631538.9327349894,39.14000000000235,Timer,timer_menten_prolif,0,0.05
630025.3848007157,39.15000000000235,Timer,timer_menten_prolif,0,0.05
628515.4606312434,39.160000000002356,Timer,timer_menten_prolif,0,0.05
627009.1515900383,39.17000000000236,Timer,timer_menten_prolif,0,0.05
625506.4490595332,39.18000000000236,Timer,timer_menten_prolif,0,0.05
624007.3444656458,39.19000000000236,Timer,timer_menten_prolif,0,0.05
622511.8292404098,39.20000000000236,Timer,timer_menten_prolif,0,0.05
621019.8948356715,39.21000000000237,Timer,timer_menten_prolif,0,0.05
619531.5327230537,39.220000000002365,Timer,timer_menten_prolif,0,0.05
618046.7343939181,39.23000000000236,Timer,timer_menten_prolif,0,0.05
616565.4913593334,39.24000000000237,Timer,timer_menten_prolif,0,0.05
615087.7951500418,39.25000000000237,Timer,timer_menten_prolif,0,0.05
613613.6373164234,39.26000000000237,Timer,timer_menten_prolif,0,0.05
612143.0094284579,39.27000000000237,Timer,timer_menten_prolif,0,0.05
610675.9030756934,39.280000000002374,Timer,timer_menten_prolif,0,0.05
609212.3098672125,39.29000000000238,Timer,timer_menten_prolif,0,0.05
607752.2214315969,39.30000000000238,Timer,timer_menten_prolif,0,0.05
606295.6294168886,39.310000000002375,Timer,timer_menten_prolif,0,0.05
604842.5254905596,39.32000000000238,Timer,timer_menten_prolif,0,0.05
603392.9013218805,39.330000000002386,Timer,timer_menten_prolif,0,0.05
601946.7486155296,39.340000000002384,Timer,timer_menten_prolif,0,0.05
600504.05910863,39.35000000000238,Timer,timer_menten_prolif,0,0.05
599064.8245452283,39.36000000000239,Timer,timer_menten_prolif,0,0.05
597629.0366885831,39.37000000000239,Timer,timer_menten_prolif,0,0.05
596196.6873211286,39.38000000000239,Timer,timer_menten_prolif,0,0.05
594767.7682444347,39.39000000000239,Timer,timer_menten_prolif,0,0.05
593342.2712791751,39.40000000000239,Timer,timer_menten_prolif,0,0.05
591920.1882650917,39.4100000000024,Timer,timer_menten_prolif,0,0.05
590501.5110609587,39.420000000002396,Timer,timer_menten_prolif,0,0.05
589086.2315445428,39.430000000002394,Timer,timer_menten_prolif,0,0.05
587674.3416125709,39.4400000000024,Timer,timer_menten_prolif,0,0.05
586265.8331806952,39.450000000002404,Timer,timer_menten_prolif,0,0.05
584860.6981834563,39.4600000000024,Timer,timer_menten_prolif,0,0.05
583458.9285742451,39.4700000000024,Timer,timer_menten_prolif,0,0.05
582060.5163252681,39.480000000002406,Timer,timer_menten_prolif,0,0.05
580665.453427515,39.49000000000241,Timer,timer_menten_prolif,0,0.05
579273.7318907198,39.50000000000241,Timer,timer_menten_prolif,0,0.05
577885.3437433236,39.51000000000241,Timer,timer_menten_prolif,0,0.05
576500.2810174321,39.52000000000241,Timer,timer_menten_prolif,0,0.05
575118.5357668216,39.53000000000242,Timer,timer_menten_prolif,0,0.05
573740.1000940546,39.540000000002415,Timer,timer_menten_prolif,0,0.05
572364.9661011245,39.55000000000241,Timer,timer_menten_prolif,0,0.05
570993.1259085007,39.56000000000242,Timer,timer_menten_prolif,0,0.05
569624.5716550957,39.57000000000242,Timer,timer_menten_prolif,0,0.05
568259.2954982242,39.58000000000242,Timer,timer_menten_prolif,0,0.05
566897.2896135655,39.59000000000242,Timer,timer_menten_prolif,0,0.05
565538.546195127,39.600000000002424,Timer,timer_menten_prolif,0,0.05
564183.05745521,39.61000000000243,Timer,timer_menten_prolif,0,0.05
562830.8156243701,39.62000000000243,Timer,timer_menten_prolif,0,0.05
561481.812951379,39.630000000002426,Timer,timer_menten_prolif,0,0.05
560136.0417031876,39.64000000000243,Timer,timer_menten_prolif,0,0.05
558793.4941648927,39.650000000002436,Timer,timer_menten_prolif,0,0.05
557454.1626396971,39.660000000002434,Timer,timer_menten_prolif,0,0.05
556118.0394488703,39.67000000000243,Timer,timer_menten_prolif,0,0.05
554785.116931714,39.68000000000244,Timer,timer_menten_prolif,0,0.05
553455.3874455258,39.69000000000244,Timer,timer_menten_prolif,0,0.05
552128.8433655619,39.70000000000244,Timer,timer_menten_prolif,0,0.05
550805.4770791744,39.71000000000244,Timer,timer_menten_prolif,0,0.05
549485.2809840346,39.72000000000244,Timer,timer_menten_prolif,0,0.05
548168.2475229495,39.73000000000245,Timer,timer_menten_prolif,0,0.05
546854.3691420703,39.740000000002446,Timer,timer_menten_prolif,0,0.05
545543.638305287,39.750000000002444,Timer,timer_menten_prolif,0,0.05
544236.0474941907,39.76000000000245,Timer,timer_menten_prolif,0,0.05
542931.5892080391,39.770000000002454,Timer,timer_menten_prolif,0,0.05
541630.2559637155,39.78000000000245,Timer,timer_menten_prolif,0,0.05
540332.0402956902,39.79000000000245,Timer,timer_menten_prolif,0,0.05
539036.9347559834,39.800000000002456,Timer,timer_menten_prolif,0,0.05
537744.9319141296,39.81000000000246,Timer,timer_menten_prolif,0,0.05
536456.0243571383,39.82000000000246,Timer,timer_menten_prolif,0,0.05
535170.2046894532,39.83000000000246,Timer,timer_menten_prolif,0,0.05
533887.4655329173,39.84000000000246,Timer,timer_menten_prolif,0,0.05
532607.7995267354,39.85000000000247,Timer,timer_menten_prolif,0,0.05
531331.1993274363,39.860000000002465,Timer,timer_menten_prolif,0,0.05
530057.6576088313,39.87000000000246,Timer,timer_menten_prolif,0,0.05
528787.1670619787,39.88000000000247,Timer,timer_menten_prolif,0,0.05
527519.7203951481,39.89000000000247,Timer,timer_menten_prolif,0,0.05
526255.3103338128,39.90000000000247,Timer,timer_menten_prolif,0,0.05
524993.929620792,39.91000000000247,Timer,timer_menten_prolif,0,0.05
523735.57101554144,39.920000000002474,Timer,timer_menten_prolif,0,0.05
522480.2272947951,39.93000000000248,Timer,timer_menten_prolif,0,0.05
521227.8912523079,39.94000000000248,Timer,timer_menten_prolif,0,0.05
519978.55569881445,39.950000000002476,Timer,timer_menten_prolif,0,0.05
518732.2134619942,39.96000000000248,Timer,timer_menten_prolif,0,0.05
517488.85738643416,39.970000000002486,Timer,timer_menten_prolif,0,0.05
516248.48033359007,39.980000000002484,Timer,timer_menten_prolif,0,0.05
515011.0751817466,39.99000000000248,Timer,timer_menten_prolif,0,0.05
513776.6348259811,40.00000000000249,Timer,timer_menten_prolif,0,0.05
512545.1521781273,40.01000000000249,Timer,timer_menten_prolif,0,0.05
511316.62016673584,40.02000000000249,Timer,timer_menten_prolif,0,0.05
510091.03173703514,40.03000000000249,Timer,timer_menten_prolif,0,0.05
508868.37985089363,40.04000000000249,Timer,timer_menten_prolif,0,0.05
507648.6574867859,40.0500000000025,Timer,timer_menten_prolif,0,0.05
506431.8576397509,40.060000000002496,Timer,timer_menten_prolif,0,0.05
505217.9733213541,40.070000000002494,Timer,timer_menten_prolif,0,0.05
504006.99755964964,40.0800000000025,Timer,timer_menten_prolif,0,0.05
502798.9233991458,40.090000000002505,Timer,timer_menten_prolif,0,0.05
501593.74391653575,40.1000000000025,Timer,timer_menten_prolif,0,0.05
500391.45217733446,40.1100000000025,Timer,timer_menten_prolif,0,0.05
499192.04127510916,40.120000000002506,Timer,timer_menten_prolif,0,0.05
497995.5043201981,40.13000000000251,Timer,timer_menten_prolif,0,0.05
496801.8344392254,40.14000000000251,Timer,timer_menten_prolif,0,0.05
495611.02477505937,40.15000000000251,Timer,timer_menten_prolif,0,0.05
494423.0684867799,40.16000000000251,Timer,timer_menten_prolif,0,0.05
493237.9587496396,40.17000000000252,Timer,timer_menten_prolif,0,0.05
492055.68875502737,40.180000000002515,Timer,timer_menten_prolif,0,0.05
490876.2517104279,40.19000000000251,Timer,timer_menten_prolif,0,0.05
489699.64083938673,40.20000000000252,Timer,timer_menten_prolif,0,0.05
488525.849381474,40.21000000000252,Timer,timer_menten_prolif,0,0.05
487354.87059224566,40.22000000000252,Timer,timer_menten_prolif,0,0.05
486186.6977432049,40.23000000000252,Timer,timer_menten_prolif,0,0.05
485021.3241217652,40.240000000002524,Timer,timer_menten_prolif,0,0.05
483858.74303121655,40.25000000000253,Timer,timer_menten_prolif,0,0.05
482698.9477906849,40.26000000000253,Timer,timer_menten_prolif,0,0.05
481541.9317350934,40.270000000002526,Timer,timer_menten_prolif,0,0.05
480387.68821512756,40.28000000000253,Timer,timer_menten_prolif,0,0.05
479236.21061474946,40.290000000002536,Timer,timer_menten_prolif,0,0.05
478087.4923065895,40.300000000002534,Timer,timer_menten_prolif,0,0.05
476941.52668546885,40.31000000000253,Timer,timer_menten_prolif,0,0.05
475798.30716527975,40.32000000000254,Timer,timer_menten_prolif,0,0.05
474657.82717552123,40.33000000000254,Timer,timer_menten_prolif,0,0.05
473520.0801612607,40.34000000000254,Timer,timer_menten_prolif,0,0.05
472385.05958309525,40.35000000000254,Timer,timer_menten_prolif,0,0.05
471252.75891711726,40.36000000000254,Timer,timer_menten_prolif,0,0.05
470123.1716548791,40.37000000000255,Timer,timer_menten_prolif,0,0.05
468996.2913033549,40.380000000002546,Timer,timer_menten_prolif,0,0.05
467872.1113849024,40.390000000002544,Timer,timer_menten_prolif,0,0.05
466750.625437228,40.40000000000255,Timer,timer_menten_prolif,0,0.05
465631.82701335155,40.410000000002555,Timer,timer_menten_prolif,0,0.05
464515.7096815681,40.42000000000255,Timer,timer_menten_prolif,0,0.05
463402.26702540996,40.43000000000255,Timer,timer_menten_prolif,0,0.05
462291.4926436115,40.440000000002556,Timer,timer_menten_prolif,0,0.05
461183.3801500739,40.45000000000256,Timer,timer_menten_prolif,0,0.05
460077.9231738274,40.46000000000256,Timer,timer_menten_prolif,0,0.05
458975.11535899295,40.47000000000256,Timer,timer_menten_prolif,0,0.05
457874.95038766693,40.48000000000256,Timer,timer_menten_prolif,0,0.05
456777.4219274523,40.49000000000257,Timer,timer_menten_prolif,0,0.05
455682.5236579195,40.500000000002565,Timer,timer_menten_prolif,0,0.05
454590.24928377767,40.51000000000256,Timer,timer_menten_prolif,0,0.05
453500.59252467327,40.52000000000257,Timer,timer_menten_prolif,0,0.05
452413.5471151552,40.53000000000257,Timer,timer_menten_prolif,0,0.05
451329.1068046368,40.54000000000257,Timer,timer_menten_prolif,0,0.05
450247.26535735826,40.55000000000257,Timer,timer_menten_prolif,0,0.05
449168.01655235235,40.560000000002574,Timer,timer_menten_prolif,0,0.05
448091.35418341035,40.57000000000258,Timer,timer_menten_prolif,0,0.05
447017.2720590435,40.58000000000258,Timer,timer_menten_prolif,0,0.05
445945.7640024461,40.590000000002576,Timer,timer_menten_prolif,0,0.05
444876.8238514608,40.60000000000258,Timer,timer_menten_prolif,0,0.05
443810.4454585442,40.610000000002586,Timer,timer_menten_prolif,0,0.05
442746.62269072863,40.620000000002584,Timer,timer_menten_prolif,0,0.05
441685.3494295855,40.63000000000258,Timer,timer_menten_prolif,0,0.05
440626.6195711904,40.64000000000259,Timer,timer_menten_prolif,0,0.05
439570.42702608806,40.65000000000259,Timer,timer_menten_prolif,0,0.05
438516.76571925567,40.66000000000259,Timer,timer_menten_prolif,0,0.05
437465.62959006464,40.67000000000259,Timer,timer_menten_prolif,0,0.05
436417.01259224606,40.68000000000259,Timer,timer_menten_prolif,0,0.05
435370.908693857,40.6900000000026,Timer,timer_menten_prolif,0,0.05
434327.3118772417,40.700000000002596,Timer,timer_menten_prolif,0,0.05
433286.2161772292,40.710000000002594,Timer,timer_menten_prolif,0,0.05
432247.6155985445,40.7200000000026,Timer,timer_menten_prolif,0,0.05
431211.50414612354,40.730000000002605,Timer,timer_menten_prolif,0,0.05
430177.87586015905,40.7400000000026,Timer,timer_menten_prolif,0,0.05
429146.7247949993,40.7500000000026,Timer,timer_menten_prolif,0,0.05
428118.04501911544,40.760000000002606,Timer,timer_menten_prolif,0,0.05
427091.8306150675,40.77000000000261,Timer,timer_menten_prolif,0,0.05
426068.0756794679,40.78000000000261,Timer,timer_menten_prolif,0,0.05
425046.77432294487,40.79000000000261,Timer,timer_menten_prolif,0,0.05
424027.9206701094,40.80000000000261,Timer,timer_menten_prolif,0,0.05
423011.50885952095,40.81000000000262,Timer,timer_menten_prolif,0,0.05
421997.5330436516,40.820000000002615,Timer,timer_menten_prolif,0,0.05
420985.98738884885,40.83000000000261,Timer,timer_menten_prolif,0,0.05
419976.866075303,40.84000000000262,Timer,timer_menten_prolif,0,0.05
418970.1632970127,40.85000000000262,Timer,timer_menten_prolif,0,0.05
417965.8732617488,40.86000000000262,Timer,timer_menten_prolif,0,0.05
416963.9901910182,40.87000000000262,Timer,timer_menten_prolif,0,0.05
415964.50832002953,40.880000000002624,Timer,timer_menten_prolif,0,0.05
414967.4218976605,40.89000000000263,Timer,timer_menten_prolif,0,0.05
413972.7251864206,40.90000000000263,Timer,timer_menten_prolif,0,0.05
412980.4124624147,40.910000000002626,Timer,timer_menten_prolif,0,0.05
411990.47801531036,40.92000000000263,Timer,timer_menten_prolif,0,0.05
411002.9161483031,40.930000000002636,Timer,timer_menten_prolif,0,0.05
410017.72122536507,40.940000000002634,Timer,timer_menten_prolif,0,0.05
409034.88757623394,40.95000000000263,Timer,timer_menten_prolif,0,0.05
408054.4095138389,40.96000000000264,Timer,timer_menten_prolif,0,0.05
407076.2813965562,40.97000000000264,Timer,timer_menten_prolif,0,0.05
406100.4975961816,40.98000000000264,Timer,timer_menten_prolif,0,0.05
405127.05249789497,40.99000000000264,Timer,timer_menten_prolif,0,0.05
404155.94050022843,41.00000000000264,Timer,timer_menten_prolif,0,0.05
403187.15601503354,41.01000000000265,Timer,timer_menten_prolif,0,0.05
402220.6934674466,41.020000000002646,Timer,timer_menten_prolif,0,0.05
401256.5472958535,41.030000000002644,Timer,timer_menten_prolif,0,0.05
400294.71195185784,41.04000000000265,Timer,timer_menten_prolif,0,0.05
399335.1819002481,41.050000000002655,Timer,timer_menten_prolif,0,0.05
398377.95161896327,41.06000000000265,Timer,timer_menten_prolif,0,0.05
397423.01559905673,41.07000000000265,Timer,timer_menten_prolif,0,0.05
396470.36834466516,41.080000000002656,Timer,timer_menten_prolif,0,0.05
395520.00437297614,41.09000000000266,Timer,timer_menten_prolif,0,0.05
394571.91821419215,41.10000000000266,Timer,timer_menten_prolif,0,0.05
393626.1044114963,41.11000000000266,Timer,timer_menten_prolif,0,0.05
392682.5575210205,41.12000000000266,Timer,timer_menten_prolif,0,0.05
391741.2721118122,41.13000000000267,Timer,timer_menten_prolif,0,0.05
390802.24276579975,41.140000000002665,Timer,timer_menten_prolif,0,0.05
389865.46407775773,41.15000000000266,Timer,timer_menten_prolif,0,0.05
388930.9306552742,41.16000000000267,Timer,timer_menten_prolif,0,0.05
387998.6371644903,41.17000000000267,Timer,timer_menten_prolif,0,0.05
387068.57824631454,41.18000000000267,Timer,timer_menten_prolif,0,0.05
386140.74851021304,41.19000000000267,Timer,timer_menten_prolif,0,0.05
385215.142616202,41.200000000002674,Timer,timer_menten_prolif,0,0.05
384291.7552370164,41.21000000000268,Timer,timer_menten_prolif,0,0.05
383370.5810580761,41.22000000000268,Timer,timer_menten_prolif,0,0.05
382451.6147774521,41.230000000002676,Timer,timer_menten_prolif,0,0.05
381534.851105836,41.24000000000268,Timer,timer_menten_prolif,0,0.05
380620.2847665094,41.250000000002686,Timer,timer_menten_prolif,0,0.05
379707.91049530986,41.260000000002684,Timer,timer_menten_prolif,0,0.05
378797.72304059786,41.27000000000268,Timer,timer_menten_prolif,0,0.05
377889.7171632255,41.28000000000269,Timer,timer_menten_prolif,0,0.05
376983.88763650635,41.29000000000269,Timer,timer_menten_prolif,0,0.05
376080.229246181,41.30000000000269,Timer,timer_menten_prolif,0,0.05
375178.73679038434,41.31000000000269,Timer,timer_menten_prolif,0,0.05
374279.4050796146,41.32000000000269,Timer,timer_menten_prolif,0,0.05
373382.2289367019,41.3300000000027,Timer,timer_menten_prolif,0,0.05
372487.20319677587,41.340000000002696,Timer,timer_menten_prolif,0,0.05
371594.32270723104,41.350000000002694,Timer,timer_menten_prolif,0,0.05
370703.58232769644,41.3600000000027,Timer,timer_menten_prolif,0,0.05
369814.976930005,41.370000000002705,Timer,timer_menten_prolif,0,0.05
368928.50139815954,41.3800000000027,Timer,timer_menten_prolif,0,0.05
368044.1506283,41.3900000000027,Timer,timer_menten_prolif,0,0.05
367161.9195683433,41.400000000002706,Timer,timer_menten_prolif,0,0.05
366281.8031539287,41.41000000000271,Timer,timer_menten_prolif,0,0.05
365403.7962788862,41.42000000000271,Timer,timer_menten_prolif,0,0.05
364527.89388903335,41.43000000000271,Timer,timer_menten_prolif,0,0.05
363654.09094223304,41.44000000000271,Timer,timer_menten_prolif,0,0.05
362782.3824083652,41.45000000000272,Timer,timer_menten_prolif,0,0.05
361912.7632692936,41.460000000002715,Timer,timer_menten_prolif,0,0.05
361045.22851883475,41.47000000000271,Timer,timer_menten_prolif,0,0.05
360179.7731627277,41.48000000000272,Timer,timer_menten_prolif,0,0.05
359316.3922186054,41.49000000000272,Timer,timer_menten_prolif,0,0.05
358455.08071596106,41.50000000000272,Timer,timer_menten_prolif,0,0.05
357595.83369611844,41.51000000000272,Timer,timer_menten_prolif,0,0.05
356738.6462122003,41.520000000002725,Timer,timer_menten_prolif,0,0.05
355883.51332910015,41.53000000000273,Timer,timer_menten_prolif,0,0.05
355030.43012344977,41.54000000000273,Timer,timer_menten_prolif,0,0.05
354179.391683587,41.550000000002726,Timer,timer_menten_prolif,0,0.05
353330.3931095267,41.56000000000273,Timer,timer_menten_prolif,0,0.05
352483.429512931,41.570000000002736,Timer,timer_menten_prolif,0,0.05
351638.49601707724,41.580000000002734,Timer,timer_menten_prolif,0,0.05
350795.5877568262,41.59000000000273,Timer,timer_menten_prolif,0,0.05
349954.69987859216,41.60000000000274,Timer,timer_menten_prolif,0,0.05
349115.8275403142,41.61000000000274,Timer,timer_menten_prolif,0,0.05
348278.96591142303,41.62000000000274,Timer,timer_menten_prolif,0,0.05
347444.11017540644,41.63000000000274,Timer,timer_menten_prolif,0,0.05
346611.25553143397,41.64000000000274,Timer,timer_menten_prolif,0,0.05
345780.3971861972,41.65000000000275,Timer,timer_menten_prolif,0,0.05
344951.5303608276,41.660000000002746,Timer,timer_menten_prolif,0,0.05
344124.65027783846,41.670000000002744,Timer,timer_menten_prolif,0,0.05
343299.75218193216,41.68000000000275,Timer,timer_menten_prolif,0,0.05
342476.83132568013,41.690000000002755,Timer,timer_menten_prolif,0,0.05
341655.88297113846,41.70000000000275,Timer,timer_menten_prolif,0,0.05
340836.90239106596,41.71000000000275,Timer,timer_menten_prolif,0,0.05
340019.88486973697,41.720000000002756,Timer,timer_menten_prolif,0,0.05
339204.8257022911,41.73000000000276,Timer,timer_menten_prolif,0,0.05
338391.72019861906,41.74000000000276,Timer,timer_menten_prolif,0,0.05
337580.5636746228,41.75000000000276,Timer,timer_menten_prolif,0,0.05
336771.35145864735,41.76000000000276,Timer,timer_menten_prolif,0,0.05
335964.0788933745,41.77000000000277,Timer,timer_menten_prolif,0,0.05
335158.7413304241,41.780000000002765,Timer,timer_menten_prolif,0,0.05
334355.3341329388,41.79000000000276,Timer,timer_menten_prolif,0,0.05
333553.85267530754,41.80000000000277,Timer,timer_menten_prolif,0,0.05
332754.2923426797,41.81000000000277,Timer,timer_menten_prolif,0,0.05
331956.6485325867,41.82000000000277,Timer,timer_menten_prolif,0,0.05
331160.9166528783,41.83000000000277,Timer,timer_menten_prolif,0,0.05
330367.0921158554,41.840000000002775,Timer,timer_menten_prolif,0,0.05
329575.17035561183,41.85000000000278,Timer,timer_menten_prolif,0,0.05
328785.1468134454,41.86000000000278,Timer,timer_menten_prolif,0,0.05
327997.0169419184,41.870000000002776,Timer,timer_menten_prolif,0,0.05
327210.7762048603,41.88000000000278,Timer,timer_menten_prolif,0,0.05
326426.42007188033,41.890000000002786,Timer,timer_menten_prolif,0,0.05
325643.94402203045,41.900000000002784,Timer,timer_menten_prolif,0,0.05
324863.34355562326,41.91000000000278,Timer,timer_menten_prolif,0,0.05
324084.6141790823,41.92000000000279,Timer,timer_menten_prolif,0,0.05
323307.75140986114,41.93000000000279,Timer,timer_menten_prolif,0,0.05
322532.75077644276,41.94000000000279,Timer,timer_menten_prolif,0,0.05
321759.6078084827,41.95000000000279,Timer,timer_menten_prolif,0,0.05
320988.31805669365,41.96000000000279,Timer,timer_menten_prolif,0,0.05
320218.87708240247,41.9700000000028,Timer,timer_menten_prolif,0,0.05
319451.2804558937,41.980000000002796,Timer,timer_menten_prolif,0,0.05
318685.5237582653,41.990000000002794,Timer,timer_menten_prolif,0,0.05
317921.60258033953,42.0000000000028,Timer,timer_menten_prolif,0,0.05
317159.5125164718,42.010000000002805,Timer,timer_menten_prolif,0,0.05
316399.24918333243,42.0200000000028,Timer,timer_menten_prolif,0,0.05
315640.80820366216,42.0300000000028,Timer,timer_menten_prolif,0,0.05
314884.1852108565,42.040000000002806,Timer,timer_menten_prolif,0,0.05
314129.375848967,42.05000000000281,Timer,timer_menten_prolif,0,0.05
313376.3757692836,42.06000000000281,Timer,timer_menten_prolif,0,0.05
312625.18063363596,42.07000000000281,Timer,timer_menten_prolif,0,0.05
311875.7861193234,42.08000000000281,Timer,timer_menten_prolif,0,0.05
311128.1879116426,42.09000000000282,Timer,timer_menten_prolif,0,0.05
310382.381706413,42.100000000002815,Timer,timer_menten_prolif,0,0.05
309638.36320997693,42.11000000000281,Timer,timer_menten_prolif,0,0.05
308896.12812501285,42.12000000000282,Timer,timer_menten_prolif,0,0.05
308155.6721841113,42.13000000000282,Timer,timer_menten_prolif,0,0.05
307416.991126143,42.14000000000282,Timer,timer_menten_prolif,0,0.05
306680.0806982663,42.15000000000282,Timer,timer_menten_prolif,0,0.05
305944.9366580812,42.160000000002825,Timer,timer_menten_prolif,0,0.05
305211.55477363034,42.17000000000283,Timer,timer_menten_prolif,0,0.05
304479.9308233987,42.18000000000283,Timer,timer_menten_prolif,0,0.05
303750.06059631123,42.190000000002826,Timer,timer_menten_prolif,0,0.05
303021.93989173515,42.20000000000283,Timer,timer_menten_prolif,0,0.05
302295.564483662,42.210000000002836,Timer,timer_menten_prolif,0,0.05
301570.9302129906,42.220000000002834,Timer,timer_menten_prolif,0,0.05
300848.0329083201,42.23000000000283,Timer,timer_menten_prolif,0,0.05
300126.8684080714,42.24000000000284,Timer,timer_menten_prolif,0,0.05
299407.4325609362,42.25000000000284,Timer,timer_menten_prolif,0,0.05
298689.72122587595,42.26000000000284,Timer,timer_menten_prolif,0,0.05
297973.7302721207,42.27000000000284,Timer,timer_menten_prolif,0,0.05
297259.45557917026,42.28000000000284,Timer,timer_menten_prolif,0,0.05
296546.8930318087,42.29000000000285,Timer,timer_menten_prolif,0,0.05
295836.03849096945,42.300000000002846,Timer,timer_menten_prolif,0,0.05
295126.8878916912,42.310000000002844,Timer,timer_menten_prolif,0,0.05
294419.4371512566,42.32000000000285,Timer,timer_menten_prolif,0,0.05
293713.68219699827,42.330000000002855,Timer,timer_menten_prolif,0,0.05
293009.61896629725,42.34000000000285,Timer,timer_menten_prolif,0,0.05
292307.24340658286,42.35000000000285,Timer,timer_menten_prolif,0,0.05
291606.55147533247,42.360000000002856,Timer,timer_menten_prolif,0,0.05
290907.5391400737,42.37000000000286,Timer,timer_menten_prolif,0,0.05
290210.20236739545,42.38000000000286,Timer,timer_menten_prolif,0,0.05
289514.5371147343,42.39000000000286,Timer,timer_menten_prolif,0,0.05
288820.5394009159,42.40000000000286,Timer,timer_menten_prolif,0,0.05
288128.20523030096,42.41000000000287,Timer,timer_menten_prolif,0,0.05
287437.53061707556,42.420000000002865,Timer,timer_menten_prolif,0,0.05
286748.5115852504,42.43000000000286,Timer,timer_menten_prolif,0,0.05
286061.1441686617,42.44000000000287,Timer,timer_menten_prolif,0,0.05
285375.4244109718,42.45000000000287,Timer,timer_menten_prolif,0,0.05
284691.3483656688,42.46000000000287,Timer,timer_menten_prolif,0,0.05
284008.9120883717,42.47000000000287,Timer,timer_menten_prolif,0,0.05
283328.1116124373,42.480000000002875,Timer,timer_menten_prolif,0,0.05
282648.94305079686,42.49000000000288,Timer,timer_menten_prolif,0,0.05
281971.40249249694,42.50000000000288,Timer,timer_menten_prolif,0,0.05
281295.48603635177,42.510000000002876,Timer,timer_menten_prolif,0,0.05
280621.18979092094,42.52000000000288,Timer,timer_menten_prolif,0,0.05
279948.5098744864,42.530000000002886,Timer,timer_menten_prolif,0,0.05
279277.44241502805,42.540000000002884,Timer,timer_menten_prolif,0,0.05
278607.98355019937,42.55000000000288,Timer,timer_menten_prolif,0,0.05
277940.12938198494,42.56000000000289,Timer,timer_menten_prolif,0,0.05
277273.87605891726,42.57000000000289,Timer,timer_menten_prolif,0,0.05
276609.2197772041,42.58000000000289,Timer,timer_menten_prolif,0,0.05
275946.1567099934,42.59000000000289,Timer,timer_menten_prolif,0,0.05
275284.68303979264,42.60000000000289,Timer,timer_menten_prolif,0,0.05
274624.7949584402,42.6100000000029,Timer,timer_menten_prolif,0,0.05
273966.48866707506,42.6200000000029,Timer,timer_menten_prolif,0,0.05
273309.7603761075,42.630000000002894,Timer,timer_menten_prolif,0,0.05
272654.60630518966,42.6400000000029,Timer,timer_menten_prolif,0,0.05
272001.02268318797,42.650000000002905,Timer,timer_menten_prolif,0,0.05
271349.00574815285,42.6600000000029,Timer,timer_menten_prolif,0,0.05
270698.55174728844,42.6700000000029,Timer,timer_menten_prolif,0,0.05
270049.65693692444,42.680000000002906,Timer,timer_menten_prolif,0,0.05
269402.31758248754,42.69000000000291,Timer,timer_menten_prolif,0,0.05
268756.52995847154,42.70000000000291,Timer,timer_menten_prolif,0,0.05
268112.29034840723,42.71000000000291,Timer,timer_menten_prolif,0,0.05
267469.5950137734,42.72000000000291,Timer,timer_menten_prolif,0,0.05
266828.44023200724,42.73000000000292,Timer,timer_menten_prolif,0,0.05
266188.8223475043,42.740000000002915,Timer,timer_menten_prolif,0,0.05
265550.73767701886,42.75000000000291,Timer,timer_menten_prolif,0,0.05
264914.18254602025,42.76000000000292,Timer,timer_menten_prolif,0,0.05
264279.1532886602,42.77000000000292,Timer,timer_menten_prolif,0,0.05
263645.64624773746,42.78000000000292,Timer,timer_menten_prolif,0,0.05
263013.65777466225,42.79000000000292,Timer,timer_menten_prolif,0,0.05
262383.1842294236,42.800000000002925,Timer,timer_menten_prolif,0,0.05
261754.22198055492,42.81000000000293,Timer,timer_menten_prolif,0,0.05
261126.76740509985,42.82000000000293,Timer,timer_menten_prolif,0,0.05
260500.81688857643,42.830000000002926,Timer,timer_menten_prolif,0,0.05
259876.3668249435,42.84000000000293,Timer,timer_menten_prolif,0,0.05
259253.41361656814,42.850000000002936,Timer,timer_menten_prolif,0,0.05
258631.9536741897,42.860000000002934,Timer,timer_menten_prolif,0,0.05
258011.98341688447,42.87000000000293,Timer,timer_menten_prolif,0,0.05
257393.4992895252,42.88000000000294,Timer,timer_menten_prolif,0,0.05
256776.49775991103,42.89000000000294,Timer,timer_menten_prolif,0,0.05
256160.9752390402,42.90000000000294,Timer,timer_menten_prolif,0,0.05
255546.92818109435,42.91000000000294,Timer,timer_menten_prolif,0,0.05
254934.3530485619,42.92000000000294,Timer,timer_menten_prolif,0,0.05
254323.24631220935,42.93000000000295,Timer,timer_menten_prolif,0,0.05
253713.60445104996,42.94000000000295,Timer,timer_menten_prolif,0,0.05
253105.42395231276,42.950000000002944,Timer,timer_menten_prolif,0,0.05
252498.70131141294,42.96000000000295,Timer,timer_menten_prolif,0,0.05
251893.4330319227,42.970000000002955,Timer,timer_menten_prolif,0,0.05
251289.61562553988,42.98000000000295,Timer,timer_menten_prolif,0,0.05
250687.24561205733,42.99000000000295,Timer,timer_menten_prolif,0,0.05
250086.319519333,43.000000000002956,Timer,timer_menten_prolif,0,0.05
249486.83388326096,43.01000000000296,Timer,timer_menten_prolif,0,0.05
248888.78524773993,43.02000000000296,Timer,timer_menten_prolif,0,0.05
248292.17016464262,43.03000000000296,Timer,timer_menten_prolif,0,0.05
247696.9852147709,43.04000000000296,Timer,timer_menten_prolif,0,0.05
247103.2270565437,43.05000000000297,Timer,timer_menten_prolif,0,0.05
246510.89218747825,43.060000000002965,Timer,timer_menten_prolif,0,0.05
245919.97719527018,43.07000000000296,Timer,timer_menten_prolif,0,0.05
245330.47867572395,43.08000000000297,Timer,timer_menten_prolif,0,0.05
244742.39323273068,43.09000000000297,Timer,timer_menten_prolif,0,0.05
244155.7174782465,43.10000000000297,Timer,timer_menten_prolif,0,0.05
243570.4480322689,43.11000000000297,Timer,timer_menten_prolif,0,0.05
242986.5815228161,43.120000000002975,Timer,timer_menten_prolif,0,0.05
242404.11458590557,43.13000000000298,Timer,timer_menten_prolif,0,0.05
241823.04386553154,43.14000000000298,Timer,timer_menten_prolif,0,0.05
241243.36601364188,43.150000000002976,Timer,timer_menten_prolif,0,0.05
240665.0776901174,43.16000000000298,Timer,timer_menten_prolif,0,0.05
240088.17556275043,43.170000000002986,Timer,timer_menten_prolif,0,0.05
239512.65630722186,43.180000000002984,Timer,timer_menten_prolif,0,0.05
238938.5166070786,43.19000000000298,Timer,timer_menten_prolif,0,0.05
238365.75315720908,43.20000000000299,Timer,timer_menten_prolif,0,0.05
237794.362715744,43.21000000000299,Timer,timer_menten_prolif,0,0.05
237224.3419442101,43.22000000000299,Timer,timer_menten_prolif,0,0.05
236655.6875595472,43.23000000000299,Timer,timer_menten_prolif,0,0.05
236088.39628659748,43.24000000000299,Timer,timer_menten_prolif,0,0.05
235522.46485808818,43.250000000003,Timer,timer_menten_prolif,0,0.05
234957.89001461375,43.260000000003,Timer,timer_menten_prolif,0,0.05
234394.6685046166,43.270000000002995,Timer,timer_menten_prolif,0,0.05
233832.79708437063,43.280000000003,Timer,timer_menten_prolif,0,0.05
233272.27251796413,43.290000000003005,Timer,timer_menten_prolif,0,0.05
232713.0915772816,43.300000000003,Timer,timer_menten_prolif,0,0.05
232155.2510419846,43.310000000003,Timer,timer_menten_prolif,0,0.05
231598.74769949506,43.320000000003006,Timer,timer_menten_prolif,0,0.05
231043.57834497892,43.33000000000301,Timer,timer_menten_prolif,0,0.05
230489.7397813267,43.34000000000301,Timer,timer_menten_prolif,0,0.05
229937.22881913558,43.35000000000301,Timer,timer_menten_prolif,0,0.05
229386.0422766923,43.36000000000301,Timer,timer_menten_prolif,0,0.05
228836.1769711537,43.37000000000302,Timer,timer_menten_prolif,0,0.05
228287.62974199606,43.380000000003015,Timer,timer_menten_prolif,0,0.05
227740.39743067112,43.39000000000301,Timer,timer_menten_prolif,0,0.05
227194.47688571567,43.40000000000302,Timer,timer_menten_prolif,0,0.05
226649.8649632466,43.41000000000302,Timer,timer_menten_prolif,0,0.05
226106.55852694155,43.42000000000302,Timer,timer_menten_prolif,0,0.05
225564.55444802006,43.43000000000302,Timer,timer_menten_prolif,0,0.05
225023.84960522552,43.440000000003025,Timer,timer_menten_prolif,0,0.05
224484.44088480846,43.45000000000303,Timer,timer_menten_prolif,0,0.05
223946.32518050654,43.46000000000303,Timer,timer_menten_prolif,0,0.05
223409.49939352582,43.470000000003026,Timer,timer_menten_prolif,0,0.05
222873.96043252363,43.48000000000303,Timer,timer_menten_prolif,0,0.05
222339.70521358988,43.490000000003036,Timer,timer_menten_prolif,0,0.05
221806.7306602291,43.500000000003034,Timer,timer_menten_prolif,0,0.05
221275.03370334065,43.51000000000303,Timer,timer_menten_prolif,0,0.05
220744.61128120142,43.52000000000304,Timer,timer_menten_prolif,0,0.05
220215.46031288966,43.53000000000304,Timer,timer_menten_prolif,0,0.05
219687.57776670728,43.54000000000304,Timer,timer_menten_prolif,0,0.05
219160.96060796472,43.55000000000304,Timer,timer_menten_prolif,0,0.05
218635.6058037398,43.56000000000304,Timer,timer_menten_prolif,0,0.05
218111.51032837312,43.57000000000305,Timer,timer_menten_prolif,0,0.05
217588.67116344787,43.58000000000305,Timer,timer_menten_prolif,0,0.05
217067.08529777068,43.590000000003045,Timer,timer_menten_prolif,0,0.05
216546.7497273534,43.60000000000305,Timer,timer_menten_prolif,0,0.05
216027.661455395,43.610000000003055,Timer,timer_menten_prolif,0,0.05
215509.817492262,43.62000000000305,Timer,timer_menten_prolif,0,0.05
214993.214855469,43.63000000000305,Timer,timer_menten_prolif,0,0.05
214477.85056966048,43.640000000003056,Timer,timer_menten_prolif,0,0.05
213963.72166659293,43.65000000000306,Timer,timer_menten_prolif,0,0.05
213450.8251851148,43.66000000000306,Timer,timer_menten_prolif,0,0.05
212939.15817114766,43.67000000000306,Timer,timer_menten_prolif,0,0.05
212428.71767766756,43.68000000000306,Timer,timer_menten_prolif,0,0.05
211919.50076468702,43.69000000000307,Timer,timer_menten_prolif,0,0.05
211411.50449923577,43.700000000003065,Timer,timer_menten_prolif,0,0.05
210904.72595534078,43.71000000000306,Timer,timer_menten_prolif,0,0.05
210399.16221400863,43.72000000000307,Timer,timer_menten_prolif,0,0.05
209894.81036320684,43.73000000000307,Timer,timer_menten_prolif,0,0.05
209391.66749784513,43.74000000000307,Timer,timer_menten_prolif,0,0.05
208889.73071975488,43.75000000000307,Timer,timer_menten_prolif,0,0.05
208388.9971390797,43.760000000003075,Timer,timer_menten_prolif,0,0.05
207889.4638880667,43.77000000000308,Timer,timer_menten_prolif,0,0.05
207391.128074563,43.78000000000308,Timer,timer_menten_prolif,0,0.05
206893.9868281979,43.790000000003076,Timer,timer_menten_prolif,0,0.05
206398.03728544334,43.80000000000308,Timer,timer_menten_prolif,0,0.05
205903.276589596,43.810000000003086,Timer,timer_menten_prolif,0,0.05
205409.701890758,43.820000000003084,Timer,timer_menten_prolif,0,0.05
204917.31034581753,43.83000000000308,Timer,timer_menten_prolif,0,0.05
204426.09911843104,43.84000000000309,Timer,timer_menten_prolif,0,0.05
203936.06537900586,43.85000000000309,Timer,timer_menten_prolif,0,0.05
203447.2063046802,43.86000000000309,Timer,timer_menten_prolif,0,0.05
202959.51907930453,43.87000000000309,Timer,timer_menten_prolif,0,0.05
202473.0008934234,43.88000000000309,Timer,timer_menten_prolif,0,0.05
201987.64894425753,43.8900000000031,Timer,timer_menten_prolif,0,0.05
201503.46043568506,43.9000000000031,Timer,timer_menten_prolif,0,0.05
201020.43257822166,43.910000000003095,Timer,timer_menten_prolif,0,0.05
200538.56258900306,43.9200000000031,Timer,timer_menten_prolif,0,0.05
200057.84769176733,43.930000000003105,Timer,timer_menten_prolif,0,0.05
199578.28511683518,43.9400000000031,Timer,timer_menten_prolif,0,0.05
199099.87210109114,43.9500000000031,Timer,timer_menten_prolif,0,0.05
198622.60588796547,43.960000000003106,Timer,timer_menten_prolif,0,0.05
198146.4837274165,43.97000000000311,Timer,timer_menten_prolif,0,0.05
197671.50287591113,43.98000000000311,Timer,timer_menten_prolif,0,0.05
197197.66059640585,43.99000000000311,Timer,timer_menten_prolif,0,0.05
196724.9541863869,44.00000000000311,Timer,timer_menten_prolif,0,0.05
196253.38095711166,44.01000000000312,Timer,timer_menten_prolif,0,0.05
195782.93814308892,44.020000000003115,Timer,timer_menten_prolif,0,0.05
195313.62303439312,44.03000000000311,Timer,timer_menten_prolif,0,0.05
194845.43292755797,44.04000000000312,Timer,timer_menten_prolif,0,0.05
194378.36512556055,44.05000000000312,Timer,timer_menten_prolif,0,0.05
193912.4169378028,44.06000000000312,Timer,timer_menten_prolif,0,0.05
193447.5856800938,44.07000000000312,Timer,timer_menten_prolif,0,0.05
192983.8686746331,44.080000000003125,Timer,timer_menten_prolif,0,0.05
192521.26324999408,44.09000000000313,Timer,timer_menten_prolif,0,0.05
192059.766741106,44.10000000000313,Timer,timer_menten_prolif,0,0.05
191599.3764892361,44.110000000003126,Timer,timer_menten_prolif,0,0.05
191140.0898419728,44.12000000000313,Timer,timer_menten_prolif,0,0.05
190681.90415320918,44.130000000003136,Timer,timer_menten_prolif,0,0.05
190224.8167831251,44.140000000003134,Timer,timer_menten_prolif,0,0.05
189768.82509816915,44.15000000000313,Timer,timer_menten_prolif,0,0.05
189313.92647104186,44.16000000000314,Timer,timer_menten_prolif,0,0.05
188860.11828067945,44.17000000000314,Timer,timer_menten_prolif,0,0.05
188407.39791223552,44.18000000000314,Timer,timer_menten_prolif,0,0.05
187955.7627570631,44.19000000000314,Timer,timer_menten_prolif,0,0.05
187505.2102126985,44.20000000000314,Timer,timer_menten_prolif,0,0.05
187055.73768284396,44.21000000000315,Timer,timer_menten_prolif,0,0.05
186607.3425773502,44.22000000000315,Timer,timer_menten_prolif,0,0.05
186160.02231219827,44.230000000003145,Timer,timer_menten_prolif,0,0.05
185713.77436456498,44.24000000000315,Timer,timer_menten_prolif,0,0.05
185268.59615607077,44.250000000003155,Timer,timer_menten_prolif,0,0.05
184824.48508980597,44.26000000000315,Timer,timer_menten_prolif,0,0.05
184381.43860757689,44.27000000000315,Timer,timer_menten_prolif,0,0.05
183939.45415730227,44.280000000003156,Timer,timer_menten_prolif,0,0.05
183498.52919299778,44.29000000000316,Timer,timer_menten_prolif,0,0.05
183058.66117475968,44.30000000000316,Timer,timer_menten_prolif,0,0.05
182619.84756874817,44.31000000000316,Timer,timer_menten_prolif,0,0.05
182182.0858471719,44.32000000000316,Timer,timer_menten_prolif,0,0.05
181745.37348827318,44.33000000000317,Timer,timer_menten_prolif,0,0.05
181309.70797631057,44.340000000003165,Timer,timer_menten_prolif,0,0.05
180875.08680154313,44.35000000000316,Timer,timer_menten_prolif,0,0.05
180441.50746021478,44.36000000000317,Timer,timer_menten_prolif,0,0.05
180008.96745453862,44.370000000003174,Timer,timer_menten_prolif,0,0.05
179577.46429268108,44.38000000000317,Timer,timer_menten_prolif,0,0.05
179146.99548874487,44.39000000000317,Timer,timer_menten_prolif,0,0.05
178717.5585627537,44.400000000003175,Timer,timer_menten_prolif,0,0.05
178289.15104063717,44.41000000000318,Timer,timer_menten_prolif,0,0.05
177861.770454214,44.42000000000318,Timer,timer_menten_prolif,0,0.05
177435.41434117546,44.430000000003176,Timer,timer_menten_prolif,0,0.05
177010.08024507033,44.44000000000318,Timer,timer_menten_prolif,0,0.05
176585.76571528934,44.450000000003186,Timer,timer_menten_prolif,0,0.05
176162.46830704837,44.460000000003184,Timer,timer_menten_prolif,0,0.05
175740.1855813725,44.47000000000318,Timer,timer_menten_prolif,0,0.05
175318.91515912296,44.48000000000319,Timer,timer_menten_prolif,0,0.05
174898.6545770344,44.49000000000319,Timer,timer_menten_prolif,0,0.05
174479.40140712634,44.50000000000319,Timer,timer_menten_prolif,0,0.05
174061.1532344998,44.51000000000319,Timer,timer_menten_prolif,0,0.05
173643.90765003092,44.52000000000319,Timer,timer_menten_prolif,0,0.05
173227.66225035687,44.5300000000032,Timer,timer_menten_prolif,0,0.05
172812.4146378602,44.5400000000032,Timer,timer_menten_prolif,0,0.05
172398.16242065298,44.550000000003195,Timer,timer_menten_prolif,0,0.05
171984.90321256264,44.5600000000032,Timer,timer_menten_prolif,0,0.05
171572.6346331173,44.570000000003205,Timer,timer_menten_prolif,0,0.05
171161.3543075302,44.5800000000032,Timer,timer_menten_prolif,0,0.05
170751.05986668426,44.5900000000032,Timer,timer_menten_prolif,0,0.05
170341.7489471173,44.600000000003206,Timer,timer_menten_prolif,0,0.05
169933.41919100785,44.61000000000321,Timer,timer_menten_prolif,0,0.05
169526.06824615944,44.62000000000321,Timer,timer_menten_prolif,0,0.05
169119.693765985,44.63000000000321,Timer,timer_menten_prolif,0,0.05
168714.29340949238,44.64000000000321,Timer,timer_menten_prolif,0,0.05
168309.86484126985,44.65000000000322,Timer,timer_menten_prolif,0,0.05
167906.4057314707,44.660000000003215,Timer,timer_menten_prolif,0,0.05
167503.91375579726,44.67000000000321,Timer,timer_menten_prolif,0,0.05
167102.38659548684,44.68000000000322,Timer,timer_menten_prolif,0,0.05
166701.82193729695,44.690000000003224,Timer,timer_menten_prolif,0,0.05
166302.21747348987,44.70000000000322,Timer,timer_menten_prolif,0,0.05
165903.57090732013,44.71000000000322,Timer,timer_menten_prolif,0,0.05
165505.8799756748,44.720000000003225,Timer,timer_menten_prolif,0,0.05
165109.14235583378,44.73000000000323,Timer,timer_menten_prolif,0,0.05
164713.3557625996,44.74000000000323,Timer,timer_menten_prolif,0,0.05
164318.51791623532,44.750000000003226,Timer,timer_menten_prolif,0,0.05
163924.6265424501,44.76000000000323,Timer,timer_menten_prolif,0,0.05
163531.6793723858,44.770000000003236,Timer,timer_menten_prolif,0,0.05
163139.67414260196,44.780000000003234,Timer,timer_menten_prolif,0,0.05
162748.60859506074,44.79000000000323,Timer,timer_menten_prolif,0,0.05
162358.48047711301,44.80000000000324,Timer,timer_menten_prolif,0,0.05
161969.28754148478,44.81000000000324,Timer,timer_menten_prolif,0,0.05
161581.02754626182,44.82000000000324,Timer,timer_menten_prolif,0,0.05
161193.6982548751,44.83000000000324,Timer,timer_menten_prolif,0,0.05
160807.29743608672,44.84000000000324,Timer,timer_menten_prolif,0,0.05
160421.82286397615,44.85000000000325,Timer,timer_menten_prolif,0,0.05
160037.2723179251,44.86000000000325,Timer,timer_menten_prolif,0,0.05
159653.64358260293,44.870000000003245,Timer,timer_menten_prolif,0,0.05
159270.93444795226,44.88000000000325,Timer,timer_menten_prolif,0,0.05
158889.14270917577,44.890000000003255,Timer,timer_menten_prolif,0,0.05
158508.26616672054,44.90000000000325,Timer,timer_menten_prolif,0,0.05
158128.30262626358,44.91000000000325,Timer,timer_menten_prolif,0,0.05
157749.249898698,44.920000000003256,Timer,timer_menten_prolif,0,0.05
157371.1058001188,44.93000000000326,Timer,timer_menten_prolif,0,0.05
156993.8681518081,44.94000000000326,Timer,timer_menten_prolif,0,0.05
156617.5347986061,44.95000000000326,Timer,timer_menten_prolif,0,0.05
156242.10358708183,44.96000000000326,Timer,timer_menten_prolif,0,0.05
155867.5723294455,44.97000000000327,Timer,timer_menten_prolif,0,0.05
155493.9388683379,44.980000000003265,Timer,timer_menten_prolif,0,0.05
155121.20105154905,44.99000000000326,Timer,timer_menten_prolif,0,0.05
154749.35673200534,45.00000000000327,Timer,timer_menten_prolif,0,0.05
154378.4037677563,45.010000000003274,Timer,timer_menten_prolif,0,0.05
154008.3400219602,45.02000000000327,Timer,timer_menten_prolif,0,0.05
153639.16336287017,45.03000000000327,Timer,timer_menten_prolif,0,0.05
153270.8716638205,45.040000000003275,Timer,timer_menten_prolif,0,0.05
152903.46280321394,45.05000000000328,Timer,timer_menten_prolif,0,0.05
152536.9346645074,45.06000000000328,Timer,timer_menten_prolif,0,0.05
152171.28513619726,45.070000000003276,Timer,timer_menten_prolif,0,0.05
151806.51211180683,45.08000000000328,Timer,timer_menten_prolif,0,0.05
151442.61348987278,45.090000000003286,Timer,timer_menten_prolif,0,0.05
151079.5871739309,45.100000000003284,Timer,timer_menten_prolif,0,0.05
150717.43107250214,45.11000000000328,Timer,timer_menten_prolif,0,0.05
150356.14309907917,45.12000000000329,Timer,timer_menten_prolif,0,0.05
149995.72117211323,45.13000000000329,Timer,timer_menten_prolif,0,0.05
149636.1632150001,45.14000000000329,Timer,timer_menten_prolif,0,0.05
149277.46715606554,45.15000000000329,Timer,timer_menten_prolif,0,0.05
148919.6309285525,45.16000000000329,Timer,timer_menten_prolif,0,0.05
148562.6524706076,45.1700000000033,Timer,timer_menten_prolif,0,0.05
148206.52972526703,45.1800000000033,Timer,timer_menten_prolif,0,0.05
147851.26067705458,45.190000000003295,Timer,timer_menten_prolif,0,0.05
147496.84326879607,45.2000000000033,Timer,timer_menten_prolif,0,0.05
147143.27544198954,45.210000000003305,Timer,timer_menten_prolif,0,0.05
146790.5551599871,45.2200000000033,Timer,timer_menten_prolif,0,0.05
146438.6803910024,45.2300000000033,Timer,timer_menten_prolif,0,0.05
146087.64910809835,45.240000000003306,Timer,timer_menten_prolif,0,0.05
145737.45928917488,45.25000000000331,Timer,timer_menten_prolif,0,0.05
145388.10891695524,45.26000000000331,Timer,timer_menten_prolif,0,0.05
145039.595978973,45.27000000000331,Timer,timer_menten_prolif,0,0.05
144691.91846755915,45.28000000000331,Timer,timer_menten_prolif,0,0.05
144345.07437983033,45.29000000000332,Timer,timer_menten_prolif,0,0.05
143999.06171767483,45.300000000003315,Timer,timer_menten_prolif,0,0.05
143653.87848773977,45.31000000000331,Timer,timer_menten_prolif,0,0.05
143309.5227014183,45.32000000000332,Timer,timer_menten_prolif,0,0.05
142965.99237483734,45.330000000003324,Timer,timer_menten_prolif,0,0.05
142623.28552884428,45.34000000000332,Timer,timer_menten_prolif,0,0.05
142281.40018899352,45.35000000000332,Timer,timer_menten_prolif,0,0.05
141940.33438553408,45.360000000003325,Timer,timer_menten_prolif,0,0.05
141600.0861533972,45.37000000000333,Timer,timer_menten_prolif,0,0.05
141260.65353218303,45.38000000000333,Timer,timer_menten_prolif,0,0.05
140922.0345661472,45.390000000003326,Timer,timer_menten_prolif,0,0.05
140584.2273041883,45.40000000000333,Timer,timer_menten_prolif,0,0.05
140247.22979983583,45.410000000003336,Timer,timer_menten_prolif,0,0.05
139911.04011123642,45.420000000003334,Timer,timer_menten_prolif,0,0.05
139575.65635145974,45.43000000000333,Timer,timer_menten_prolif,0,0.05
139241.07655062914,45.44000000000334,Timer,timer_menten_prolif,0,0.05
138907.29877792034,45.45000000000334,Timer,timer_menten_prolif,0,0.05
138574.32111069083,45.46000000000334,Timer,timer_menten_prolif,0,0.05
138242.14163089002,45.47000000000334,Timer,timer_menten_prolif,0,0.05
137910.75842504806,45.48000000000334,Timer,timer_menten_prolif,0,0.05
137580.16958426387,45.49000000000335,Timer,timer_menten_prolif,0,0.05
137250.3732041926,45.50000000000335,Timer,timer_menten_prolif,0,0.05
136921.36738503334,45.510000000003345,Timer,timer_menten_prolif,0,0.05
136593.1502315171,45.52000000000335,Timer,timer_menten_prolif,0,0.05
136265.7198528956,45.530000000003355,Timer,timer_menten_prolif,0,0.05
135939.07436292822,45.54000000000335,Timer,timer_menten_prolif,0,0.05
135613.2118798699,45.55000000000335,Timer,timer_menten_prolif,0,0.05
135288.13052645925,45.560000000003356,Timer,timer_menten_prolif,0,0.05
134963.82842990695,45.57000000000336,Timer,timer_menten_prolif,0,0.05
134640.30372188322,45.58000000000336,Timer,timer_menten_prolif,0,0.05
134317.55453850524,45.59000000000336,Timer,timer_menten_prolif,0,0.05
133995.5790203256,45.60000000000336,Timer,timer_menten_prolif,0,0.05
133674.37531232045,45.61000000000337,Timer,timer_menten_prolif,0,0.05
133353.94156387722,45.620000000003365,Timer,timer_menten_prolif,0,0.05
133034.27592878186,45.63000000000336,Timer,timer_menten_prolif,0,0.05
132715.37656520726,45.64000000000337,Timer,timer_menten_prolif,0,0.05
132397.24163570162,45.650000000003374,Timer,timer_menten_prolif,0,0.05
132079.8693154736,45.66000000000337,Timer,timer_menten_prolif,0,0.05
131763.25780700234,45.67000000000337,Timer,timer_menten_prolif,0,0.05
131447.4052546381,45.680000000003375,Timer,timer_menten_prolif,0,0.05
131132.3098390218,45.69000000000338,Timer,timer_menten_prolif,0,0.05
130817.96974514193,45.70000000000338,Timer,timer_menten_prolif,0,0.05
130504.38316232266,45.710000000003376,Timer,timer_menten_prolif,0,0.05
130191.54828421291,45.72000000000338,Timer,timer_menten_prolif,0,0.05
129879.46330877536,45.730000000003386,Timer,timer_menten_prolif,0,0.05
129568.12643827451,45.740000000003384,Timer,timer_menten_prolif,0,0.05
129257.53587926488,45.75000000000338,Timer,timer_menten_prolif,0,0.05
128947.6898425799,45.76000000000339,Timer,timer_menten_prolif,0,0.05
128638.58654332123,45.77000000000339,Timer,timer_menten_prolif,0,0.05
128330.22420084645,45.78000000000339,Timer,timer_menten_prolif,0,0.05
128022.60103875751,45.79000000000339,Timer,timer_menten_prolif,0,0.05
127715.7152848898,45.80000000000339,Timer,timer_menten_prolif,0,0.05
127409.56517130071,45.8100000000034,Timer,timer_menten_prolif,0,0.05
127104.14893425828,45.8200000000034,Timer,timer_menten_prolif,0,0.05
126799.46481422907,45.830000000003395,Timer,timer_menten_prolif,0,0.05
126495.51105586713,45.8400000000034,Timer,timer_menten_prolif,0,0.05
126192.2859080033,45.850000000003405,Timer,timer_menten_prolif,0,0.05
125889.7876236329,45.8600000000034,Timer,timer_menten_prolif,0,0.05
125588.01445990417,45.8700000000034,Timer,timer_menten_prolif,0,0.05
125286.96467810735,45.880000000003406,Timer,timer_menten_prolif,0,0.05
124986.63654366336,45.89000000000341,Timer,timer_menten_prolif,0,0.05
124687.0283440013,45.90000000000341,Timer,timer_menten_prolif,0,0.05
124388.13836129452,45.91000000000341,Timer,timer_menten_prolif,0,0.05
124089.96485437064,45.92000000000341,Timer,timer_menten_prolif,0,0.05
123792.5061056996,45.93000000000342,Timer,timer_menten_prolif,0,0.05
123495.76040185438,45.940000000003415,Timer,timer_menten_prolif,0,0.05
123199.7260334995,45.95000000000341,Timer,timer_menten_prolif,0,0.05
122904.40129538084,45.96000000000342,Timer,timer_menten_prolif,0,0.05
122609.78448631502,45.970000000003424,Timer,timer_menten_prolif,0,0.05
122315.87390917822,45.98000000000342,Timer,timer_menten_prolif,0,0.05
122022.66787089515,45.99000000000342,Timer,timer_menten_prolif,0,0.05
121730.16468242819,46.000000000003425,Timer,timer_menten_prolif,0,0.05
121438.36265876736,46.01000000000343,Timer,timer_menten_prolif,0,0.05
121147.26011891881,46.02000000000343,Timer,timer_menten_prolif,0,0.05
120856.85538589378,46.030000000003426,Timer,timer_menten_prolif,0,0.05
120567.14678669805,46.04000000000343,Timer,timer_menten_prolif,0,0.05
120278.13265232148,46.050000000003436,Timer,timer_menten_prolif,0,0.05
119989.81131772694,46.060000000003434,Timer,timer_menten_prolif,0,0.05
119702.18112183882,46.07000000000343,Timer,timer_menten_prolif,0,0.05
119415.2404075329,46.08000000000344,Timer,timer_menten_prolif,0,0.05
119128.98752162556,46.09000000000344,Timer,timer_menten_prolif,0,0.05
118843.42081486297,46.10000000000344,Timer,timer_menten_prolif,0,0.05
118558.53864190937,46.11000000000344,Timer,timer_menten_prolif,0,0.05
118274.3393613371,46.120000000003444,Timer,timer_menten_prolif,0,0.05
117990.8213356158,46.13000000000345,Timer,timer_menten_prolif,0,0.05
117707.98295950459,46.14000000000345,Timer,timer_menten_prolif,0,0.05
117425.82259186471,46.150000000003445,Timer,timer_menten_prolif,0,0.05
117144.3385972937,46.16000000000345,Timer,timer_menten_prolif,0,0.05
116863.52935437934,46.170000000003455,Timer,timer_menten_prolif,0,0.05
116583.39324558164,46.18000000000345,Timer,timer_menten_prolif,0,0.05
116303.92865722209,46.19000000000345,Timer,timer_menten_prolif,0,0.05
116025.13397947383,46.200000000003456,Timer,timer_menten_prolif,0,0.05
115747.00760635182,46.21000000000346,Timer,timer_menten_prolif,0,0.05
115469.54793570211,46.22000000000346,Timer,timer_menten_prolif,0,0.05
115192.75336919134,46.23000000000346,Timer,timer_menten_prolif,0,0.05
114916.62231229682,46.24000000000346,Timer,timer_menten_prolif,0,0.05
114641.15317429646,46.25000000000347,Timer,timer_menten_prolif,0,0.05
114366.34436825858,46.260000000003465,Timer,timer_menten_prolif,0,0.05
114092.19431103076,46.27000000000346,Timer,timer_menten_prolif,0,0.05
113818.7014232304,46.28000000000347,Timer,timer_menten_prolif,0,0.05
113545.86412923466,46.290000000003474,Timer,timer_menten_prolif,0,0.05
113273.6808571696,46.30000000000347,Timer,timer_menten_prolif,0,0.05
113002.15003890017,46.31000000000347,Timer,timer_menten_prolif,0,0.05
112731.2701100196,46.320000000003475,Timer,timer_menten_prolif,0,0.05
112461.0395098401,46.33000000000348,Timer,timer_menten_prolif,0,0.05
112191.45668138193,46.34000000000348,Timer,timer_menten_prolif,0,0.05
111922.52007136284,46.350000000003476,Timer,timer_menten_prolif,0,0.05
111654.22813018829,46.36000000000348,Timer,timer_menten_prolif,0,0.05
111386.57931194136,46.370000000003486,Timer,timer_menten_prolif,0,0.05
111119.57211386456,46.380000000003484,Timer,timer_menten_prolif,0,0.05
110853.20496549293,46.39000000000348,Timer,timer_menten_prolif,0,0.05
110587.47633191949,46.40000000000349,Timer,timer_menten_prolif,0,0.05
110322.38468247683,46.41000000000349,Timer,timer_menten_prolif,0,0.05
110057.92849015295,46.42000000000349,Timer,timer_menten_prolif,0,0.05
109794.10623158126,46.43000000000349,Timer,timer_menten_prolif,0,0.05
109530.91638703115,46.440000000003494,Timer,timer_menten_prolif,0,0.05
109268.35744039877,46.4500000000035,Timer,timer_menten_prolif,0,0.05
109006.42787919703,46.4600000000035,Timer,timer_menten_prolif,0,0.05
108745.12619454553,46.470000000003495,Timer,timer_menten_prolif,0,0.05
108484.4508811611,46.4800000000035,Timer,timer_menten_prolif,0,0.05
108224.40043734878,46.490000000003505,Timer,timer_menten_prolif,0,0.05
107964.97336499157,46.5000000000035,Timer,timer_menten_prolif,0,0.05
107706.16816954047,46.5100000000035,Timer,timer_menten_prolif,0,0.05
107447.98336000516,46.520000000003506,Timer,timer_menten_prolif,0,0.05
107190.41744894469,46.53000000000351,Timer,timer_menten_prolif,0,0.05
106933.46895245742,46.54000000000351,Timer,timer_menten_prolif,0,0.05
106677.1363901711,46.55000000000351,Timer,timer_menten_prolif,0,0.05
106421.41828523342,46.56000000000351,Timer,timer_menten_prolif,0,0.05
106166.31316430272,46.57000000000352,Timer,timer_menten_prolif,0,0.05
105911.81955753802,46.580000000003515,Timer,timer_menten_prolif,0,0.05
105657.93599858903,46.59000000000351,Timer,timer_menten_prolif,0,0.05
105404.66102458666,46.60000000000352,Timer,timer_menten_prolif,0,0.05
105151.99318498204,46.610000000003524,Timer,timer_menten_prolif,0,0.05
104899.93104574253,46.62000000000352,Timer,timer_menten_prolif,0,0.05
104648.4731304493,46.63000000000352,Timer,timer_menten_prolif,0,0.05
104397.61799064945,46.640000000003525,Timer,timer_menten_prolif,0,0.05
104147.36418135076,46.65000000000353,Timer,timer_menten_prolif,0,0.05
103897.71026101196,46.66000000000353,Timer,timer_menten_prolif,0,0.05
103648.6547915336,46.670000000003526,Timer,timer_menten_prolif,0,0.05
103400.19633824893,46.68000000000353,Timer,timer_menten_prolif,0,0.05
103152.33346991548,46.690000000003536,Timer,timer_menten_prolif,0,0.05
102905.06475870528,46.700000000003534,Timer,timer_menten_prolif,0,0.05
102658.38878019559,46.71000000000353,Timer,timer_menten_prolif,0,0.05
102412.30411335998,46.72000000000354,Timer,timer_menten_prolif,0,0.05
102166.8093405597,46.73000000000354,Timer,timer_menten_prolif,0,0.05
101921.90304753411,46.74000000000354,Timer,timer_menten_prolif,0,0.05
101677.58382339127,46.75000000000354,Timer,timer_menten_prolif,0,0.05
101433.85026059905,46.760000000003544,Timer,timer_menten_prolif,0,0.05
101190.70095497649,46.77000000000355,Timer,timer_menten_prolif,0,0.05
100948.13450568434,46.78000000000355,Timer,timer_menten_prolif,0,0.05
100706.14951521544,46.790000000003545,Timer,timer_menten_prolif,0,0.05
100464.74458938603,46.80000000000355,Timer,timer_menten_prolif,0,0.05
100223.91833732705,46.810000000003555,Timer,timer_menten_prolif,0,0.05
99983.66937147452,46.82000000000355,Timer,timer_menten_prolif,0,0.05
99743.99630756016,46.83000000000355,Timer,timer_menten_prolif,0,0.05
99504.89776460269,46.840000000003556,Timer,timer_menten_prolif,0,0.05
99266.37238204607,46.85000000000356,Timer,timer_menten_prolif,0,0.05
99028.41878912122,46.86000000000356,Timer,timer_menten_prolif,0,0.05
98791.03560023746,46.87000000000356,Timer,timer_menten_prolif,0,0.05
98554.221448016,46.88000000000356,Timer,timer_menten_prolif,0,0.05
98317.97496834482,46.89000000000357,Timer,timer_menten_prolif,0,0.05
98082.29480036985,46.900000000003566,Timer,timer_menten_prolif,0,0.05
97847.17958648584,46.91000000000356,Timer,timer_menten_prolif,0,0.05
97612.62797232825,46.92000000000357,Timer,timer_menten_prolif,0,0.05
97378.63860676481,46.930000000003574,Timer,timer_menten_prolif,0,0.05
97145.21014188678,46.94000000000357,Timer,timer_menten_prolif,0,0.05
96912.34123299972,46.95000000000357,Timer,timer_menten_prolif,0,0.05
96680.03053861542,46.960000000003575,Timer,timer_menten_prolif,0,0.05
96448.27672044357,46.97000000000358,Timer,timer_menten_prolif,0,0.05
96217.07844338265,46.98000000000358,Timer,timer_menten_prolif,0,0.05
95986.43437551125,46.990000000003576,Timer,timer_menten_prolif,0,0.05
95756.3431880796,47.00000000000358,Timer,timer_menten_prolif,0,0.05
95526.8035555013,47.010000000003586,Timer,timer_menten_prolif,0,0.05
95297.81415534447,47.020000000003584,Timer,timer_menten_prolif,0,0.05
95069.3736683226,47.03000000000358,Timer,timer_menten_prolif,0,0.05
94841.48077828651,47.04000000000359,Timer,timer_menten_prolif,0,0.05
94614.13417221584,47.05000000000359,Timer,timer_menten_prolif,0,0.05
94387.33254021031,47.06000000000359,Timer,timer_menten_prolif,0,0.05
94161.07457548057,47.07000000000359,Timer,timer_menten_prolif,0,0.05
93935.35897434007,47.080000000003594,Timer,timer_menten_prolif,0,0.05
93710.18446097198,47.0900000000036,Timer,timer_menten_prolif,0,0.05
93485.54972522825,47.1000000000036,Timer,timer_menten_prolif,0,0.05
93261.45346664007,47.110000000003595,Timer,timer_menten_prolif,0,0.05
93037.89439436079,47.1200000000036,Timer,timer_menten_prolif,0,0.05
92814.87122062732,47.130000000003605,Timer,timer_menten_prolif,0,0.05
92592.38266075167,47.1400000000036,Timer,timer_menten_prolif,0,0.05
92370.42743311252,47.1500000000036,Timer,timer_menten_prolif,0,0.05
92149.0042591473,47.160000000003606,Timer,timer_menten_prolif,0,0.05
91928.11186334443,47.17000000000361,Timer,timer_menten_prolif,0,0.05
91707.74897323479,47.18000000000361,Timer,timer_menten_prolif,0,0.05
91487.91431938336,47.19000000000361,Timer,timer_menten_prolif,0,0.05
91268.60663538126,47.20000000000361,Timer,timer_menten_prolif,0,0.05
91049.82465783803,47.21000000000362,Timer,timer_menten_prolif,0,0.05
90831.56712637309,47.220000000003616,Timer,timer_menten_prolif,0,0.05
90613.83278360724,47.23000000000361,Timer,timer_menten_prolif,0,0.05
90396.62037515503,47.24000000000362,Timer,timer_menten_prolif,0,0.05
90179.92864961669,47.250000000003624,Timer,timer_menten_prolif,0,0.05
89963.75635856966,47.26000000000362,Timer,timer_menten_prolif,0,0.05
89748.10225656047,47.27000000000362,Timer,timer_menten_prolif,0,0.05
89532.96510109646,47.280000000003625,Timer,timer_menten_prolif,0,0.05
89318.3436526382,47.29000000000363,Timer,timer_menten_prolif,0,0.05
89104.236674591,47.30000000000363,Timer,timer_menten_prolif,0,0.05
88890.64293329636,47.310000000003626,Timer,timer_menten_prolif,0,0.05
88677.56119918839,47.32000000000363,Timer,timer_menten_prolif,0,0.05
88464.99027339325,47.330000000003636,Timer,timer_menten_prolif,0,0.05
88252.92890638643,47.340000000003634,Timer,timer_menten_prolif,0,0.05
88041.37587664986,47.35000000000363,Timer,timer_menten_prolif,0,0.05
87830.32996558366,47.36000000000364,Timer,timer_menten_prolif,0,0.05
87619.78995749836,47.37000000000364,Timer,timer_menten_prolif,0,0.05
87409.75463960726,47.38000000000364,Timer,timer_menten_prolif,0,0.05
87200.22280201825,47.39000000000364,Timer,timer_menten_prolif,0,0.05
86991.19323772649,47.400000000003644,Timer,timer_menten_prolif,0,0.05
86782.66474260687,47.41000000000365,Timer,timer_menten_prolif,0,0.05
86574.6361154062,47.42000000000365,Timer,timer_menten_prolif,0,0.05
86367.10615773508,47.430000000003645,Timer,timer_menten_prolif,0,0.05
86160.0736740605,47.44000000000365,Timer,timer_menten_prolif,0,0.05
85953.53747169858,47.450000000003655,Timer,timer_menten_prolif,0,0.05
85747.49636080634,47.46000000000365,Timer,timer_menten_prolif,0,0.05
85541.94915437396,47.47000000000365,Timer,timer_menten_prolif,0,0.05
85336.89466821708,47.480000000003656,Timer,timer_menten_prolif,0,0.05
85132.33172096973,47.49000000000366,Timer,timer_menten_prolif,0,0.05
84928.25913407604,47.50000000000366,Timer,timer_menten_prolif,0,0.05
84724.67573178242,47.51000000000366,Timer,timer_menten_prolif,0,0.05
84521.58034113015,47.52000000000366,Timer,timer_menten_prolif,0,0.05
84318.97179194781,47.53000000000367,Timer,timer_menten_prolif,0,0.05
84116.8489168435,47.540000000003666,Timer,timer_menten_prolif,0,0.05
83915.21055119674,47.550000000003664,Timer,timer_menten_prolif,0,0.05
83714.05553370963,47.56000000000367,Timer,timer_menten_prolif,0,0.05
83513.38270774126,47.570000000003674,Timer,timer_menten_prolif,0,0.05
83313.19091789497,47.58000000000367,Timer,timer_menten_prolif,0,0.05
83113.47901263263,47.59000000000367,Timer,timer_menten_prolif,0,0.05
82914.24583982698,47.600000000003675,Timer,timer_menten_prolif,0,0.05
82715.49025359808,47.61000000000368,Timer,timer_menten_prolif,0,0.05
82517.21110968234,47.62000000000368,Timer,timer_menten_prolif,0,0.05
82319.40726584184,47.630000000003676,Timer,timer_menten_prolif,0,0.05
82122.07758251904,47.64000000000368,Timer,timer_menten_prolif,0,0.05
81925.22092277867,47.650000000003686,Timer,timer_menten_prolif,0,0.05
81728.83615263214,47.660000000003684,Timer,timer_menten_prolif,0,0.05
81532.92214139304,47.67000000000368,Timer,timer_menten_prolif,0,0.05
81337.47775973452,47.68000000000369,Timer,timer_menten_prolif,0,0.05
81142.50188150491,47.69000000000369,Timer,timer_menten_prolif,0,0.05
80947.99338432075,47.70000000000369,Timer,timer_menten_prolif,0,0.05
80753.95114742675,47.71000000000369,Timer,timer_menten_prolif,0,0.05
80560.37405324388,47.720000000003694,Timer,timer_menten_prolif,0,0.05
80367.2609865918,47.7300000000037,Timer,timer_menten_prolif,0,0.05
80174.61083534142,47.7400000000037,Timer,timer_menten_prolif,0,0.05
79982.422490155,47.750000000003695,Timer,timer_menten_prolif,0,0.05
79790.69484285722,47.7600000000037,Timer,timer_menten_prolif,0,0.05
79599.42678888375,47.770000000003705,Timer,timer_menten_prolif,0,0.05
79408.61722751905,47.7800000000037,Timer,timer_menten_prolif,0,0.05
79218.26506009095,47.7900000000037,Timer,timer_menten_prolif,0,0.05
79028.36919068852,47.800000000003706,Timer,timer_menten_prolif,0,0.05
78838.92852616221,47.81000000000371,Timer,timer_menten_prolif,0,0.05
78649.94197136723,47.82000000000371,Timer,timer_menten_prolif,0,0.05
78461.40844028594,47.83000000000371,Timer,timer_menten_prolif,0,0.05
78273.32684733628,47.84000000000371,Timer,timer_menten_prolif,0,0.05
78085.69610953162,47.85000000000372,Timer,timer_menten_prolif,0,0.05
77898.51514656564,47.860000000003716,Timer,timer_menten_prolif,0,0.05
77711.78287969618,47.870000000003714,Timer,timer_menten_prolif,0,0.05
77525.49823139471,47.88000000000372,Timer,timer_menten_prolif,0,0.05
77339.66013035047,47.890000000003724,Timer,timer_menten_prolif,0,0.05
77154.26750629708,47.90000000000372,Timer,timer_menten_prolif,0,0.05
76969.31929158219,47.91000000000372,Timer,timer_menten_prolif,0,0.05
76784.81442116763,47.920000000003725,Timer,timer_menten_prolif,0,0.05
76600.75183101729,47.93000000000373,Timer,timer_menten_prolif,0,0.05
76417.13046096386,47.94000000000373,Timer,timer_menten_prolif,0,0.05
76233.94925391742,47.950000000003726,Timer,timer_menten_prolif,0,0.05
76051.20715485554,47.96000000000373,Timer,timer_menten_prolif,0,0.05
75868.9031113289,47.970000000003736,Timer,timer_menten_prolif,0,0.05
75687.03607337837,47.980000000003734,Timer,timer_menten_prolif,0,0.05
75505.60499198912,47.99000000000373,Timer,timer_menten_prolif,0,0.05
75324.60882306726,48.00000000000374,Timer,timer_menten_prolif,0,0.05
75144.04652415596,48.01000000000374,Timer,timer_menten_prolif,0,0.05
74963.9170553413,48.02000000000374,Timer,timer_menten_prolif,0,0.05
74784.2193792522,48.03000000000374,Timer,timer_menten_prolif,0,0.05
74604.95245728127,48.040000000003744,Timer,timer_menten_prolif,0,0.05
74426.11525397171,48.05000000000375,Timer,timer_menten_prolif,0,0.05
74247.70674379573,48.06000000000375,Timer,timer_menten_prolif,0,0.05
74069.72589924347,48.070000000003745,Timer,timer_menten_prolif,0,0.05
73892.17169533389,48.08000000000375,Timer,timer_menten_prolif,0,0.05
73715.04310961513,48.090000000003755,Timer,timer_menten_prolif,0,0.05
73538.33912216417,48.10000000000375,Timer,timer_menten_prolif,0,0.05
73362.05871558662,48.11000000000375,Timer,timer_menten_prolif,0,0.05
73186.20087501695,48.120000000003756,Timer,timer_menten_prolif,0,0.05
73010.76458811875,48.13000000000376,Timer,timer_menten_prolif,0,0.05
72835.74884508447,48.14000000000376,Timer,timer_menten_prolif,0,0.05
72661.15263863519,48.15000000000376,Timer,timer_menten_prolif,0,0.05
72486.97496402086,48.16000000000376,Timer,timer_menten_prolif,0,0.05
72313.21481770766,48.17000000000377,Timer,timer_menten_prolif,0,0.05
72139.87116901882,48.180000000003766,Timer,timer_menten_prolif,0,0.05
71966.9430440684,48.190000000003764,Timer,timer_menten_prolif,0,0.05
71794.4294471717,48.20000000000377,Timer,timer_menten_prolif,0,0.05
71622.32938512464,48.210000000003774,Timer,timer_menten_prolif,0,0.05
71450.64186720329,48.22000000000377,Timer,timer_menten_prolif,0,0.05
71279.36590516381,48.23000000000377,Timer,timer_menten_prolif,0,0.05
71108.50051324269,48.240000000003775,Timer,timer_menten_prolif,0,0.05
70938.04470815684,48.25000000000378,Timer,timer_menten_prolif,0,0.05
70767.99750910356,48.26000000000378,Timer,timer_menten_prolif,0,0.05
70598.35793776005,48.270000000003776,Timer,timer_menten_prolif,0,0.05
70429.12501828391,48.28000000000378,Timer,timer_menten_prolif,0,0.05
70260.29777731319,48.290000000003786,Timer,timer_menten_prolif,0,0.05
70091.87524396622,48.300000000003784,Timer,timer_menten_prolif,0,0.05
69923.8564171432,48.31000000000378,Timer,timer_menten_prolif,0,0.05
69756.24033612467,48.32000000000379,Timer,timer_menten_prolif,0,0.05
69589.02605008462,48.33000000000379,Timer,timer_menten_prolif,0,0.05
69422.21259639967,48.34000000000379,Timer,timer_menten_prolif,0,0.05
69255.7990148516,48.35000000000379,Timer,timer_menten_prolif,0,0.05
69089.78434762778,48.360000000003794,Timer,timer_menten_prolif,0,0.05
68924.16763932124,48.3700000000038,Timer,timer_menten_prolif,0,0.05
68758.94793693046,48.3800000000038,Timer,timer_menten_prolif,0,0.05
68594.12428985929,48.390000000003795,Timer,timer_menten_prolif,0,0.05
68429.69574991694,48.4000000000038,Timer,timer_menten_prolif,0,0.05
68265.66137131843,48.410000000003805,Timer,timer_menten_prolif,0,0.05
68102.0202106842,48.4200000000038,Timer,timer_menten_prolif,0,0.05
67938.77132704001,48.4300000000038,Timer,timer_menten_prolif,0,0.05
67775.91376715047,48.440000000003806,Timer,timer_menten_prolif,0,0.05
67613.44656457954,48.45000000000381,Timer,timer_menten_prolif,0,0.05
67451.36881503969,48.46000000000381,Timer,timer_menten_prolif,0,0.05
67289.67958540694,48.47000000000381,Timer,timer_menten_prolif,0,0.05
67128.37794488178,48.48000000000381,Timer,timer_menten_prolif,0,0.05
66967.4629649894,48.49000000000382,Timer,timer_menten_prolif,0,0.05
66806.93371957939,48.500000000003816,Timer,timer_menten_prolif,0,0.05
66646.78928482553,48.510000000003814,Timer,timer_menten_prolif,0,0.05
66487.02873922604,48.52000000000382,Timer,timer_menten_prolif,0,0.05
66327.65116360379,48.530000000003824,Timer,timer_menten_prolif,0,0.05
66168.65564110607,48.54000000000382,Timer,timer_menten_prolif,0,0.05
66010.04125720444,48.55000000000382,Timer,timer_menten_prolif,0,0.05
65851.80709969478,48.560000000003825,Timer,timer_menten_prolif,0,0.05
65693.95225869773,48.57000000000383,Timer,timer_menten_prolif,0,0.05
65536.47579388275,48.58000000000383,Timer,timer_menten_prolif,0,0.05
65379.37679582767,48.590000000003826,Timer,timer_menten_prolif,0,0.05
65222.65438446545,48.60000000000383,Timer,timer_menten_prolif,0,0.05
65066.307657159494,48.610000000003836,Timer,timer_menten_prolif,0,0.05
64910.335713581124,48.620000000003834,Timer,timer_menten_prolif,0,0.05
64754.73765570361,48.63000000000383,Timer,timer_menten_prolif,0,0.05
64599.512587796606,48.64000000000384,Timer,timer_menten_prolif,0,0.05
64444.65961642079,48.65000000000384,Timer,timer_menten_prolif,0,0.05
64290.17785042188,48.66000000000384,Timer,timer_menten_prolif,0,0.05
64136.06640092483,48.67000000000384,Timer,timer_menten_prolif,0,0.05
63982.32438132818,48.680000000003844,Timer,timer_menten_prolif,0,0.05
63828.95090729873,48.69000000000385,Timer,timer_menten_prolif,0,0.05
63675.94509676559,48.70000000000385,Timer,timer_menten_prolif,0,0.05
63523.30604196257,48.710000000003845,Timer,timer_menten_prolif,0,0.05
63371.032859397026,48.72000000000385,Timer,timer_menten_prolif,0,0.05
63219.124693698875,48.730000000003855,Timer,timer_menten_prolif,0,0.05
63067.58067019579,48.74000000000385,Timer,timer_menten_prolif,0,0.05
62916.39991635077,48.75000000000385,Timer,timer_menten_prolif,0,0.05
62765.581561753956,48.760000000003856,Timer,timer_menten_prolif,0,0.05
62615.12473811477,48.77000000000386,Timer,timer_menten_prolif,0,0.05
62465.0285792531,48.78000000000386,Timer,timer_menten_prolif,0,0.05
62315.292221090975,48.79000000000386,Timer,timer_menten_prolif,0,0.05
62165.91480164433,48.80000000000386,Timer,timer_menten_prolif,0,0.05
62016.895461015054,48.81000000000387,Timer,timer_menten_prolif,0,0.05
61868.23334138232,48.820000000003866,Timer,timer_menten_prolif,0,0.05
61719.9275869941,48.830000000003864,Timer,timer_menten_prolif,0,0.05
61571.97734415911,48.84000000000387,Timer,timer_menten_prolif,0,0.05
61424.38176123866,48.850000000003874,Timer,timer_menten_prolif,0,0.05
61277.139988638126,48.86000000000387,Timer,timer_menten_prolif,0,0.05
61130.25117879847,48.87000000000387,Timer,timer_menten_prolif,0,0.05
60983.714485212506,48.880000000003875,Timer,timer_menten_prolif,0,0.05
60837.529047926626,48.89000000000388,Timer,timer_menten_prolif,0,0.05
60691.69403849739,48.90000000000388,Timer,timer_menten_prolif,0,0.05
60546.208616914795,48.910000000003876,Timer,timer_menten_prolif,0,0.05
60401.071945131014,48.92000000000388,Timer,timer_menten_prolif,0,0.05
60256.28318705139,48.930000000003886,Timer,timer_menten_prolif,0,0.05
60111.84150852514,48.940000000003884,Timer,timer_menten_prolif,0,0.05
59967.7460773358,48.95000000000388,Timer,timer_menten_prolif,0,0.05
59823.99606319244,48.96000000000389,Timer,timer_menten_prolif,0,0.05
59680.590637720525,48.97000000000389,Timer,timer_menten_prolif,0,0.05
59537.52897445264,48.98000000000389,Timer,timer_menten_prolif,0,0.05
59394.810248819034,48.99000000000389,Timer,timer_menten_prolif,0,0.05
59252.433638138755,49.000000000003894,Timer,timer_menten_prolif,0,0.05
59110.39832161047,49.0100000000039,Timer,timer_menten_prolif,0,0.05
58968.703480303346,49.0200000000039,Timer,timer_menten_prolif,0,0.05
58827.34829714739,49.030000000003895,Timer,timer_menten_prolif,0,0.05
58686.331956924725,49.0400000000039,Timer,timer_menten_prolif,0,0.05
58545.65364626046,49.050000000003905,Timer,timer_menten_prolif,0,0.05
58405.31257704488,49.0600000000039,Timer,timer_menten_prolif,0,0.05
58265.30794055549,49.0700000000039,Timer,timer_menten_prolif,0,0.05
58125.63891519657,49.080000000003906,Timer,timer_menten_prolif,0,0.05
57986.30469609739,49.09000000000391,Timer,timer_menten_prolif,0,0.05
57847.304480259525,49.10000000000391,Timer,timer_menten_prolif,0,0.05
57708.63746654957,49.11000000000391,Timer,timer_menten_prolif,0,0.05
57570.30285569206,49.12000000000391,Timer,timer_menten_prolif,0,0.05
57432.29985026258,49.13000000000392,Timer,timer_menten_prolif,0,0.05
57294.62765468033,49.140000000003916,Timer,timer_menten_prolif,0,0.05
57157.285475200755,49.150000000003914,Timer,timer_menten_prolif,0,0.05
57020.27251990869,49.16000000000392,Timer,timer_menten_prolif,0,0.05
56883.58799871124,49.170000000003924,Timer,timer_menten_prolif,0,0.05
56747.23112333048,49.18000000000392,Timer,timer_menten_prolif,0,0.05
56611.20110729602,49.19000000000392,Timer,timer_menten_prolif,0,0.05
56475.4971659382,49.200000000003925,Timer,timer_menten_prolif,0,0.05
56340.11851638087,49.21000000000393,Timer,timer_menten_prolif,0,0.05
56205.06437753428,49.22000000000393,Timer,timer_menten_prolif,0,0.05
56070.33397507202,49.230000000003926,Timer,timer_menten_prolif,0,0.05
55935.92657434537,49.24000000000393,Timer,timer_menten_prolif,0,0.05
55801.84136416827,49.250000000003936,Timer,timer_menten_prolif,0,0.05
55668.07757198131,49.260000000003934,Timer,timer_menten_prolif,0,0.05
55534.63442706646,49.27000000000393,Timer,timer_menten_prolif,0,0.05
55401.511160542614,49.28000000000394,Timer,timer_menten_prolif,0,0.05
55268.70700536103,49.29000000000394,Timer,timer_menten_prolif,0,0.05
55136.22119630048,49.30000000000394,Timer,timer_menten_prolif,0,0.05
55004.0529699623,49.31000000000394,Timer,timer_menten_prolif,0,0.05
54872.20156476589,49.320000000003944,Timer,timer_menten_prolif,0,0.05
54740.66622094417,49.33000000000395,Timer,timer_menten_prolif,0,0.05
54609.44618053877,49.34000000000395,Timer,timer_menten_prolif,0,0.05
54478.540687394954,49.350000000003945,Timer,timer_menten_prolif,0,0.05
54347.9489871573,49.36000000000395,Timer,timer_menten_prolif,0,0.05
54217.670327265034,49.370000000003955,Timer,timer_menten_prolif,0,0.05
54087.703956947196,49.38000000000395,Timer,timer_menten_prolif,0,0.05
53958.04912721773,49.39000000000395,Timer,timer_menten_prolif,0,0.05
53828.70509087095,49.400000000003956,Timer,timer_menten_prolif,0,0.05
53699.671113049844,49.41000000000396,Timer,timer_menten_prolif,0,0.05
53570.94644901845,49.42000000000396,Timer,timer_menten_prolif,0,0.05
53442.5303518672,49.43000000000396,Timer,timer_menten_prolif,0,0.05
53314.42208197474,49.44000000000396,Timer,timer_menten_prolif,0,0.05
53186.62090150808,49.45000000000397,Timer,timer_menten_prolif,0,0.05
53059.12607441855,49.460000000003966,Timer,timer_menten_prolif,0,0.05
52931.93686643765,49.470000000003964,Timer,timer_menten_prolif,0,0.05
52805.052545073486,49.48000000000397,Timer,timer_menten_prolif,0,0.05
52678.47237960699,49.490000000003974,Timer,timer_menten_prolif,0,0.05
52552.19564108787,49.50000000000397,Timer,timer_menten_prolif,0,0.05
52426.22160233061,49.51000000000397,Timer,timer_menten_prolif,0,0.05
52300.549537910694,49.520000000003975,Timer,timer_menten_prolif,0,0.05
52175.17872416097,49.53000000000398,Timer,timer_menten_prolif,0,0.05
52050.10843916754,49.54000000000398,Timer,timer_menten_prolif,0,0.05
51925.3379627658,49.550000000003976,Timer,timer_menten_prolif,0,0.05
51800.86657653659,49.56000000000398,Timer,timer_menten_prolif,0,0.05
51676.693563802655,49.570000000003986,Timer,timer_menten_prolif,0,0.05
51552.8182084642,49.580000000003984,Timer,timer_menten_prolif,0,0.05
51429.239791050924,49.59000000000398,Timer,timer_menten_prolif,0,0.05
51305.957605498144,49.60000000000399,Timer,timer_menten_prolif,0,0.05
51182.97094182158,49.61000000000399,Timer,timer_menten_prolif,0,0.05
51060.27909174458,49.62000000000399,Timer,timer_menten_prolif,0,0.05
50937.8813486936,49.63000000000399,Timer,timer_menten_prolif,0,0.05
50815.77700779419,49.640000000003994,Timer,timer_menten_prolif,0,0.05
50693.96536586684,49.650000000004,Timer,timer_menten_prolif,0,0.05
50572.44572142256,49.660000000004,Timer,timer_menten_prolif,0,0.05
50451.2173746584,49.670000000003995,Timer,timer_menten_prolif,0,0.05
50330.27962745339,49.680000000004,Timer,timer_menten_prolif,0,0.05
50209.63178336446,49.690000000004005,Timer,timer_menten_prolif,0,0.05
50089.27314762193,49.700000000004,Timer,timer_menten_prolif,0,0.05
49969.20302712507,49.710000000004,Timer,timer_menten_prolif,0,0.05
49849.42073043811,49.720000000004006,Timer,timer_menten_prolif,0,0.05
49729.925567786006,49.73000000000401,Timer,timer_menten_prolif,0,0.05
49610.71685105004,49.74000000000401,Timer,timer_menten_prolif,0,0.05
49491.79389376342,49.75000000000401,Timer,timer_menten_prolif,0,0.05
49373.15600650119,49.76000000000401,Timer,timer_menten_prolif,0,0.05
49254.80250731814,49.77000000000402,Timer,timer_menten_prolif,0,0.05
49136.73271650781,49.780000000004016,Timer,timer_menten_prolif,0,0.05
49018.94595401597,49.790000000004014,Timer,timer_menten_prolif,0,0.05
48901.44154141095,49.80000000000402,Timer,timer_menten_prolif,0,0.05
48784.21880187925,49.810000000004024,Timer,timer_menten_prolif,0,0.05
48667.277060221044,49.82000000000402,Timer,timer_menten_prolif,0,0.05
48550.6156428454,49.83000000000402,Timer,timer_menten_prolif,0,0.05
48434.23387776609,49.840000000004025,Timer,timer_menten_prolif,0,0.05
48318.1310945973,49.85000000000403,Timer,timer_menten_prolif,0,0.05
48202.3066245489,49.86000000000403,Timer,timer_menten_prolif,0,0.05
48086.75980042194,49.870000000004026,Timer,timer_menten_prolif,0,0.05
47971.48995660427,49.88000000000403,Timer,timer_menten_prolif,0,0.05
47856.49642906628,49.89000000000404,Timer,timer_menten_prolif,0,0.05
47741.77855535624,49.900000000004034,Timer,timer_menten_prolif,0,0.05
47627.33567459574,49.91000000000403,Timer,timer_menten_prolif,0,0.05
47513.167127475324,49.92000000000404,Timer,timer_menten_prolif,0,0.05
47399.27225625022,49.93000000000404,Timer,timer_menten_prolif,0,0.05
47285.6504047357,49.94000000000404,Timer,timer_menten_prolif,0,0.05
47172.30091830251,49.95000000000404,Timer,timer_menten_prolif,0,0.05
47059.22314753117,49.960000000004044,Timer,timer_menten_prolif,0,0.05
46946.41644268671,49.97000000000405,Timer,timer_menten_prolif,0,0.05
46833.880150124736,49.98000000000405,Timer,timer_menten_prolif,0,0.05
46721.61362157348,49.990000000004045,Timer,timer_menten_prolif,0,0.05
46609.61621030407,50.00000000000405,Timer,timer_menten_prolif,0,0.05
46497.88727112656,50.010000000004055,Timer,timer_menten_prolif,0,0.05
46386.42616038545,50.02000000000405,Timer,timer_menten_prolif,0,0.05
46275.232235955395,50.03000000000405,Timer,timer_menten_prolif,0,0.05
46164.30485723703,50.040000000004056,Timer,timer_menten_prolif,0,0.05
46053.643385152944,50.05000000000406,Timer,timer_menten_prolif,0,0.05
45943.24718214328,50.06000000000406,Timer,timer_menten_prolif,0,0.05
45833.1156121613,50.07000000000406,Timer,timer_menten_prolif,0,0.05
45723.24804066938,50.08000000000406,Timer,timer_menten_prolif,0,0.05
45613.64383463487,50.09000000000407,Timer,timer_menten_prolif,0,0.05
45504.30236252575,50.100000000004066,Timer,timer_menten_prolif,0,0.05
45395.222994306154,50.110000000004064,Timer,timer_menten_prolif,0,0.05
45286.40510143241,50.12000000000407,Timer,timer_menten_prolif,0,0.05
45177.848056848845,50.130000000004074,Timer,timer_menten_prolif,0,0.05
45069.551234983475,50.14000000000407,Timer,timer_menten_prolif,0,0.05
44961.51401174358,50.15000000000407,Timer,timer_menten_prolif,0,0.05
44853.73576806379,50.160000000004075,Timer,timer_menten_prolif,0,0.05
44746.215891890766,50.17000000000408,Timer,timer_menten_prolif,0,0.05
44638.95375416209,50.18000000000408,Timer,timer_menten_prolif,0,0.05
44531.948736989245,50.190000000004076,Timer,timer_menten_prolif,0,0.05
44425.20022395979,50.20000000000408,Timer,timer_menten_prolif,0,0.05
44318.70760013365,50.21000000000409,Timer,timer_menten_prolif,0,0.05
44212.47025203922,50.220000000004084,Timer,timer_menten_prolif,0,0.05
44106.487567669305,50.23000000000408,Timer,timer_menten_prolif,0,0.05
44000.75893647752,50.24000000000409,Timer,timer_menten_prolif,0,0.05
43895.283749374656,50.25000000000409,Timer,timer_menten_prolif,0,0.05
43790.061398724574,50.26000000000409,Timer,timer_menten_prolif,0,0.05
43685.091278340384,50.27000000000409,Timer,timer_menten_prolif,0,0.05
43580.37278348066,50.280000000004094,Timer,timer_menten_prolif,0,0.05
43475.905310845905,50.2900000000041,Timer,timer_menten_prolif,0,0.05
43371.68825857442,50.3000000000041,Timer,timer_menten_prolif,0,0.05
43267.721026238454,50.310000000004095,Timer,timer_menten_prolif,0,0.05
43164.003014840506,50.3200000000041,Timer,timer_menten_prolif,0,0.05
43060.53362680965,50.330000000004105,Timer,timer_menten_prolif,0,0.05
42957.31226599754,50.3400000000041,Timer,timer_menten_prolif,0,0.05
42854.338337674504,50.3500000000041,Timer,timer_menten_prolif,0,0.05
42751.61124882469,50.360000000004106,Timer,timer_menten_prolif,0,0.05
42649.13041688193,50.37000000000411,Timer,timer_menten_prolif,0,0.05
42546.89524375643,50.38000000000411,Timer,timer_menten_prolif,0,0.05
42444.90514056338,50.39000000000411,Timer,timer_menten_prolif,0,0.05
42343.15951982893,50.40000000000411,Timer,timer_menten_prolif,0,0.05
42241.65779548694,50.41000000000412,Timer,timer_menten_prolif,0,0.05
42140.399382875155,50.420000000004116,Timer,timer_menten_prolif,0,0.05
42039.38369873157,50.430000000004114,Timer,timer_menten_prolif,0,0.05
41938.61016119101,50.44000000000412,Timer,timer_menten_prolif,0,0.05
41838.07818978172,50.450000000004124,Timer,timer_menten_prolif,0,0.05
41737.78720542167,50.46000000000412,Timer,timer_menten_prolif,0,0.05
41637.7366304149,50.47000000000412,Timer,timer_menten_prolif,0,0.05
41537.92588844799,50.480000000004125,Timer,timer_menten_prolif,0,0.05
41438.35440458683,50.49000000000413,Timer,timer_menten_prolif,0,0.05
41339.021605272785,50.50000000000413,Timer,timer_menten_prolif,0,0.05
41239.92691831903,50.510000000004126,Timer,timer_menten_prolif,0,0.05
41141.0697729072,50.52000000000413,Timer,timer_menten_prolif,0,0.05
41042.44959958391,50.53000000000414,Timer,timer_menten_prolif,0,0.05
40944.065830257125,50.540000000004135,Timer,timer_menten_prolif,0,0.05
40845.917898192376,50.55000000000413,Timer,timer_menten_prolif,0,0.05
40748.00523800946,50.56000000000414,Timer,timer_menten_prolif,0,0.05
40650.32728848822,50.57000000000414,Timer,timer_menten_prolif,0,0.05
40552.88348540738,50.58000000000414,Timer,timer_menten_prolif,0,0.05
40455.67326693842,50.59000000000414,Timer,timer_menten_prolif,0,0.05
40358.6960731592,50.600000000004144,Timer,timer_menten_prolif,0,0.05
40261.951345488225,50.61000000000415,Timer,timer_menten_prolif,0,0.05
40165.43852668119,50.62000000000415,Timer,timer_menten_prolif,0,0.05
40069.1570608272,50.630000000004145,Timer,timer_menten_prolif,0,0.05
39973.10639334559,50.64000000000415,Timer,timer_menten_prolif,0,0.05
39877.2859709825,50.650000000004155,Timer,timer_menten_prolif,0,0.05
39781.69524180735,50.66000000000415,Timer,timer_menten_prolif,0,0.05
39686.333655209266,50.67000000000415,Timer,timer_menten_prolif,0,0.05
39591.20066189367,50.680000000004156,Timer,timer_menten_prolif,0,0.05
39496.29571387904,50.69000000000416,Timer,timer_menten_prolif,0,0.05
39401.618264493256,50.70000000000416,Timer,timer_menten_prolif,0,0.05
39307.167768370084,50.71000000000416,Timer,timer_menten_prolif,0,0.05
39212.94368144577,50.72000000000416,Timer,timer_menten_prolif,0,0.05
39118.945460955794,50.73000000000417,Timer,timer_menten_prolif,0,0.05
39025.17256543121,50.740000000004166,Timer,timer_menten_prolif,0,0.05
38931.62445469509,50.750000000004164,Timer,timer_menten_prolif,0,0.05
38838.30058985923,50.76000000000417,Timer,timer_menten_prolif,0,0.05
38745.2004352356,50.770000000004174,Timer,timer_menten_prolif,0,0.05
38652.323454377,50.78000000000417,Timer,timer_menten_prolif,0,0.05
38559.66911117404,50.79000000000417,Timer,timer_menten_prolif,0,0.05
38467.23687193031,50.800000000004175,Timer,timer_menten_prolif,0,0.05
38375.0262042249,50.81000000000418,Timer,timer_menten_prolif,0,0.05
38283.03657690867,50.82000000000418,Timer,timer_menten_prolif,0,0.05
38191.267460100964,50.830000000004176,Timer,timer_menten_prolif,0,0.05
38099.7183251862,50.84000000000418,Timer,timer_menten_prolif,0,0.05
38008.38864481074,50.85000000000419,Timer,timer_menten_prolif,0,0.05
37917.27789287935,50.860000000004185,Timer,timer_menten_prolif,0,0.05
37826.38554455172,50.87000000000418,Timer,timer_menten_prolif,0,0.05
37735.71107623922,50.88000000000419,Timer,timer_menten_prolif,0,0.05
37645.25396560165,50.89000000000419,Timer,timer_menten_prolif,0,0.05
37555.01369154376,50.90000000000419,Timer,timer_menten_prolif,0,0.05
37464.989734211755,50.91000000000419,Timer,timer_menten_prolif,0,0.05
37375.18157499004,50.920000000004194,Timer,timer_menten_prolif,0,0.05
37285.58869649796,50.9300000000042,Timer,timer_menten_prolif,0,0.05
37196.21058258639,50.9400000000042,Timer,timer_menten_prolif,0,0.05
37107.04671833413,50.950000000004195,Timer,timer_menten_prolif,0,0.05
37018.09659004477,50.9600000000042,Timer,timer_menten_prolif,0,0.05
36929.359688836084,50.970000000004205,Timer,timer_menten_prolif,0,0.05
36840.83550658012,50.9800000000042,Timer,timer_menten_prolif,0,0.05
36752.52352816173,50.9900000000042,Timer,timer_menten_prolif,0,0.05
36664.423244882615,51.000000000004206,Timer,timer_menten_prolif,0,0.05
36576.53414925829,51.01000000000421,Timer,timer_menten_prolif,0,0.05
36488.855735014695,51.02000000000421,Timer,timer_menten_prolif,0,0.05
36401.38749708481,51.03000000000421,Timer,timer_menten_prolif,0,0.05
36314.128931605504,51.04000000000421,Timer,timer_menten_prolif,0,0.05
36227.079535914425,51.05000000000422,Timer,timer_menten_prolif,0,0.05
36140.238808546615,51.060000000004216,Timer,timer_menten_prolif,0,0.05
36053.60624923112,51.070000000004214,Timer,timer_menten_prolif,0,0.05
35967.181358887814,51.08000000000422,Timer,timer_menten_prolif,0,0.05
35880.96363962439,51.090000000004224,Timer,timer_menten_prolif,0,0.05
35794.95259473281,51.10000000000422,Timer,timer_menten_prolif,0,0.05
35709.147728686046,51.11000000000422,Timer,timer_menten_prolif,0,0.05
35623.548547134924,51.120000000004225,Timer,timer_menten_prolif,0,0.05
35538.15455690493,51.13000000000423,Timer,timer_menten_prolif,0,0.05
35452.96526599289,51.14000000000423,Timer,timer_menten_prolif,0,0.05
35367.98018356357,51.150000000004226,Timer,timer_menten_prolif,0,0.05
35283.19881994654,51.16000000000423,Timer,timer_menten_prolif,0,0.05
35198.620686633,51.17000000000424,Timer,timer_menten_prolif,0,0.05
35114.24529627249,51.180000000004235,Timer,timer_menten_prolif,0,0.05
35030.072162669414,51.19000000000423,Timer,timer_menten_prolif,0,0.05
34946.10080077996,51.20000000000424,Timer,timer_menten_prolif,0,0.05
34862.33072670894,51.21000000000424,Timer,timer_menten_prolif,0,0.05
34778.76145898308,51.22000000000424,Timer,timer_menten_prolif,0,0.05
34695.3925315894,51.23000000000424,Timer,timer_menten_prolif,0,0.05
34612.22345015801,51.240000000004244,Timer,timer_menten_prolif,0,0.05
34529.25373559729,51.25000000000425,Timer,timer_menten_prolif,0,0.05
34446.48290995845,51.26000000000425,Timer,timer_menten_prolif,0,0.05
34363.910496432334,51.270000000004245,Timer,timer_menten_prolif,0,0.05
34281.536019346546,51.28000000000425,Timer,timer_menten_prolif,0,0.05
34199.35900416241,51.290000000004255,Timer,timer_menten_prolif,0,0.05
34117.378977471875,51.30000000000425,Timer,timer_menten_prolif,0,0.05
34035.59546699434,51.31000000000425,Timer,timer_menten_prolif,0,0.05
33954.008001573624,51.320000000004256,Timer,timer_menten_prolif,0,0.05
33872.61611117516,51.33000000000426,Timer,timer_menten_prolif,0,0.05
33791.419326882715,51.34000000000426,Timer,timer_menten_prolif,0,0.05
33710.417180895245,51.35000000000426,Timer,timer_menten_prolif,0,0.05
33629.609206524,51.36000000000426,Timer,timer_menten_prolif,0,0.05
33548.994938189506,51.37000000000427,Timer,timer_menten_prolif,0,0.05
33468.573911418454,51.380000000004266,Timer,timer_menten_prolif,0,0.05
33388.34566284049,51.390000000004264,Timer,timer_menten_prolif,0,0.05
33308.309730185305,51.40000000000427,Timer,timer_menten_prolif,0,0.05
33228.46565227965,51.410000000004274,Timer,timer_menten_prolif,0,0.05
33148.812969044215,51.42000000000427,Timer,timer_menten_prolif,0,0.05
33069.35122149043,51.43000000000427,Timer,timer_menten_prolif,0,0.05
32990.079951717504,51.440000000004275,Timer,timer_menten_prolif,0,0.05
32910.9987029095,51.45000000000428,Timer,timer_menten_prolif,0,0.05
32832.10701933221,51.46000000000428,Timer,timer_menten_prolif,0,0.05
32753.404446329863,51.470000000004276,Timer,timer_menten_prolif,0,0.05
32674.890544605834,51.48000000000428,Timer,timer_menten_prolif,0,0.05
32596.56485449658,51.49000000000429,Timer,timer_menten_prolif,0,0.05
32518.426920766644,51.500000000004285,Timer,timer_menten_prolif,0,0.05
32440.476293309017,51.51000000000428,Timer,timer_menten_prolif,0,0.05
32362.712523091446,51.52000000000429,Timer,timer_menten_prolif,0,0.05
32285.13516215371,51.53000000000429,Timer,timer_menten_prolif,0,0.05
32207.743763604638,51.54000000000429,Timer,timer_menten_prolif,0,0.05
32130.537881619173,51.55000000000429,Timer,timer_menten_prolif,0,0.05
32053.51707143568,51.560000000004294,Timer,timer_menten_prolif,0,0.05
31976.680889353098,51.5700000000043,Timer,timer_menten_prolif,0,0.05
31900.028892728136,51.5800000000043,Timer,timer_menten_prolif,0,0.05
31823.560639972195,51.590000000004295,Timer,timer_menten_prolif,0,0.05
31747.275690548708,51.6000000000043,Timer,timer_menten_prolif,0,0.05
31671.173604970365,51.610000000004305,Timer,timer_menten_prolif,0,0.05
31595.253944796204,51.6200000000043,Timer,timer_menten_prolif,0,0.05
31519.516272628593,51.6300000000043,Timer,timer_menten_prolif,0,0.05
31443.960152110565,51.64000000000431,Timer,timer_menten_prolif,0,0.05
31368.585147923048,51.65000000000431,Timer,timer_menten_prolif,0,0.05
31293.3908257819,51.66000000000431,Timer,timer_menten_prolif,0,0.05
31218.376752434982,51.67000000000431,Timer,timer_menten_prolif,0,0.05
31143.542495659436,51.68000000000431,Timer,timer_menten_prolif,0,0.05
31068.887624258892,51.69000000000432,Timer,timer_menten_prolif,0,0.05
30994.4117080606,51.700000000004316,Timer,timer_menten_prolif,0,0.05
30920.11431791239,51.710000000004314,Timer,timer_menten_prolif,0,0.05
30845.995025679997,51.72000000000432,Timer,timer_menten_prolif,0,0.05
30772.053410877983,51.730000000004324,Timer,timer_menten_prolif,0,0.05
30698.28905056852,51.74000000000432,Timer,timer_menten_prolif,0,0.05
30624.70151246647,51.75000000000432,Timer,timer_menten_prolif,0,0.05
30551.290372690906,51.760000000004325,Timer,timer_menten_prolif,0,0.05
30478.05520837387,51.77000000000433,Timer,timer_menten_prolif,0,0.05
30404.99559765746,51.78000000000433,Timer,timer_menten_prolif,0,0.05
30332.111119691188,51.790000000004326,Timer,timer_menten_prolif,0,0.05
30259.40135462933,51.80000000000433,Timer,timer_menten_prolif,0,0.05
30186.86588362839,51.81000000000434,Timer,timer_menten_prolif,0,0.05
30114.5042888443,51.820000000004335,Timer,timer_menten_prolif,0,0.05
30042.316153429685,51.83000000000433,Timer,timer_menten_prolif,0,0.05
29970.30106153124,51.84000000000434,Timer,timer_menten_prolif,0,0.05
29898.458598287227,51.85000000000434,Timer,timer_menten_prolif,0,0.05
29826.788349824652,51.86000000000434,Timer,timer_menten_prolif,0,0.05
29755.289903256507,51.87000000000434,Timer,timer_menten_prolif,0,0.05
29683.962846679206,51.880000000004344,Timer,timer_menten_prolif,0,0.05
29612.806769169983,51.89000000000435,Timer,timer_menten_prolif,0,0.05
29541.821260784185,51.90000000000435,Timer,timer_menten_prolif,0,0.05
29471.00591255245,51.910000000004345,Timer,timer_menten_prolif,0,0.05
29400.360316478116,51.92000000000435,Timer,timer_menten_prolif,0,0.05
29329.884065534723,51.930000000004355,Timer,timer_menten_prolif,0,0.05
29259.57675366317,51.94000000000435,Timer,timer_menten_prolif,0,0.05
29189.437975768982,51.95000000000435,Timer,timer_menten_prolif,0,0.05
29119.467327719736,51.96000000000436,Timer,timer_menten_prolif,0,0.05
29049.66440634248,51.97000000000436,Timer,timer_menten_prolif,0,0.05
28980.028811066528,51.98000000000436,Timer,timer_menten_prolif,0,0.05
28910.560150175424,51.99000000000436,Timer,timer_menten_prolif,0,0.05
28841.258014258074,52.00000000000436,Timer,timer_menten_prolif,0,0.05
28772.122004122328,52.01000000000437,Timer,timer_menten_prolif,0,0.05
28703.151721529484,52.020000000004366,Timer,timer_menten_prolif,0,0.05
28634.346769191696,52.030000000004364,Timer,timer_menten_prolif,0,0.05
28565.70675076949,52.04000000000437,Timer,timer_menten_prolif,0,0.05
28497.23127086935,52.050000000004374,Timer,timer_menten_prolif,0,0.05
28428.91993504114,52.06000000000437,Timer,timer_menten_prolif,0,0.05
28360.77234977539,52.07000000000437,Timer,timer_menten_prolif,0,0.05
28292.788122500926,52.080000000004375,Timer,timer_menten_prolif,0,0.05
28224.9668615824,52.09000000000438,Timer,timer_menten_prolif,0,0.05
28157.30817631769,52.10000000000438,Timer,timer_menten_prolif,0,0.05
28089.811676935256,52.110000000004376,Timer,timer_menten_prolif,0,0.05
28022.476974591737,52.12000000000438,Timer,timer_menten_prolif,0,0.05
27955.303681369456,52.13000000000439,Timer,timer_menten_prolif,0,0.05
27888.291410273847,52.140000000004385,Timer,timer_menten_prolif,0,0.05
27821.43977523081,52.15000000000438,Timer,timer_menten_prolif,0,0.05
27754.748391084286,52.16000000000439,Timer,timer_menten_prolif,0,0.05
27688.216873593803,52.17000000000439,Timer,timer_menten_prolif,0,0.05
27621.844839431855,52.18000000000439,Timer,timer_menten_prolif,0,0.05
27555.631906181294,52.19000000000439,Timer,timer_menten_prolif,0,0.05
27489.5776923329,52.200000000004394,Timer,timer_menten_prolif,0,0.05
27423.68181728288,52.2100000000044,Timer,timer_menten_prolif,0,0.05
27357.94390133034,52.2200000000044,Timer,timer_menten_prolif,0,0.05
27292.363565674597,52.230000000004395,Timer,timer_menten_prolif,0,0.05
27226.94044256647,52.2400000000044,Timer,timer_menten_prolif,0,0.05
27161.674148801387,52.250000000004405,Timer,timer_menten_prolif,0,0.05
27096.564306492495,52.2600000000044,Timer,timer_menten_prolif,0,0.05
27031.6105405884,52.2700000000044,Timer,timer_menten_prolif,0,0.05
26966.812476932857,52.28000000000441,Timer,timer_menten_prolif,0,0.05
26902.169742262413,52.29000000000441,Timer,timer_menten_prolif,0,0.05
26837.681964203977,52.30000000000441,Timer,timer_menten_prolif,0,0.05
26773.34877127235,52.31000000000441,Timer,timer_menten_prolif,0,0.05
26709.169792867855,52.32000000000441,Timer,timer_menten_prolif,0,0.05
26645.144659274112,52.33000000000442,Timer,timer_menten_prolif,0,0.05
26581.2730016555,52.340000000004416,Timer,timer_menten_prolif,0,0.05
26517.55445205472,52.350000000004414,Timer,timer_menten_prolif,0,0.05
26453.98864339047,52.36000000000442,Timer,timer_menten_prolif,0,0.05
26390.575209455135,52.370000000004424,Timer,timer_menten_prolif,0,0.05
26327.313784912338,52.38000000000442,Timer,timer_menten_prolif,0,0.05
26264.204005294436,52.39000000000442,Timer,timer_menten_prolif,0,0.05
26201.245507000218,52.400000000004425,Timer,timer_menten_prolif,0,0.05
26138.437927292623,52.41000000000443,Timer,timer_menten_prolif,0,0.05
26075.780904296233,52.42000000000443,Timer,timer_menten_prolif,0,0.05
26013.274076994814,52.430000000004426,Timer,timer_menten_prolif,0,0.05
25950.91708522901,52.44000000000443,Timer,timer_menten_prolif,0,0.05
25888.709569694034,52.45000000000444,Timer,timer_menten_prolif,0,0.05
25826.651171937196,52.460000000004435,Timer,timer_menten_prolif,0,0.05
25764.741534355417,52.47000000000443,Timer,timer_menten_prolif,0,0.05
25702.980300192932,52.48000000000444,Timer,timer_menten_prolif,0,0.05
25641.36711995917,52.49000000000444,Timer,timer_menten_prolif,0,0.05
25579.901639751923,52.50000000000444,Timer,timer_menten_prolif,0,0.05
25518.58349997495,52.51000000000444,Timer,timer_menten_prolif,0,0.05
25457.41234741576,52.520000000004444,Timer,timer_menten_prolif,0,0.05
25396.38782970499,52.53000000000445,Timer,timer_menten_prolif,0,0.05
25335.509595314128,52.54000000000445,Timer,timer_menten_prolif,0,0.05
25274.777293553165,52.550000000004445,Timer,timer_menten_prolif,0,0.05
25214.190574568416,52.56000000000445,Timer,timer_menten_prolif,0,0.05
25153.74908934037,52.570000000004455,Timer,timer_menten_prolif,0,0.05
25093.452489681367,52.58000000000445,Timer,timer_menten_prolif,0,0.05
25033.300428233262,52.59000000000445,Timer,timer_menten_prolif,0,0.05
24973.292558465277,52.60000000000446,Timer,timer_menten_prolif,0,0.05
24913.428534671795,52.61000000000446,Timer,timer_menten_prolif,0,0.05
24853.70801197009,52.62000000000446,Timer,timer_menten_prolif,0,0.05
24794.130646297956,52.63000000000446,Timer,timer_menten_prolif,0,0.05
24734.69609441157,52.64000000000446,Timer,timer_menten_prolif,0,0.05
24675.40401388332,52.65000000000447,Timer,timer_menten_prolif,0,0.05
24616.25406309944,52.660000000004466,Timer,timer_menten_prolif,0,0.05
24557.24590125777,52.670000000004464,Timer,timer_menten_prolif,0,0.05
24498.3791883655,52.68000000000447,Timer,timer_menten_prolif,0,0.05
24439.653585237065,52.690000000004474,Timer,timer_menten_prolif,0,0.05
24381.06875349178,52.70000000000447,Timer,timer_menten_prolif,0,0.05
24322.624355551547,52.71000000000447,Timer,timer_menten_prolif,0,0.05
24264.320054638676,52.720000000004475,Timer,timer_menten_prolif,0,0.05
24206.15551477371,52.73000000000448,Timer,timer_menten_prolif,0,0.05
24148.13040314793,52.74000000000448,Timer,timer_menten_prolif,0,0.05
24090.244393424797,52.750000000004476,Timer,timer_menten_prolif,0,0.05
24032.497143653152,52.76000000000448,Timer,timer_menten_prolif,0,0.05
23974.888321192084,52.77000000000449,Timer,timer_menten_prolif,0,0.05
23917.417594194983,52.780000000004485,Timer,timer_menten_prolif,0,0.05
23860.084631607337,52.79000000000448,Timer,timer_menten_prolif,0,0.05
23802.8891031647,52.80000000000449,Timer,timer_menten_prolif,0,0.05
23745.830679390678,52.81000000000449,Timer,timer_menten_prolif,0,0.05
23688.90903159476,52.82000000000449,Timer,timer_menten_prolif,0,0.05
23632.1238318701,52.83000000000449,Timer,timer_menten_prolif,0,0.05
23575.47475309149,52.840000000004494,Timer,timer_menten_prolif,0,0.05
23518.961468913374,52.8500000000045,Timer,timer_menten_prolif,0,0.05
23462.583653767615,52.8600000000045,Timer,timer_menten_prolif,0,0.05
23406.34098286133,52.870000000004495,Timer,timer_menten_prolif,0,0.05
23350.233132174864,52.8800000000045,Timer,timer_menten_prolif,0,0.05
23294.259778459775,52.890000000004505,Timer,timer_menten_prolif,0,0.05
23238.420599236604,52.9000000000045,Timer,timer_menten_prolif,0,0.05
23182.715272792746,52.9100000000045,Timer,timer_menten_prolif,0,0.05
23127.143478180384,52.92000000000451,Timer,timer_menten_prolif,0,0.05
23071.704895214476,52.93000000000451,Timer,timer_menten_prolif,0,0.05
23016.399204470566,52.94000000000451,Timer,timer_menten_prolif,0,0.05
22961.22608728261,52.95000000000451,Timer,timer_menten_prolif,0,0.05
22906.18522574092,52.96000000000451,Timer,timer_menten_prolif,0,0.05
22851.27630269017,52.97000000000452,Timer,timer_menten_prolif,0,0.05
22796.4990017272,52.980000000004516,Timer,timer_menten_prolif,0,0.05
22741.853007198806,52.990000000004514,Timer,timer_menten_prolif,0,0.05
22687.33801405427,53.00000000000452,Timer,timer_menten_prolif,0,0.05
22632.953701196333,53.010000000004524,Timer,timer_menten_prolif,0,0.05
22578.6997542612,53.02000000000452,Timer,timer_menten_prolif,0,0.05
22524.57586073065,53.03000000000452,Timer,timer_menten_prolif,0,0.05
22470.581708832673,53.040000000004525,Timer,timer_menten_prolif,0,0.05
22416.716987539585,53.05000000000453,Timer,timer_menten_prolif,0,0.05
22362.981386565967,53.06000000000453,Timer,timer_menten_prolif,0,0.05
22309.374596366568,53.070000000004526,Timer,timer_menten_prolif,0,0.05
22255.896308134477,53.08000000000453,Timer,timer_menten_prolif,0,0.05
22202.546213799127,53.09000000000454,Timer,timer_menten_prolif,0,0.05
22149.32400602431,53.100000000004535,Timer,timer_menten_prolif,0,0.05
22096.229378206095,53.11000000000453,Timer,timer_menten_prolif,0,0.05
22043.26202447091,53.12000000000454,Timer,timer_menten_prolif,0,0.05
21990.421639673637,53.13000000000454,Timer,timer_menten_prolif,0,0.05
21937.707919395594,53.14000000000454,Timer,timer_menten_prolif,0,0.05
21885.12055994243,53.15000000000454,Timer,timer_menten_prolif,0,0.05
21832.659258342228,53.160000000004544,Timer,timer_menten_prolif,0,0.05
21780.32371234364,53.17000000000455,Timer,timer_menten_prolif,0,0.05
21728.11362041378,53.18000000000455,Timer,timer_menten_prolif,0,0.05
21676.02868173619,53.190000000004545,Timer,timer_menten_prolif,0,0.05
21624.068596208934,53.20000000000455,Timer,timer_menten_prolif,0,0.05
21572.233064442677,53.210000000004555,Timer,timer_menten_prolif,0,0.05
21520.521787758673,53.22000000000455,Timer,timer_menten_prolif,0,0.05
21468.934468186642,53.23000000000455,Timer,timer_menten_prolif,0,0.05
21417.470808462916,53.24000000000456,Timer,timer_menten_prolif,0,0.05
21366.130517709877,53.25000000000456,Timer,timer_menten_prolif,0,0.05
21314.91329979042,53.26000000000456,Timer,timer_menten_prolif,0,0.05
21263.818855894955,53.27000000000456,Timer,timer_menten_prolif,0,0.05
21212.84689170619,53.28000000000456,Timer,timer_menten_prolif,0,0.05
21161.997113609632,53.29000000000457,Timer,timer_menten_prolif,0,0.05
21111.269228691657,53.300000000004566,Timer,timer_menten_prolif,0,0.05
21060.662944737574,53.310000000004564,Timer,timer_menten_prolif,0,0.05
21010.177970229855,53.32000000000457,Timer,timer_menten_prolif,0,0.05
20959.814014346273,53.330000000004574,Timer,timer_menten_prolif,0,0.05
20909.57078695806,53.34000000000457,Timer,timer_menten_prolif,0,0.05
20859.447998627846,53.35000000000457,Timer,timer_menten_prolif,0,0.05
20809.445360607984,53.360000000004575,Timer,timer_menten_prolif,0,0.05
20759.562584838684,53.37000000000458,Timer,timer_menten_prolif,0,0.05
20709.799383946076,53.38000000000458,Timer,timer_menten_prolif,0,0.05
20660.155471240312,53.39000000000458,Timer,timer_menten_prolif,0,0.05
20610.63056071371,53.40000000000458,Timer,timer_menten_prolif,0,0.05
20561.224367039016,53.41000000000459,Timer,timer_menten_prolif,0,0.05
20511.936605567433,53.420000000004585,Timer,timer_menten_prolif,0,0.05
20462.766992326673,53.43000000000458,Timer,timer_menten_prolif,0,0.05
20413.715244019208,53.44000000000459,Timer,timer_menten_prolif,0,0.05
20364.781078020416,53.45000000000459,Timer,timer_menten_prolif,0,0.05
20315.96421237669,53.46000000000459,Timer,timer_menten_prolif,0,0.05
20267.264365803458,53.47000000000459,Timer,timer_menten_prolif,0,0.05
20218.68125768342,53.480000000004594,Timer,timer_menten_prolif,0,0.05
20170.21460806473,53.4900000000046,Timer,timer_menten_prolif,0,0.05
20121.864140094884,53.5000000000046,Timer,timer_menten_prolif,0,0.05
20073.629580330293,53.510000000004595,Timer,timer_menten_prolif,0,0.05
20025.51064480723,53.5200000000046,Timer,timer_menten_prolif,0,0.05
19977.507056348015,53.530000000004605,Timer,timer_menten_prolif,0,0.05
19929.61853843675,53.5400000000046,Timer,timer_menten_prolif,0,0.05
19881.844815217493,53.5500000000046,Timer,timer_menten_prolif,0,0.05
19834.185611492576,53.56000000000461,Timer,timer_menten_prolif,0,0.05
19786.640652720886,53.57000000000461,Timer,timer_menten_prolif,0,0.05
19739.20966501606,53.58000000000461,Timer,timer_menten_prolif,0,0.05
19691.89237514466,53.59000000000461,Timer,timer_menten_prolif,0,0.05
19644.688510524466,53.60000000000461,Timer,timer_menten_prolif,0,0.05
19597.597799222785,53.61000000000462,Timer,timer_menten_prolif,0,0.05
19550.61996995465,53.620000000004616,Timer,timer_menten_prolif,0,0.05
19503.754752080953,53.630000000004614,Timer,timer_menten_prolif,0,0.05
19457.001875606802,53.64000000000462,Timer,timer_menten_prolif,0,0.05
19410.361071179777,53.650000000004624,Timer,timer_menten_prolif,0,0.05
19363.832070088138,53.66000000000462,Timer,timer_menten_prolif,0,0.05
19317.414604258993,53.67000000000462,Timer,timer_menten_prolif,0,0.05
19271.10840625659,53.680000000004625,Timer,timer_menten_prolif,0,0.05
19224.91320928066,53.69000000000463,Timer,timer_menten_prolif,0,0.05
19178.82874716454,53.70000000000463,Timer,timer_menten_prolif,0,0.05
19132.854754373395,53.71000000000463,Timer,timer_menten_prolif,0,0.05
19086.9909660025,53.72000000000463,Timer,timer_menten_prolif,0,0.05
19041.23711777554,53.73000000000464,Timer,timer_menten_prolif,0,0.05
18995.592946042823,53.740000000004635,Timer,timer_menten_prolif,0,0.05
18950.058187779407,53.75000000000463,Timer,timer_menten_prolif,0,0.05
18904.632589441557,53.76000000000464,Timer,timer_menten_prolif,0,0.05
18859.315882292838,53.77000000000464,Timer,timer_menten_prolif,0,0.05
18814.107804921186,53.78000000000464,Timer,timer_menten_prolif,0,0.05
18769.008096913825,53.79000000000464,Timer,timer_menten_prolif,0,0.05
18724.016498479614,53.800000000004644,Timer,timer_menten_prolif,0,0.05
18679.132750447454,53.81000000000465,Timer,timer_menten_prolif,0,0.05
18634.35659426458,53.82000000000465,Timer,timer_menten_prolif,0,0.05
18589.687771994835,53.830000000004645,Timer,timer_menten_prolif,0,0.05
18545.126026317084,53.84000000000465,Timer,timer_menten_prolif,0,0.05
18500.6711005236,53.850000000004655,Timer,timer_menten_prolif,0,0.05
18456.322738518385,53.86000000000465,Timer,timer_menten_prolif,0,0.05
18412.080684815424,53.87000000000465,Timer,timer_menten_prolif,0,0.05
18367.9446845371,53.88000000000466,Timer,timer_menten_prolif,0,0.05
18323.9144834126,53.89000000000466,Timer,timer_menten_prolif,0,0.05
18279.9898277762,53.90000000000466,Timer,timer_menten_prolif,0,0.05
18236.17046456556,53.91000000000466,Timer,timer_menten_prolif,0,0.05
18192.456141320097,53.92000000000466,Timer,timer_menten_prolif,0,0.05
18148.846606179442,53.93000000000467,Timer,timer_menten_prolif,0,0.05
18105.341607881674,53.940000000004666,Timer,timer_menten_prolif,0,0.05
18061.940895761632,53.950000000004664,Timer,timer_menten_prolif,0,0.05
18018.64421974932,53.96000000000467,Timer,timer_menten_prolif,0,0.05
17975.451330368312,53.970000000004674,Timer,timer_menten_prolif,0,0.05
17932.361978734018,53.98000000000467,Timer,timer_menten_prolif,0,0.05
17889.375916551988,53.99000000000467,Timer,timer_menten_prolif,0,0.05
17846.49289611633,54.000000000004675,Timer,timer_menten_prolif,0,0.05
17803.712675810995,54.01000000000468,Timer,timer_menten_prolif,0,0.05
17761.03500781064,54.02000000000468,Timer,timer_menten_prolif,0,0.05
17718.459643477858,54.03000000000468,Timer,timer_menten_prolif,0,0.05
17675.986337566068,54.04000000000468,Timer,timer_menten_prolif,0,0.05
17633.614845414268,54.05000000000469,Timer,timer_menten_prolif,0,0.05
17591.344922945435,54.060000000004685,Timer,timer_menten_prolif,0,0.05
17549.176326664896,54.07000000000468,Timer,timer_menten_prolif,0,0.05
17507.10881365884,54.08000000000469,Timer,timer_menten_prolif,0,0.05
17465.14214159283,54.09000000000469,Timer,timer_menten_prolif,0,0.05
17423.276068710158,54.10000000000469,Timer,timer_menten_prolif,0,0.05
17381.510353830272,54.11000000000469,Timer,timer_menten_prolif,0,0.05
17339.84475634724,54.120000000004694,Timer,timer_menten_prolif,0,0.05
17298.27903622827,54.1300000000047,Timer,timer_menten_prolif,0,0.05
17256.812954012104,54.1400000000047,Timer,timer_menten_prolif,0,0.05
17215.446270807388,54.150000000004695,Timer,timer_menten_prolif,0,0.05
17174.178748291182,54.1600000000047,Timer,timer_menten_prolif,0,0.05
17133.010148707457,54.170000000004705,Timer,timer_menten_prolif,0,0.05
17091.940234865484,54.1800000000047,Timer,timer_menten_prolif,0,0.05
17050.96877013823,54.1900000000047,Timer,timer_menten_prolif,0,0.05
17010.09551846084,54.20000000000471,Timer,timer_menten_prolif,0,0.05
16969.320244329152,54.21000000000471,Timer,timer_menten_prolif,0,0.05
16928.642712798086,54.22000000000471,Timer,timer_menten_prolif,0,0.05
16888.062689480015,54.23000000000471,Timer,timer_menten_prolif,0,0.05
16847.579940543284,54.24000000000471,Timer,timer_menten_prolif,0,0.05
16807.1942327107,54.25000000000472,Timer,timer_menten_prolif,0,0.05
16766.90533583003,54.260000000004716,Timer,timer_menten_prolif,0,0.05
16726.713021200892,54.270000000004714,Timer,timer_menten_prolif,0,0.05
16686.61705253861,54.28000000000472,Timer,timer_menten_prolif,0,0.05
16646.61719887978,54.290000000004724,Timer,timer_menten_prolif,0,0.05
16606.713229812467,54.30000000000472,Timer,timer_menten_prolif,0,0.05
16566.90491547473,54.31000000000472,Timer,timer_menten_prolif,0,0.05
16527.1920265532,54.320000000004725,Timer,timer_menten_prolif,0,0.05
16487.574334281642,54.33000000000473,Timer,timer_menten_prolif,0,0.05
16448.051610439485,54.34000000000473,Timer,timer_menten_prolif,0,0.05
16408.623627350247,54.35000000000473,Timer,timer_menten_prolif,0,0.05
16369.290157880172,54.36000000000473,Timer,timer_menten_prolif,0,0.05
16330.050975436818,54.37000000000474,Timer,timer_menten_prolif,0,0.05
16290.905853967493,54.380000000004735,Timer,timer_menten_prolif,0,0.05
16251.854567957786,54.39000000000473,Timer,timer_menten_prolif,0,0.05
16212.896892430137,54.40000000000474,Timer,timer_menten_prolif,0,0.05
16174.032602942429,54.41000000000474,Timer,timer_menten_prolif,0,0.05
16135.261475586456,54.42000000000474,Timer,timer_menten_prolif,0,0.05
16096.583286986446,54.43000000000474,Timer,timer_menten_prolif,0,0.05
16057.997814297589,54.440000000004744,Timer,timer_menten_prolif,0,0.05
16019.504835204683,54.45000000000475,Timer,timer_menten_prolif,0,0.05
15981.104127920602,54.46000000000475,Timer,timer_menten_prolif,0,0.05
15942.795471184745,54.470000000004745,Timer,timer_menten_prolif,0,0.05
15904.578644261657,54.48000000000475,Timer,timer_menten_prolif,0,0.05
15866.453426939634,54.490000000004756,Timer,timer_menten_prolif,0,0.05
15828.419599529154,54.50000000000475,Timer,timer_menten_prolif,0,0.05
15790.476942999936,54.51000000000475,Timer,timer_menten_prolif,0,0.05
15752.625246044736,54.52000000000476,Timer,timer_menten_prolif,0,0.05
15714.864284304032,54.53000000000476,Timer,timer_menten_prolif,0,0.05
15677.193840264823,54.54000000000476,Timer,timer_menten_prolif,0,0.05
15639.613696933437,54.55000000000476,Timer,timer_menten_prolif,0,0.05
15602.123637834226,54.56000000000476,Timer,timer_menten_prolif,0,0.05
15564.723447008193,54.57000000000477,Timer,timer_menten_prolif,0,0.05
15527.4129090116,54.580000000004766,Timer,timer_menten_prolif,0,0.05
15490.191808914522,54.590000000004764,Timer,timer_menten_prolif,0,0.05
15453.059932299511,54.60000000000477,Timer,timer_menten_prolif,0,0.05
15416.017065260292,54.610000000004774,Timer,timer_menten_prolif,0,0.05
15379.062994400316,54.62000000000477,Timer,timer_menten_prolif,0,0.05
15342.197506831322,54.63000000000477,Timer,timer_menten_prolif,0,0.05
15305.420390172036,54.640000000004775,Timer,timer_menten_prolif,0,0.05
15268.731432546814,54.65000000000478,Timer,timer_menten_prolif,0,0.05
15232.130422584243,54.66000000000478,Timer,timer_menten_prolif,0,0.05
15195.617149415673,54.67000000000478,Timer,timer_menten_prolif,0,0.05
15159.191402673932,54.68000000000478,Timer,timer_menten_prolif,0,0.05
15122.852972491968,54.69000000000479,Timer,timer_menten_prolif,0,0.05
15086.601649501416,54.700000000004785,Timer,timer_menten_prolif,0,0.05
15050.437224831196,54.71000000000478,Timer,timer_menten_prolif,0,0.05
15014.359490106157,54.72000000000479,Timer,timer_menten_prolif,0,0.05
14978.368237445782,54.73000000000479,Timer,timer_menten_prolif,0,0.05
14942.463259462707,54.74000000000479,Timer,timer_menten_prolif,0,0.05
14906.644349261345,54.75000000000479,Timer,timer_menten_prolif,0,0.05
14870.91130043653,54.760000000004794,Timer,timer_menten_prolif,0,0.05
14835.263912133054,54.7700000000048,Timer,timer_menten_prolif,0,0.05
14799.701976965756,54.7800000000048,Timer,timer_menten_prolif,0,0.05
14764.225288163503,54.790000000004795,Timer,timer_menten_prolif,0,0.05
14728.833641370627,54.8000000000048,Timer,timer_menten_prolif,0,0.05
14693.526832719428,54.810000000004806,Timer,timer_menten_prolif,0,0.05
14658.304658828845,54.820000000004804,Timer,timer_menten_prolif,0,0.05
14623.166916803062,54.8300000000048,Timer,timer_menten_prolif,0,0.05
14588.11340423031,54.84000000000481,Timer,timer_menten_prolif,0,0.05
14553.14391918159,54.85000000000481,Timer,timer_menten_prolif,0,0.05
14518.25826020934,54.86000000000481,Timer,timer_menten_prolif,0,0.05
14483.456226346083,54.87000000000481,Timer,timer_menten_prolif,0,0.05
14448.737617103196,54.88000000000481,Timer,timer_menten_prolif,0,0.05
14414.102232469624,54.89000000000482,Timer,timer_menten_prolif,0,0.05
14379.549872910578,54.900000000004816,Timer,timer_menten_prolif,0,0.05
14345.08033936617,54.910000000004814,Timer,timer_menten_prolif,0,0.05
14310.693433250164,54.92000000000482,Timer,timer_menten_prolif,0,0.05
14276.388956448713,54.930000000004824,Timer,timer_menten_prolif,0,0.05
14242.16671131906,54.94000000000482,Timer,timer_menten_prolif,0,0.05
14208.02650068815,54.95000000000482,Timer,timer_menten_prolif,0,0.05
14173.968127851378,54.960000000004825,Timer,timer_menten_prolif,0,0.05
14139.9913965714,54.97000000000483,Timer,timer_menten_prolif,0,0.05
14106.096111076706,54.98000000000483,Timer,timer_menten_prolif,0,0.05
14072.282076060328,54.99000000000483,Timer,timer_menten_prolif,0,0.05
14038.549096678595,55.00000000000483,Timer,timer_menten_prolif,0,0.05
14004.896978549848,55.01000000000484,Timer,timer_menten_prolif,0,0.05
13971.325530295124,55.020000000004835,Timer,timer_menten_prolif,0,0.05
13937.834560545101,55.03000000000483,Timer,timer_menten_prolif,0,0.05
13904.423872808658,55.04000000000484,Timer,timer_menten_prolif,0,0.05
13871.093274631501,55.05000000000484,Timer,timer_menten_prolif,0,0.05
13837.842574018849,55.06000000000484,Timer,timer_menten_prolif,0,0.05
13804.67157943416,55.07000000000484,Timer,timer_menten_prolif,0,0.05
13771.580099797982,55.080000000004844,Timer,timer_menten_prolif,0,0.05
13738.567944486764,55.09000000000485,Timer,timer_menten_prolif,0,0.05
13705.634923331583,55.10000000000485,Timer,timer_menten_prolif,0,0.05
13672.780846616897,55.110000000004845,Timer,timer_menten_prolif,0,0.05
13640.005525079348,55.12000000000485,Timer,timer_menten_prolif,0,0.05
13607.308769906602,55.130000000004856,Timer,timer_menten_prolif,0,0.05
13574.690392736073,55.140000000004854,Timer,timer_menten_prolif,0,0.05
13542.150205653665,55.15000000000485,Timer,timer_menten_prolif,0,0.05
13509.688021192593,55.16000000000486,Timer,timer_menten_prolif,0,0.05
13477.303652332199,55.17000000000486,Timer,timer_menten_prolif,0,0.05
13444.996912496706,55.18000000000486,Timer,timer_menten_prolif,0,0.05
13412.767615553936,55.19000000000486,Timer,timer_menten_prolif,0,0.05
13380.615575814127,55.20000000000486,Timer,timer_menten_prolif,0,0.05
13348.540608028788,55.21000000000487,Timer,timer_menten_prolif,0,0.05
13316.5425273894,55.220000000004866,Timer,timer_menten_prolif,0,0.05
13284.621149526167,55.230000000004864,Timer,timer_menten_prolif,0,0.05
13252.776290506836,55.24000000000487,Timer,timer_menten_prolif,0,0.05
13221.007766835526,55.250000000004874,Timer,timer_menten_prolif,0,0.05
13189.315395451456,55.26000000000487,Timer,timer_menten_prolif,0,0.05
13157.698994222126,55.27000000000487,Timer,timer_menten_prolif,0,0.05
13126.158386425934,55.280000000004875,Timer,timer_menten_prolif,0,0.05
13094.693385390257,55.29000000000488,Timer,timer_menten_prolif,0,0.05
13063.303809868652,55.30000000000488,Timer,timer_menten_prolif,0,0.05
13031.989479047406,55.31000000000488,Timer,timer_menten_prolif,0,0.05
13000.750212544419,55.32000000000488,Timer,timer_menten_prolif,0,0.05
12969.585830408127,55.33000000000489,Timer,timer_menten_prolif,0,0.05
12938.49615311628,55.340000000004885,Timer,timer_menten_prolif,0,0.05
12907.481001574753,55.35000000000488,Timer,timer_menten_prolif,0,0.05
12876.540197116468,55.36000000000489,Timer,timer_menten_prolif,0,0.05
12845.673561500253,55.37000000000489,Timer,timer_menten_prolif,0,0.05
12814.880916909664,55.38000000000489,Timer,timer_menten_prolif,0,0.05
12784.1620859518,55.39000000000489,Timer,timer_menten_prolif,0,0.05
12753.516891656185,55.400000000004894,Timer,timer_menten_prolif,0,0.05
12722.94515747367,55.4100000000049,Timer,timer_menten_prolif,0,0.05
12692.446707275227,55.4200000000049,Timer,timer_menten_prolif,0,0.05
12662.021365350789,55.430000000004895,Timer,timer_menten_prolif,0,0.05
12631.6689564081,55.4400000000049,Timer,timer_menten_prolif,0,0.05
12601.389305571643,55.450000000004906,Timer,timer_menten_prolif,0,0.05
12571.182238381427,55.460000000004904,Timer,timer_menten_prolif,0,0.05
12541.047580791812,55.4700000000049,Timer,timer_menten_prolif,0,0.05
12510.985159170386,55.48000000000491,Timer,timer_menten_prolif,0,0.05
12480.994800296878,55.49000000000491,Timer,timer_menten_prolif,0,0.05
12451.076331361945,55.50000000000491,Timer,timer_menten_prolif,0,0.05
12421.229579965988,55.51000000000491,Timer,timer_menten_prolif,0,0.05
12391.454374118053,55.52000000000491,Timer,timer_menten_prolif,0,0.05
12361.750546823914,55.53000000000492,Timer,timer_menten_prolif,0,0.05
12332.117924550039,55.540000000004916,Timer,timer_menten_prolif,0,0.05
12302.556335352267,55.550000000004914,Timer,timer_menten_prolif,0,0.05
12273.065608947009,55.56000000000492,Timer,timer_menten_prolif,0,0.05
12243.645575457249,55.570000000004924,Timer,timer_menten_prolif,0,0.05
12214.296065411403,55.58000000000492,Timer,timer_menten_prolif,0,0.05
12185.016909742237,55.59000000000492,Timer,timer_menten_prolif,0,0.05
12155.80793978577,55.600000000004925,Timer,timer_menten_prolif,0,0.05
12126.668987280276,55.61000000000493,Timer,timer_menten_prolif,0,0.05
12097.599884365156,55.62000000000493,Timer,timer_menten_prolif,0,0.05
12068.60046357979,55.63000000000493,Timer,timer_menten_prolif,0,0.05
12039.670557862546,55.64000000000493,Timer,timer_menten_prolif,0,0.05
12010.810000549682,55.65000000000494,Timer,timer_menten_prolif,0,0.05
11982.018625374267,55.660000000004935,Timer,timer_menten_prolif,0,0.05
11953.29626646504,55.67000000000493,Timer,timer_menten_prolif,0,0.05
11924.64275834537,55.68000000000494,Timer,timer_menten_prolif,0,0.05
11896.057935932222,55.69000000000494,Timer,timer_menten_prolif,0,0.05
11867.541634535039,55.70000000000494,Timer,timer_menten_prolif,0,0.05
11839.093689854602,55.71000000000494,Timer,timer_menten_prolif,0,0.05
11810.713937982007,55.720000000004944,Timer,timer_menten_prolif,0,0.05
11782.402215397615,55.73000000000495,Timer,timer_menten_prolif,0,0.05
11754.158358969937,55.74000000000495,Timer,timer_menten_prolif,0,0.05
11725.982205954508,55.750000000004945,Timer,timer_menten_prolif,0,0.05
11697.873593992845,55.76000000000495,Timer,timer_menten_prolif,0,0.05
11669.832361111406,55.770000000004956,Timer,timer_menten_prolif,0,0.05
11641.858348228452,55.780000000004954,Timer,timer_menten_prolif,0,0.05
11613.951395246335,55.79000000000495,Timer,timer_menten_prolif,0,0.05
11586.11133869649,55.80000000000496,Timer,timer_menten_prolif,0,0.05
11558.338018212473,55.81000000000496,Timer,timer_menten_prolif,0,0.05
11530.63127381074,55.82000000000496,Timer,timer_menten_prolif,0,0.05
11502.990945889589,55.83000000000496,Timer,timer_menten_prolif,0,0.05
11475.416875228166,55.84000000000496,Timer,timer_menten_prolif,0,0.05
11447.908902985524,55.85000000000497,Timer,timer_menten_prolif,0,0.05
11420.466870699529,55.860000000004966,Timer,timer_menten_prolif,0,0.05
11393.09062028582,55.870000000004964,Timer,timer_menten_prolif,0,0.05
11365.779994036835,55.88000000000497,Timer,timer_menten_prolif,0,0.05
11338.534834620828,55.890000000004974,Timer,timer_menten_prolif,0,0.05
11311.354985080812,55.90000000000497,Timer,timer_menten_prolif,0,0.05
11284.240288833498,55.91000000000497,Timer,timer_menten_prolif,0,0.05
11257.190589668335,55.920000000004976,Timer,timer_menten_prolif,0,0.05
11230.205731746504,55.93000000000498,Timer,timer_menten_prolif,0,0.05
11203.285559599892,55.94000000000498,Timer,timer_menten_prolif,0,0.05
11176.429918130016,55.95000000000498,Timer,timer_menten_prolif,0,0.05
11149.638652607046,55.96000000000498,Timer,timer_menten_prolif,0,0.05
11122.91160866883,55.97000000000499,Timer,timer_menten_prolif,0,0.05
11096.248632319852,55.980000000004985,Timer,timer_menten_prolif,0,0.05
11069.649569930149,55.99000000000498,Timer,timer_menten_prolif,0,0.05
11043.114268234349,56.00000000000499,Timer,timer_menten_prolif,0,0.05
11016.6425743307,56.01000000000499,Timer,timer_menten_prolif,0,0.05
10990.234335679994,56.02000000000499,Timer,timer_menten_prolif,0,0.05
10963.889400837925,56.03000000000499,Timer,timer_menten_prolif,0,0.05
10937.607621981117,56.040000000004994,Timer,timer_menten_prolif,0,0.05
10911.38884381385,56.050000000005,Timer,timer_menten_prolif,0,0.05
10885.232915309234,56.060000000005,Timer,timer_menten_prolif,0,0.05
10859.139685800968,56.070000000004995,Timer,timer_menten_prolif,0,0.05
10833.109004982434,56.080000000005,Timer,timer_menten_prolif,0,0.05
10807.140722905759,56.090000000005006,Timer,timer_menten_prolif,0,0.05
10781.234689980833,56.100000000005004,Timer,timer_menten_prolif,0,0.05
10755.390756974291,56.11000000000501,Timer,timer_menten_prolif,0,0.05
10729.608775008692,56.12000000000501,Timer,timer_menten_prolif,0,0.05
10703.88859556142,56.130000000005005,Timer,timer_menten_prolif,0,0.05
10678.230070463791,56.14000000000501,Timer,timer_menten_prolif,0,0.05
10652.633051900139,56.150000000005015,Timer,timer_menten_prolif,0,0.05
10627.097392406798,56.16000000000501,Timer,timer_menten_prolif,0,0.05
10601.622944871142,56.17000000000501,Timer,timer_menten_prolif,0,0.05
10576.209562530632,56.180000000005016,Timer,timer_menten_prolif,0,0.05
10550.857098971916,56.19000000000502,Timer,timer_menten_prolif,0,0.05
10525.565408129834,56.20000000000502,Timer,timer_menten_prolif,0,0.05
10500.334344286408,56.21000000000502,Timer,timer_menten_prolif,0,0.05
10475.163762069942,56.22000000000502,Timer,timer_menten_prolif,0,0.05
10450.053516454087,56.23000000000503,Timer,timer_menten_prolif,0,0.05
10425.00346275686,56.240000000005026,Timer,timer_menten_prolif,0,0.05
10400.01345663963,56.25000000000502,Timer,timer_menten_prolif,0,0.05
10375.08335410622,56.26000000000503,Timer,timer_menten_prolif,0,0.05
10350.213011501974,56.270000000005034,Timer,timer_menten_prolif,0,0.05
10325.402285512759,56.28000000000503,Timer,timer_menten_prolif,0,0.05
10300.65103729114,56.29000000000503,Timer,timer_menten_prolif,0,0.05
10275.959121638323,56.300000000005035,Timer,timer_menten_prolif,0,0.05
10251.326395572454,56.31000000000504,Timer,timer_menten_prolif,0,0.05
10226.752717201805,56.32000000000504,Timer,timer_menten_prolif,0,0.05
10202.237944973367,56.330000000005036,Timer,timer_menten_prolif,0,0.05
10177.781937671976,56.34000000000504,Timer,timer_menten_prolif,0,0.05
10153.384554419456,56.350000000005046,Timer,timer_menten_prolif,0,0.05
10129.045654673668,56.360000000005044,Timer,timer_menten_prolif,0,0.05
10104.76509822759,56.37000000000504,Timer,timer_menten_prolif,0,0.05
10080.542745208453,56.38000000000505,Timer,timer_menten_prolif,0,0.05
10056.37845607685,56.39000000000505,Timer,timer_menten_prolif,0,0.05
10032.27209162583,56.40000000000505,Timer,timer_menten_prolif,0,0.05
10008.223512979934,56.41000000000505,Timer,timer_menten_prolif,0,0.05
9984.232581594371,56.420000000005054,Timer,timer_menten_prolif,0,0.05
9960.299159254093,56.43000000000506,Timer,timer_menten_prolif,0,0.05
9936.423108072904,56.44000000000506,Timer,timer_menten_prolif,0,0.05
9912.604290492523,56.450000000005055,Timer,timer_menten_prolif,0,0.05
9888.842569281689,56.46000000000506,Timer,timer_menten_prolif,0,0.05
9865.137807535315,56.470000000005065,Timer,timer_menten_prolif,0,0.05
9841.489868673556,56.48000000000506,Timer,timer_menten_prolif,0,0.05
9817.89861644086,56.49000000000506,Timer,timer_menten_prolif,0,0.05
9794.36391490511,56.500000000005066,Timer,timer_menten_prolif,0,0.05
9770.885628456757,56.51000000000507,Timer,timer_menten_prolif,0,0.05
9747.463621807878,56.52000000000507,Timer,timer_menten_prolif,0,0.05
9724.097759991255,56.53000000000507,Timer,timer_menten_prolif,0,0.05
9700.787910736906,56.54000000000507,Timer,timer_menten_prolif,0,0.05
9677.533940083427,56.55000000000508,Timer,timer_menten_prolif,0,0.05
9654.33571208669,56.560000000005076,Timer,timer_menten_prolif,0,0.05
9631.193093118396,56.570000000005074,Timer,timer_menten_prolif,0,0.05
9608.105949869292,56.58000000000508,Timer,timer_menten_prolif,0,0.05
9585.07414934835,56.590000000005084,Timer,timer_menten_prolif,0,0.05
9562.097558881891,56.60000000000508,Timer,timer_menten_prolif,0,0.05
9539.176046112703,56.61000000000508,Timer,timer_menten_prolif,0,0.05
9516.309478999234,56.620000000005085,Timer,timer_menten_prolif,0,0.05
9493.497725814756,56.63000000000509,Timer,timer_menten_prolif,0,0.05
9470.74065514651,56.64000000000509,Timer,timer_menten_prolif,0,0.05
9448.038135894803,56.650000000005086,Timer,timer_menten_prolif,0,0.05
9425.39003727221,56.66000000000509,Timer,timer_menten_prolif,0,0.05
9402.796228802736,56.670000000005096,Timer,timer_menten_prolif,0,0.05
9380.256580320976,56.680000000005094,Timer,timer_menten_prolif,0,0.05
9357.770961971188,56.69000000000509,Timer,timer_menten_prolif,0,0.05
9335.339244206505,56.7000000000051,Timer,timer_menten_prolif,0,0.05
9312.961297788117,56.7100000000051,Timer,timer_menten_prolif,0,0.05
9290.636993784381,56.7200000000051,Timer,timer_menten_prolif,0,0.05
9268.366203569956,56.7300000000051,Timer,timer_menten_prolif,0,0.05
9246.148798824963,56.740000000005104,Timer,timer_menten_prolif,0,0.05
9223.984651534194,56.75000000000511,Timer,timer_menten_prolif,0,0.05
9201.873633986224,56.76000000000511,Timer,timer_menten_prolif,0,0.05
9179.815618772524,56.770000000005105,Timer,timer_menten_prolif,0,0.05
9157.810478786654,56.78000000000511,Timer,timer_menten_prolif,0,0.05
9135.858088105735,56.790000000005115,Timer,timer_menten_prolif,0,0.05
9113.958323066488,56.80000000000511,Timer,timer_menten_prolif,0,0.05
9092.11105448618,56.81000000000511,Timer,timer_menten_prolif,0,0.05
9070.316156518755,56.820000000005116,Timer,timer_menten_prolif,0,0.05
9048.573503618674,56.83000000000512,Timer,timer_menten_prolif,0,0.05
9026.882970540093,56.84000000000512,Timer,timer_menten_prolif,0,0.05
9005.24443233603,56.85000000000512,Timer,timer_menten_prolif,0,0.05
8983.6577643576,56.86000000000512,Timer,timer_menten_prolif,0,0.05
8962.122842253242,56.87000000000513,Timer,timer_menten_prolif,0,0.05
8940.639541967905,56.880000000005126,Timer,timer_menten_prolif,0,0.05
8919.207739742198,56.890000000005124,Timer,timer_menten_prolif,0,0.05
8897.827312111636,56.90000000000513,Timer,timer_menten_prolif,0,0.05
8876.498135905882,56.910000000005134,Timer,timer_menten_prolif,0,0.05
8855.220088247896,56.92000000000513,Timer,timer_menten_prolif,0,0.05
8833.993046553122,56.93000000000513,Timer,timer_menten_prolif,0,0.05
8812.816888528716,56.940000000005135,Timer,timer_menten_prolif,0,0.05
8791.69149217278,56.95000000000514,Timer,timer_menten_prolif,0,0.05
8770.616735773534,56.96000000000514,Timer,timer_menten_prolif,0,0.05
8749.592497908483,56.970000000005136,Timer,timer_menten_prolif,0,0.05
8728.618657443652,56.98000000000514,Timer,timer_menten_prolif,0,0.05
8707.695093532831,56.990000000005146,Timer,timer_menten_prolif,0,0.05
8686.821685616724,57.000000000005144,Timer,timer_menten_prolif,0,0.05
8665.99831342213,57.01000000000514,Timer,timer_menten_prolif,0,0.05
8645.224856961191,57.02000000000515,Timer,timer_menten_prolif,0,0.05
8624.501196530595,57.03000000000515,Timer,timer_menten_prolif,0,0.05
8603.827212710774,57.04000000000515,Timer,timer_menten_prolif,0,0.05
8583.202790104104,57.05000000000515,Timer,timer_menten_prolif,0,0.05
8562.627807189301,57.060000000005154,Timer,timer_menten_prolif,0,0.05
8542.10214506212,57.07000000000516,Timer,timer_menten_prolif,0,0.05
8521.625685488603,57.08000000000516,Timer,timer_menten_prolif,0,0.05
8501.198310517031,57.090000000005155,Timer,timer_menten_prolif,0,0.05
8480.81990247719,57.10000000000516,Timer,timer_menten_prolif,0,0.05
8460.490343979662,57.110000000005165,Timer,timer_menten_prolif,0,0.05
8440.209517915047,57.12000000000516,Timer,timer_menten_prolif,0,0.05
8419.977307453166,57.13000000000516,Timer,timer_menten_prolif,0,0.05
8399.793596042364,57.140000000005166,Timer,timer_menten_prolif,0,0.05
8379.658267408759,57.15000000000517,Timer,timer_menten_prolif,0,0.05
8359.571205555492,57.16000000000517,Timer,timer_menten_prolif,0,0.05
8339.532294761926,57.17000000000517,Timer,timer_menten_prolif,0,0.05
8319.541419582933,57.18000000000517,Timer,timer_menten_prolif,0,0.05
8299.598464848168,57.19000000000518,Timer,timer_menten_prolif,0,0.05
8279.703315661296,57.200000000005176,Timer,timer_menten_prolif,0,0.05
8259.855857399205,57.210000000005174,Timer,timer_menten_prolif,0,0.05
8240.05597571129,57.22000000000518,Timer,timer_menten_prolif,0,0.05
8220.30355651872,57.230000000005184,Timer,timer_menten_prolif,0,0.05
8200.598486013683,57.24000000000518,Timer,timer_menten_prolif,0,0.05
8180.940650658571,57.25000000000518,Timer,timer_menten_prolif,0,0.05
8161.3299371852845,57.260000000005185,Timer,timer_menten_prolif,0,0.05
8141.766232594509,57.27000000000519,Timer,timer_menten_prolif,0,0.05
8122.249424154914,57.28000000000519,Timer,timer_menten_prolif,0,0.05
8102.7793994024105,57.290000000005186,Timer,timer_menten_prolif,0,0.05
8083.356048375988,57.30000000000519,Timer,timer_menten_prolif,0,0.05
8063.979258984958,57.310000000005196,Timer,timer_menten_prolif,0,0.05
8044.648918164457,57.320000000005194,Timer,timer_menten_prolif,0,0.05
8025.364914566262,57.33000000000519,Timer,timer_menten_prolif,0,0.05
8006.127137107989,57.3400000000052,Timer,timer_menten_prolif,0,0.05
7986.935474972425,57.3500000000052,Timer,timer_menten_prolif,0,0.05
7967.789817606796,57.3600000000052,Timer,timer_menten_prolif,0,0.05
7948.690054722023,57.3700000000052,Timer,timer_menten_prolif,0,0.05
7929.636076292058,57.380000000005204,Timer,timer_menten_prolif,0,0.05
7910.627772553188,57.39000000000521,Timer,timer_menten_prolif,0,0.05
7891.665034003314,57.40000000000521,Timer,timer_menten_prolif,0,0.05
7872.747751401213,57.410000000005205,Timer,timer_menten_prolif,0,0.05
7853.875815765854,57.42000000000521,Timer,timer_menten_prolif,0,0.05
7835.049118375728,57.430000000005215,Timer,timer_menten_prolif,0,0.05
7816.267550768103,57.44000000000521,Timer,timer_menten_prolif,0,0.05
7797.531004738304,57.45000000000521,Timer,timer_menten_prolif,0,0.05
7778.839372339019,57.460000000005216,Timer,timer_menten_prolif,0,0.05
7760.192545879631,57.47000000000522,Timer,timer_menten_prolif,0,0.05
7741.590417925476,57.48000000000522,Timer,timer_menten_prolif,0,0.05
7723.032881297115,57.49000000000522,Timer,timer_menten_prolif,0,0.05
7704.5198290696535,57.50000000000522,Timer,timer_menten_prolif,0,0.05
7686.051154572064,57.51000000000523,Timer,timer_menten_prolif,0,0.05
7667.626751386442,57.520000000005226,Timer,timer_menten_prolif,0,0.05
7649.246513347287,57.530000000005224,Timer,timer_menten_prolif,0,0.05
7630.910334540809,57.54000000000523,Timer,timer_menten_prolif,0,0.05
7612.618110264566,57.550000000005234,Timer,timer_menten_prolif,0,0.05
7594.369737053661,57.56000000000523,Timer,timer_menten_prolif,0,0.05
7576.165107461111,57.57000000000523,Timer,timer_menten_prolif,0,0.05
7558.004116623395,57.580000000005235,Timer,timer_menten_prolif,0,0.05
7539.88665992741,57.59000000000524,Timer,timer_menten_prolif,0,0.05
7521.812633009772,57.60000000000524,Timer,timer_menten_prolif,0,0.05
7503.781931756129,57.610000000005236,Timer,timer_menten_prolif,0,0.05
7485.794452300515,57.62000000000524,Timer,timer_menten_prolif,0,0.05
7467.850091024721,57.630000000005246,Timer,timer_menten_prolif,0,0.05
7449.948744557596,57.640000000005244,Timer,timer_menten_prolif,0,0.05
7432.090309774357,57.65000000000524,Timer,timer_menten_prolif,0,0.05
7414.274683795964,57.66000000000525,Timer,timer_menten_prolif,0,0.05
7396.501763988452,57.67000000000525,Timer,timer_menten_prolif,0,0.05
7378.771447962268,57.68000000000525,Timer,timer_menten_prolif,0,0.05
7361.0836335715685,57.69000000000525,Timer,timer_menten_prolif,0,0.05
7343.4382189135795,57.700000000005254,Timer,timer_menten_prolif,0,0.05
7325.835102327959,57.71000000000526,Timer,timer_menten_prolif,0,0.05
7308.274182396106,57.72000000000526,Timer,timer_menten_prolif,0,0.05
7290.755357940472,57.730000000005255,Timer,timer_menten_prolif,0,0.05
7273.2785280239195,57.74000000000526,Timer,timer_menten_prolif,0,0.05
7255.843591949082,57.750000000005265,Timer,timer_menten_prolif,0,0.05
7238.45044925768,57.76000000000526,Timer,timer_menten_prolif,0,0.05
7221.098999729814,57.77000000000526,Timer,timer_menten_prolif,0,0.05
7203.789143383349,57.780000000005266,Timer,timer_menten_prolif,0,0.05
7186.520780473253,57.79000000000527,Timer,timer_menten_prolif,0,0.05
7169.2938114909175,57.80000000000527,Timer,timer_menten_prolif,0,0.05
7152.108140512566,57.81000000000527,Timer,timer_menten_prolif,0,0.05
7134.963665843676,57.82000000000527,Timer,timer_menten_prolif,0,0.05
7117.860288608372,57.83000000000528,Timer,timer_menten_prolif,0,0.05
7100.797910286014,57.840000000005276,Timer,timer_menten_prolif,0,0.05
7083.776432591152,57.850000000005274,Timer,timer_menten_prolif,0,0.05
7066.795757472899,57.86000000000528,Timer,timer_menten_prolif,0,0.05
7049.855787114341,57.870000000005284,Timer,timer_menten_prolif,0,0.05
7032.956423931881,57.88000000000528,Timer,timer_menten_prolif,0,0.05
7016.097570574594,57.89000000000528,Timer,timer_menten_prolif,0,0.05
6999.27912992362,57.900000000005285,Timer,timer_menten_prolif,0,0.05
6982.501005091566,57.91000000000529,Timer,timer_menten_prolif,0,0.05
6965.76309942186,57.92000000000529,Timer,timer_menten_prolif,0,0.05
6949.065316488088,57.930000000005286,Timer,timer_menten_prolif,0,0.05
6932.407560093406,57.94000000000529,Timer,timer_menten_prolif,0,0.05
6915.7897342699325,57.950000000005296,Timer,timer_menten_prolif,0,0.05
6899.211743278098,57.960000000005294,Timer,timer_menten_prolif,0,0.05
6882.673491606001,57.97000000000529,Timer,timer_menten_prolif,0,0.05
6866.174883968797,57.9800000000053,Timer,timer_menten_prolif,0,0.05
6849.715825308102,57.9900000000053,Timer,timer_menten_prolif,0,0.05
6833.296220791343,58.0000000000053,Timer,timer_menten_prolif,0,0.05
6816.915975811111,58.0100000000053,Timer,timer_menten_prolif,0,0.05
6800.574995984546,58.020000000005304,Timer,timer_menten_prolif,0,0.05
6784.273187152756,58.03000000000531,Timer,timer_menten_prolif,0,0.05
6768.010455380147,58.04000000000531,Timer,timer_menten_prolif,0,0.05
6751.7867069537915,58.050000000005305,Timer,timer_menten_prolif,0,0.05
6735.60185046132,58.06000000000531,Timer,timer_menten_prolif,0,0.05
6719.455792108934,58.070000000005315,Timer,timer_menten_prolif,0,0.05
6703.3484378635385,58.08000000000531,Timer,timer_menten_prolif,0,0.05
6687.279694942151,58.09000000000531,Timer,timer_menten_prolif,0,0.05
6671.249470783297,58.100000000005316,Timer,timer_menten_prolif,0,0.05
6655.257673046461,58.11000000000532,Timer,timer_menten_prolif,0,0.05
6639.304209611468,58.12000000000532,Timer,timer_menten_prolif,0,0.05
6623.388988577866,58.13000000000532,Timer,timer_menten_prolif,0,0.05
6607.511918264374,58.14000000000532,Timer,timer_menten_prolif,0,0.05
6591.6729072083,58.15000000000533,Timer,timer_menten_prolif,0,0.05
6575.871864164941,58.160000000005326,Timer,timer_menten_prolif,0,0.05
6560.108698106966,58.170000000005324,Timer,timer_menten_prolif,0,0.05
6544.383318223852,58.18000000000533,Timer,timer_menten_prolif,0,0.05
6528.695633921317,58.190000000005334,Timer,timer_menten_prolif,0,0.05
6513.0455548207065,58.20000000000533,Timer,timer_menten_prolif,0,0.05
6497.432990758387,58.21000000000533,Timer,timer_menten_prolif,0,0.05
6481.8578517851765,58.220000000005335,Timer,timer_menten_prolif,0,0.05
6466.320048165774,58.23000000000534,Timer,timer_menten_prolif,0,0.05
6450.819490378156,58.24000000000534,Timer,timer_menten_prolif,0,0.05
6435.356089112962,58.250000000005336,Timer,timer_menten_prolif,0,0.05
6419.9297552729295,58.26000000000534,Timer,timer_menten_prolif,0,0.05
6404.540399972318,58.270000000005346,Timer,timer_menten_prolif,0,0.05
6389.187934536314,58.280000000005344,Timer,timer_menten_prolif,0,0.05
6373.8722705004075,58.29000000000534,Timer,timer_menten_prolif,0,0.05
6358.5933196098285,58.30000000000535,Timer,timer_menten_prolif,0,0.05
6343.350994811304,58.31000000000535,Timer,timer_menten_prolif,0,0.05
6328.1452095426175,58.32000000000535,Timer,timer_menten_prolif,0,0.05
6312.975874430615,58.33000000000535,Timer,timer_menten_prolif,0,0.05
6297.842902095823,58.340000000005354,Timer,timer_menten_prolif,0,0.05
6282.746205367427,58.35000000000536,Timer,timer_menten_prolif,0,0.05
6267.685697282697,58.36000000000536,Timer,timer_menten_prolif,0,0.05
6252.661291086399,58.370000000005355,Timer,timer_menten_prolif,0,0.05
6237.67290023028,58.38000000000536,Timer,timer_menten_prolif,0,0.05
6222.720438372524,58.390000000005365,Timer,timer_menten_prolif,0,0.05
6207.803819377179,58.40000000000536,Timer,timer_menten_prolif,0,0.05
6192.922957313582,58.41000000000536,Timer,timer_menten_prolif,0,0.05
6178.077766455826,58.420000000005366,Timer,timer_menten_prolif,0,0.05
6163.268161282231,58.43000000000537,Timer,timer_menten_prolif,0,0.05
6148.49405647476,58.44000000000537,Timer,timer_menten_prolif,0,0.05
6133.755366918448,58.45000000000537,Timer,timer_menten_prolif,0,0.05
6119.052007700873,58.46000000000537,Timer,timer_menten_prolif,0,0.05
6104.383894111621,58.47000000000538,Timer,timer_menten_prolif,0,0.05
6089.7509416417,58.480000000005376,Timer,timer_menten_prolif,0,0.05
6075.153065982986,58.490000000005374,Timer,timer_menten_prolif,0,0.05
6060.59018302767,58.50000000000538,Timer,timer_menten_prolif,0,0.05
6046.062208867734,58.510000000005384,Timer,timer_menten_prolif,0,0.05
6031.569059794377,58.52000000000538,Timer,timer_menten_prolif,0,0.05
6017.110652297433,58.53000000000538,Timer,timer_menten_prolif,0,0.05
6002.686903064849,58.540000000005385,Timer,timer_menten_prolif,0,0.05
5988.297728982137,58.55000000000539,Timer,timer_menten_prolif,0,0.05
5973.943047203106,58.56000000000539,Timer,timer_menten_prolif,0,0.05
5959.62277778454,58.570000000005386,Timer,timer_menten_prolif,0,0.05
5945.336835832114,58.58000000000539,Timer,timer_menten_prolif,0,0.05
5931.085139055202,58.590000000005396,Timer,timer_menten_prolif,0,0.05
5916.867605359667,58.600000000005394,Timer,timer_menten_prolif,0,0.05
5902.684152847339,58.61000000000539,Timer,timer_menten_prolif,0,0.05
5888.534699815505,58.6200000000054,Timer,timer_menten_prolif,0,0.05
5874.419164756404,58.6300000000054,Timer,timer_menten_prolif,0,0.05
5860.337466356698,58.6400000000054,Timer,timer_menten_prolif,0,0.05
5846.289523496916,58.6500000000054,Timer,timer_menten_prolif,0,0.05
5832.275255250961,58.660000000005404,Timer,timer_menten_prolif,0,0.05
5818.294580885604,58.67000000000541,Timer,timer_menten_prolif,0,0.05
5804.347419859949,58.68000000000541,Timer,timer_menten_prolif,0,0.05
5790.433691824886,58.690000000005405,Timer,timer_menten_prolif,0,0.05
5776.5533166225905,58.70000000000541,Timer,timer_menten_prolif,0,0.05
5762.706214286023,58.710000000005415,Timer,timer_menten_prolif,0,0.05
5748.892305038384,58.72000000000541,Timer,timer_menten_prolif,0,0.05
5735.111509292579,58.73000000000541,Timer,timer_menten_prolif,0,0.05
5721.363747650716,58.740000000005416,Timer,timer_menten_prolif,0,0.05
5707.648940903593,58.75000000000542,Timer,timer_menten_prolif,0,0.05
5693.967010030174,58.76000000000542,Timer,timer_menten_prolif,0,0.05
5680.317876197034,58.77000000000542,Timer,timer_menten_prolif,0,0.05
5666.70146075786,58.78000000000542,Timer,timer_menten_prolif,0,0.05
5653.117685252957,58.79000000000543,Timer,timer_menten_prolif,0,0.05
5639.566471408698,58.800000000005426,Timer,timer_menten_prolif,0,0.05
5626.047741136983,58.810000000005424,Timer,timer_menten_prolif,0,0.05
5612.561418445404,58.82000000000543,Timer,timer_menten_prolif,0,0.05
5599.107424848846,58.830000000005434,Timer,timer_menten_prolif,0,0.05
5585.685682145498,58.84000000000543,Timer,timer_menten_prolif,0,0.05
5572.29611302222,58.85000000000543,Timer,timer_menten_prolif,0,0.05
5558.938640350469,58.860000000005435,Timer,timer_menten_prolif,0,0.05
5545.613187185796,58.87000000000544,Timer,timer_menten_prolif,0,0.05
5532.319676767361,58.88000000000544,Timer,timer_menten_prolif,0,0.05
5519.058032517408,58.890000000005436,Timer,timer_menten_prolif,0,0.05
5505.828178040805,58.90000000000544,Timer,timer_menten_prolif,0,0.05
5492.630037124565,58.91000000000545,Timer,timer_menten_prolif,0,0.05
5479.463533737333,58.920000000005444,Timer,timer_menten_prolif,0,0.05
5466.328592028888,58.93000000000544,Timer,timer_menten_prolif,0,0.05
5453.225136329655,58.94000000000545,Timer,timer_menten_prolif,0,0.05
5440.153091150254,58.95000000000545,Timer,timer_menten_prolif,0,0.05
5427.112381180967,58.96000000000545,Timer,timer_menten_prolif,0,0.05
5414.102931291247,58.97000000000545,Timer,timer_menten_prolif,0,0.05
5401.124666529238,58.980000000005454,Timer,timer_menten_prolif,0,0.05
5388.177512121301,58.99000000000546,Timer,timer_menten_prolif,0,0.05
5375.261393471515,59.00000000000546,Timer,timer_menten_prolif,0,0.05
5362.376236161146,59.010000000005455,Timer,timer_menten_prolif,0,0.05
5349.521965948206,59.02000000000546,Timer,timer_menten_prolif,0,0.05
5336.698508766954,59.030000000005465,Timer,timer_menten_prolif,0,0.05
5323.905790727395,59.04000000000546,Timer,timer_menten_prolif,0,0.05
5311.143738114777,59.05000000000546,Timer,timer_menten_prolif,0,0.05
5298.412277389116,59.060000000005466,Timer,timer_menten_prolif,0,0.05
5285.711336172228,59.07000000000547,Timer,timer_menten_prolif,0,0.05
5273.040842039383,59.08000000000547,Timer,timer_menten_prolif,0,0.05
5260.400720655216,59.09000000000547,Timer,timer_menten_prolif,0,0.05
5247.790899209162,59.10000000000547,Timer,timer_menten_prolif,0,0.05
5235.211305064531,59.11000000000548,Timer,timer_menten_prolif,0,0.05
5222.66186575801,59.120000000005476,Timer,timer_menten_prolif,0,0.05
5210.142508999193,59.130000000005474,Timer,timer_menten_prolif,0,0.05
5197.653162670133,59.14000000000548,Timer,timer_menten_prolif,0,0.05
5185.193754824902,59.150000000005484,Timer,timer_menten_prolif,0,0.05
5172.7642136891045,59.16000000000548,Timer,timer_menten_prolif,0,0.05
5160.364467659403,59.17000000000548,Timer,timer_menten_prolif,0,0.05
5147.994445303081,59.180000000005485,Timer,timer_menten_prolif,0,0.05
5135.654075357579,59.19000000000549,Timer,timer_menten_prolif,0,0.05
5123.343286730034,59.20000000000549,Timer,timer_menten_prolif,0,0.05
5111.06200849679,59.210000000005486,Timer,timer_menten_prolif,0,0.05
5098.810169902961,59.22000000000549,Timer,timer_menten_prolif,0,0.05
5086.587700361974,59.2300000000055,Timer,timer_menten_prolif,0,0.05
5074.3945294551095,59.240000000005494,Timer,timer_menten_prolif,0,0.05
5062.2305869309985,59.25000000000549,Timer,timer_menten_prolif,0,0.05
5050.0958027052,59.2600000000055,Timer,timer_menten_prolif,0,0.05
5037.990106859739,59.2700000000055,Timer,timer_menten_prolif,0,0.05
5025.913429642646,59.2800000000055,Timer,timer_menten_prolif,0,0.05
5013.865701467455,59.2900000000055,Timer,timer_menten_prolif,0,0.05
5001.846852912777,59.300000000005504,Timer,timer_menten_prolif,0,0.05
4989.85681472185,59.31000000000551,Timer,timer_menten_prolif,0,0.05
4977.89551800539,59.32000000000551,Timer,timer_menten_prolif,0,0.05
4965.96289588669,59.330000000005505,Timer,timer_menten_prolif,0,0.05
4954.058877746591,59.34000000000551,Timer,timer_menten_prolif,0,0.05
4942.183395014903,59.350000000005515,Timer,timer_menten_prolif,0,0.05
4930.336379285166,59.36000000000551,Timer,timer_menten_prolif,0,0.05
4918.51776231421,59.37000000000551,Timer,timer_menten_prolif,0,0.05
4906.727476021722,59.380000000005516,Timer,timer_menten_prolif,0,0.05
4894.965452489849,59.39000000000552,Timer,timer_menten_prolif,0,0.05
4883.2316239627235,59.40000000000552,Timer,timer_menten_prolif,0,0.05
4871.525922846031,59.41000000000552,Timer,timer_menten_prolif,0,0.05
4859.848281706577,59.42000000000552,Timer,timer_menten_prolif,0,0.05
4848.1986332718825,59.43000000000553,Timer,timer_menten_prolif,0,0.05
4836.576910429725,59.440000000005526,Timer,timer_menten_prolif,0,0.05
4824.983046227689,59.450000000005524,Timer,timer_menten_prolif,0,0.05
4813.416973872746,59.46000000000553,Timer,timer_menten_prolif,0,0.05
4801.878626730839,59.470000000005534,Timer,timer_menten_prolif,0,0.05
4790.367938326432,59.48000000000553,Timer,timer_menten_prolif,0,0.05
4778.884842342057,59.49000000000553,Timer,timer_menten_prolif,0,0.05
4767.4292726178965,59.500000000005535,Timer,timer_menten_prolif,0,0.05
4756.001163151364,59.51000000000554,Timer,timer_menten_prolif,0,0.05
4744.600448096655,59.52000000000554,Timer,timer_menten_prolif,0,0.05
4733.227061764297,59.530000000005536,Timer,timer_menten_prolif,0,0.05
4721.880938620725,59.54000000000554,Timer,timer_menten_prolif,0,0.05
4710.562013287873,59.55000000000555,Timer,timer_menten_prolif,0,0.05
4699.270220542715,59.560000000005545,Timer,timer_menten_prolif,0,0.05
4688.005495316815,59.57000000000554,Timer,timer_menten_prolif,0,0.05
4676.767774439835,59.58000000000555,Timer,timer_menten_prolif,0,0.05
4665.556992234412,59.59000000000555,Timer,timer_menten_prolif,0,0.05
4654.373083665765,59.60000000000555,Timer,timer_menten_prolif,0,0.05
4643.215984311297,59.61000000000555,Timer,timer_menten_prolif,0,0.05
4632.085629902207,59.620000000005554,Timer,timer_menten_prolif,0,0.05
4620.981956323112,59.63000000000556,Timer,timer_menten_prolif,0,0.05
4609.90489961161,59.64000000000556,Timer,timer_menten_prolif,0,0.05
4598.854395957862,59.650000000005555,Timer,timer_menten_prolif,0,0.05
4587.830381704192,59.66000000000556,Timer,timer_menten_prolif,0,0.05
4576.832793344702,59.670000000005565,Timer,timer_menten_prolif,0,0.05
4565.86156752484,59.68000000000556,Timer,timer_menten_prolif,0,0.05
4554.91664104098,59.69000000000556,Timer,timer_menten_prolif,0,0.05
4543.99795084003,59.700000000005566,Timer,timer_menten_prolif,0,0.05
4533.105434019029,59.71000000000557,Timer,timer_menten_prolif,0,0.05
4522.239027824734,59.72000000000557,Timer,timer_menten_prolif,0,0.05
4511.39866965319,59.73000000000557,Timer,timer_menten_prolif,0,0.05
4500.584297049338,59.74000000000557,Timer,timer_menten_prolif,0,0.05
4489.795847706617,59.75000000000558,Timer,timer_menten_prolif,0,0.05
4479.033259466547,59.760000000005576,Timer,timer_menten_prolif,0,0.05
4468.296470318297,59.770000000005574,Timer,timer_menten_prolif,0,0.05
4457.585418398302,59.78000000000558,Timer,timer_menten_prolif,0,0.05
4446.900041989853,59.790000000005584,Timer,timer_menten_prolif,0,0.05
4436.24027952269,59.80000000000558,Timer,timer_menten_prolif,0,0.05
4425.606069572567,59.81000000000558,Timer,timer_menten_prolif,0,0.05
4414.997350860861,59.820000000005585,Timer,timer_menten_prolif,0,0.05
4404.414063212578,59.83000000000559,Timer,timer_menten_prolif,0,0.05
4393.856146030141,59.84000000000559,Timer,timer_menten_prolif,0,0.05
4383.323537486767,59.850000000005586,Timer,timer_menten_prolif,0,0.05
4372.816176911717,59.86000000000559,Timer,timer_menten_prolif,0,0.05
4362.334003779119,59.8700000000056,Timer,timer_menten_prolif,0,0.05
4351.876957707575,59.880000000005595,Timer,timer_menten_prolif,0,0.05
4341.444978459764,59.89000000000559,Timer,timer_menten_prolif,0,0.05
4331.038005942066,59.9000000000056,Timer,timer_menten_prolif,0,0.05
4320.655980204195,59.9100000000056,Timer,timer_menten_prolif,0,0.05
4310.298841438795,59.9200000000056,Timer,timer_menten_prolif,0,0.05
4299.966529981048,59.9300000000056,Timer,timer_menten_prolif,0,0.05
4289.6589863083,59.940000000005604,Timer,timer_menten_prolif,0,0.05
4279.376151039686,59.95000000000561,Timer,timer_menten_prolif,0,0.05
4269.117964935741,59.96000000000561,Timer,timer_menten_prolif,0,0.05
4258.8843688979905,59.970000000005605,Timer,timer_menten_prolif,0,0.05
4248.675303968584,59.98000000000561,Timer,timer_menten_prolif,0,0.05
4238.490711329927,59.990000000005615,Timer,timer_menten_prolif,0,0.05
4228.33053230428,60.00000000000561,Timer,timer_menten_prolif,0,0.05
4218.194708353353,60.01000000000561,Timer,timer_menten_prolif,0,0.05
4208.083181077948,60.020000000005616,Timer,timer_menten_prolif,0,0.05
4197.995892217577,60.03000000000562,Timer,timer_menten_prolif,0,0.05
4187.932783650067,60.04000000000562,Timer,timer_menten_prolif,0,0.05
4177.8937973911625,60.05000000000562,Timer,timer_menten_prolif,0,0.05
4167.878875594149,60.06000000000562,Timer,timer_menten_prolif,0,0.05
4157.887960549492,60.07000000000563,Timer,timer_menten_prolif,0,0.05
4147.920994975027,60.080000000005626,Timer,timer_menten_prolif,0,0.05
4137.977922922662,60.090000000005624,Timer,timer_menten_prolif,0,0.05
4128.0586856499185,60.10000000000563,Timer,timer_menten_prolif,0,0.05
4118.1632260194165,60.110000000005634,Timer,timer_menten_prolif,0,0.05
4108.291487030212,60.12000000000563,Timer,timer_menten_prolif,0,0.05
4098.443411817419,60.13000000000563,Timer,timer_menten_prolif,0,0.05
4088.6189436518544,60.140000000005635,Timer,timer_menten_prolif,0,0.05
4078.8180259397022,60.15000000000564,Timer,timer_menten_prolif,0,0.05
4069.040602222127,60.16000000000564,Timer,timer_menten_prolif,0,0.05
4059.2866161749016,60.170000000005636,Timer,timer_menten_prolif,0,0.05
4049.556011608058,60.18000000000564,Timer,timer_menten_prolif,0,0.05
4039.848732465542,60.19000000000565,Timer,timer_menten_prolif,0,0.05
4030.1647228248326,60.200000000005645,Timer,timer_menten_prolif,0,0.05
4020.503926896567,60.21000000000564,Timer,timer_menten_prolif,0,0.05
4010.866289024197,60.22000000000565,Timer,timer_menten_prolif,0,0.05
4001.251753683636,60.23000000000565,Timer,timer_menten_prolif,0,0.05
3991.6602654828803,60.24000000000565,Timer,timer_menten_prolif,0,0.05
3982.0917691616396,60.25000000000565,Timer,timer_menten_prolif,0,0.05
3972.546209590986,60.260000000005654,Timer,timer_menten_prolif,0,0.05
3963.023531773005,60.27000000000566,Timer,timer_menten_prolif,0,0.05
3953.5236808404193,60.28000000000566,Timer,timer_menten_prolif,0,0.05
3944.0466020562117,60.290000000005655,Timer,timer_menten_prolif,0,0.05
3934.5922408132824,60.30000000000566,Timer,timer_menten_prolif,0,0.05
3925.160542634092,60.310000000005665,Timer,timer_menten_prolif,0,0.05
3915.751453170292,60.32000000000566,Timer,timer_menten_prolif,0,0.05
3906.364918202348,60.33000000000566,Timer,timer_menten_prolif,0,0.05
3897.000885219629,60.340000000005666,Timer,timer_menten_prolif,0,0.05
3887.6592992612323,60.35000000000567,Timer,timer_menten_prolif,0,0.05
3878.340106244003,60.36000000000567,Timer,timer_menten_prolif,0,0.05
3869.043252486621,60.37000000000567,Timer,timer_menten_prolif,0,0.05
3859.7686844359177,60.38000000000567,Timer,timer_menten_prolif,0,0.05
3850.5163486665615,60.39000000000568,Timer,timer_menten_prolif,0,0.05
3841.2861918806866,60.400000000005676,Timer,timer_menten_prolif,0,0.05
3832.0781609075593,60.410000000005674,Timer,timer_menten_prolif,0,0.05
3822.892202703232,60.42000000000568,Timer,timer_menten_prolif,0,0.05
3813.728264350225,60.430000000005684,Timer,timer_menten_prolif,0,0.05
3804.5862930571693,60.44000000000568,Timer,timer_menten_prolif,0,0.05
3795.466236158458,60.45000000000568,Timer,timer_menten_prolif,0,0.05
3786.3680411139085,60.460000000005685,Timer,timer_menten_prolif,0,0.05
3777.2916555084457,60.47000000000569,Timer,timer_menten_prolif,0,0.05
3768.2370270517404,60.48000000000569,Timer,timer_menten_prolif,0,0.05
3759.204103577856,60.490000000005686,Timer,timer_menten_prolif,0,0.05
3750.192833044929,60.50000000000569,Timer,timer_menten_prolif,0,0.05
3741.2031635348276,60.5100000000057,Timer,timer_menten_prolif,0,0.05
3732.235043252811,60.520000000005695,Timer,timer_menten_prolif,0,0.05
3723.288420527164,60.53000000000569,Timer,timer_menten_prolif,0,0.05
3714.3632438088807,60.5400000000057,Timer,timer_menten_prolif,0,0.05
3705.459461671323,60.5500000000057,Timer,timer_menten_prolif,0,0.05
3696.5770228098836,60.5600000000057,Timer,timer_menten_prolif,0,0.05
3687.7158760416164,60.5700000000057,Timer,timer_menten_prolif,0,0.05
3678.8759703049163,60.580000000005704,Timer,timer_menten_prolif,0,0.05
3670.057255571955,60.59000000000571,Timer,timer_menten_prolif,0,0.05
3661.259681139483,60.60000000000571,Timer,timer_menten_prolif,0,0.05
3652.4831955856944,60.610000000005705,Timer,timer_menten_prolif,0,0.05
3643.7277483555717,60.62000000000571,Timer,timer_menten_prolif,0,0.05
3634.9932890148134,60.630000000005715,Timer,timer_menten_prolif,0,0.05
3626.279767249496,60.64000000000571,Timer,timer_menten_prolif,0,0.05
3617.587132865755,60.65000000000571,Timer,timer_menten_prolif,0,0.05
3608.91533578946,60.66000000000572,Timer,timer_menten_prolif,0,0.05
3600.264326065912,60.67000000000572,Timer,timer_menten_prolif,0,0.05
3591.634053859519,60.68000000000572,Timer,timer_menten_prolif,0,0.05
3583.0244694534467,60.69000000000572,Timer,timer_menten_prolif,0,0.05
3574.435523249328,60.70000000000572,Timer,timer_menten_prolif,0,0.05
3565.8671657669383,60.71000000000573,Timer,timer_menten_prolif,0,0.05
3557.3193476438737,60.720000000005726,Timer,timer_menten_prolif,0,0.05
3548.792019635211,60.730000000005724,Timer,timer_menten_prolif,0,0.05
3540.285132613205,60.74000000000573,Timer,timer_menten_prolif,0,0.05
3531.7986375669734,60.750000000005734,Timer,timer_menten_prolif,0,0.05
3523.3324856021727,60.76000000000573,Timer,timer_menten_prolif,0,0.05
3514.8866279406557,60.77000000000573,Timer,timer_menten_prolif,0,0.05
3506.4610159201675,60.780000000005735,Timer,timer_menten_prolif,0,0.05
3498.055600994039,60.79000000000574,Timer,timer_menten_prolif,0,0.05
3489.6703347308476,60.80000000000574,Timer,timer_menten_prolif,0,0.05
3481.305168814092,60.810000000005736,Timer,timer_menten_prolif,0,0.05
3472.960055041882,60.82000000000574,Timer,timer_menten_prolif,0,0.05
3464.6349453266193,60.83000000000575,Timer,timer_menten_prolif,0,0.05
3456.3297920389195,60.840000000005745,Timer,timer_menten_prolif,0,0.05
3448.044548372379,60.85000000000574,Timer,timer_menten_prolif,0,0.05
3439.779165464631,60.86000000000575,Timer,timer_menten_prolif,0,0.05
3431.533595704902,60.87000000000575,Timer,timer_menten_prolif,0,0.05
3423.307791596097,60.88000000000575,Timer,timer_menten_prolif,0,0.05
3415.1017057544955,60.89000000000575,Timer,timer_menten_prolif,0,0.05
3406.9152909094537,60.900000000005754,Timer,timer_menten_prolif,0,0.05
3398.7484999031194,60.91000000000576,Timer,timer_menten_prolif,0,0.05
3390.601285690115,60.92000000000576,Timer,timer_menten_prolif,0,0.05
3382.473601337226,60.930000000005755,Timer,timer_menten_prolif,0,0.05
3374.36540002311,60.94000000000576,Timer,timer_menten_prolif,0,0.05
3366.276635038005,60.950000000005765,Timer,timer_menten_prolif,0,0.05
3358.207259783421,60.96000000000576,Timer,timer_menten_prolif,0,0.05
3350.1572277718187,60.97000000000576,Timer,timer_menten_prolif,0,0.05
3342.1264926263275,60.98000000000577,Timer,timer_menten_prolif,0,0.05
3334.1150080804496,60.99000000000577,Timer,timer_menten_prolif,0,0.05
3326.1227279777477,61.00000000000577,Timer,timer_menten_prolif,0,0.05
3318.1496062715323,61.01000000000577,Timer,timer_menten_prolif,0,0.05
3310.195597024573,61.02000000000577,Timer,timer_menten_prolif,0,0.05
3302.2606544088053,61.03000000000578,Timer,timer_menten_prolif,0,0.05
3294.344732705017,61.040000000005776,Timer,timer_menten_prolif,0,0.05
3286.4477863025386,61.050000000005774,Timer,timer_menten_prolif,0,0.05
3278.569769698948,61.06000000000578,Timer,timer_menten_prolif,0,0.05
3270.7106374997848,61.070000000005784,Timer,timer_menten_prolif,0,0.05
3262.870344418234,61.08000000000578,Timer,timer_menten_prolif,0,0.05
3255.0488452748136,61.09000000000578,Timer,timer_menten_prolif,0,0.05
3247.246096421256,61.100000000005785,Timer,timer_menten_prolif,0,0.05
3239.462051863245,61.11000000000579,Timer,timer_menten_prolif,0,0.05
3231.696666626184,61.12000000000579,Timer,timer_menten_prolif,0,0.05
3223.949895979121,61.130000000005786,Timer,timer_menten_prolif,0,0.05
3216.221695297887,61.14000000000579,Timer,timer_menten_prolif,0,0.05
3208.512020064832,61.1500000000058,Timer,timer_menten_prolif,0,0.05
3200.820825868521,61.160000000005795,Timer,timer_menten_prolif,0,0.05
3193.148068403445,61.17000000000579,Timer,timer_menten_prolif,0,0.05
3185.4937034697464,61.1800000000058,Timer,timer_menten_prolif,0,0.05
3177.8576869729463,61.1900000000058,Timer,timer_menten_prolif,0,0.05
3170.239974923647,61.2000000000058,Timer,timer_menten_prolif,0,0.05
3162.6405234372405,61.2100000000058,Timer,timer_menten_prolif,0,0.05
3155.0592887336306,61.220000000005804,Timer,timer_menten_prolif,0,0.05
3147.496227136968,61.23000000000581,Timer,timer_menten_prolif,0,0.05
3139.951295075345,61.24000000000581,Timer,timer_menten_prolif,0,0.05
3132.4244490805095,61.250000000005805,Timer,timer_menten_prolif,0,0.05
3124.915645787585,61.26000000000581,Timer,timer_menten_prolif,0,0.05
3117.424841934803,61.270000000005815,Timer,timer_menten_prolif,0,0.05
3109.9519943632026,61.28000000000581,Timer,timer_menten_prolif,0,0.05
3102.4970600163415,61.29000000000581,Timer,timer_menten_prolif,0,0.05
3095.059995940017,61.30000000000582,Timer,timer_menten_prolif,0,0.05
3087.640759281998,61.31000000000582,Timer,timer_menten_prolif,0,0.05
3080.239307291725,61.32000000000582,Timer,timer_menten_prolif,0,0.05
3072.85559732002,61.33000000000582,Timer,timer_menten_prolif,0,0.05
3065.4895868188096,61.34000000000582,Timer,timer_menten_prolif,0,0.05
3058.141234197472,61.35000000000583,Timer,timer_menten_prolif,0,0.05
3050.8104970303657,61.360000000005826,Timer,timer_menten_prolif,0,0.05
3043.4973325507044,61.370000000005824,Timer,timer_menten_prolif,0,0.05
3036.201698632585,61.38000000000583,Timer,timer_menten_prolif,0,0.05
3028.923553250692,61.390000000005834,Timer,timer_menten_prolif,0,0.05
3021.6628544800174,61.40000000000583,Timer,timer_menten_prolif,0,0.05
3014.4195604955876,61.41000000000583,Timer,timer_menten_prolif,0,0.05
3007.193629572202,61.420000000005835,Timer,timer_menten_prolif,0,0.05
2999.9850200841793,61.43000000000584,Timer,timer_menten_prolif,0,0.05
2992.7936905050756,61.44000000000584,Timer,timer_menten_prolif,0,0.05
2985.6195994074105,61.450000000005836,Timer,timer_menten_prolif,0,0.05
2978.4627054624107,61.46000000000584,Timer,timer_menten_prolif,0,0.05
2971.32296743975,61.47000000000585,Timer,timer_menten_prolif,0,0.05
2964.200344207273,61.480000000005845,Timer,timer_menten_prolif,0,0.05
2957.0947947307172,61.49000000000584,Timer,timer_menten_prolif,0,0.05
2950.006278073458,61.50000000000585,Timer,timer_menten_prolif,0,0.05
2942.9347533962473,61.51000000000585,Timer,timer_menten_prolif,0,0.05
2935.88017995694,61.52000000000585,Timer,timer_menten_prolif,0,0.05
2928.8425171102135,61.53000000000585,Timer,timer_menten_prolif,0,0.05
2921.821724307316,61.540000000005854,Timer,timer_menten_prolif,0,0.05
2914.817761095801,61.55000000000586,Timer,timer_menten_prolif,0,0.05
2907.8305871192542,61.56000000000586,Timer,timer_menten_prolif,0,0.05
2900.8601621170196,61.570000000005855,Timer,timer_menten_prolif,0,0.05
2893.906445923937,61.58000000000586,Timer,timer_menten_prolif,0,0.05
2886.9693984700843,61.590000000005865,Timer,timer_menten_prolif,0,0.05
2880.0489801533104,61.60000000000586,Timer,timer_menten_prolif,0,0.05
2873.145151813979,61.61000000000586,Timer,timer_menten_prolif,0,0.05
2866.2578728091157,61.62000000000587,Timer,timer_menten_prolif,0,0.05
2859.3871034661624,61.63000000000587,Timer,timer_menten_prolif,0,0.05
2852.532804207289,61.64000000000587,Timer,timer_menten_prolif,0,0.05
2845.694935549129,61.65000000000587,Timer,timer_menten_prolif,0,0.05
2838.873458102541,61.66000000000587,Timer,timer_menten_prolif,0,0.05
2832.0683325723667,61.67000000000588,Timer,timer_menten_prolif,0,0.05
2825.2795197571686,61.680000000005876,Timer,timer_menten_prolif,0,0.05
2818.5069805489657,61.690000000005874,Timer,timer_menten_prolif,0,0.05
2811.7506759329995,61.70000000000588,Timer,timer_menten_prolif,0,0.05
2805.0105669874856,61.710000000005884,Timer,timer_menten_prolif,0,0.05
2798.286614883352,61.72000000000588,Timer,timer_menten_prolif,0,0.05
2791.5787808839823,61.73000000000588,Timer,timer_menten_prolif,0,0.05
2784.8870263449708,61.740000000005885,Timer,timer_menten_prolif,0,0.05
2778.211312713884,61.75000000000589,Timer,timer_menten_prolif,0,0.05
2771.5516015299927,61.76000000000589,Timer,timer_menten_prolif,0,0.05
2764.907854424016,61.770000000005886,Timer,timer_menten_prolif,0,0.05
2758.2800331178796,61.78000000000589,Timer,timer_menten_prolif,0,0.05
2751.668099424472,61.7900000000059,Timer,timer_menten_prolif,0,0.05
2745.0720152473823,61.800000000005895,Timer,timer_menten_prolif,0,0.05
2738.4917425806425,61.81000000000589,Timer,timer_menten_prolif,0,0.05
2731.9272435084836,61.8200000000059,Timer,timer_menten_prolif,0,0.05
2725.3784802050914,61.8300000000059,Timer,timer_menten_prolif,0,0.05
2718.8454149343465,61.8400000000059,Timer,timer_menten_prolif,0,0.05
2712.328010049572,61.8500000000059,Timer,timer_menten_prolif,0,0.05
2705.8262292702793,61.860000000005904,Timer,timer_menten_prolif,0,0.05
2699.3400341048427,61.87000000000591,Timer,timer_menten_prolif,0,0.05
2692.869387154168,61.88000000000591,Timer,timer_menten_prolif,0,0.05
2686.4142511453606,61.890000000005905,Timer,timer_menten_prolif,0,0.05
2679.9745888945063,61.90000000000591,Timer,timer_menten_prolif,0,0.05
2673.5503633064445,61.910000000005915,Timer,timer_menten_prolif,0,0.05
2667.141537374523,61.92000000000591,Timer,timer_menten_prolif,0,0.05
2660.748074180349,61.93000000000591,Timer,timer_menten_prolif,0,0.05
2654.369936893566,61.94000000000592,Timer,timer_menten_prolif,0,0.05
2648.007088771623,61.95000000000592,Timer,timer_menten_prolif,0,0.05
2641.659493159531,61.96000000000592,Timer,timer_menten_prolif,0,0.05
2635.327113489613,61.97000000000592,Timer,timer_menten_prolif,0,0.05
2629.009913281282,61.98000000000592,Timer,timer_menten_prolif,0,0.05
2622.7078561408075,61.99000000000593,Timer,timer_menten_prolif,0,0.05
2616.420905761075,62.000000000005926,Timer,timer_menten_prolif,0,0.05
2610.1490259213388,62.010000000005924,Timer,timer_menten_prolif,0,0.05
2603.8921804869888,62.02000000000593,Timer,timer_menten_prolif,0,0.05
2597.6503334093313,62.030000000005934,Timer,timer_menten_prolif,0,0.05
2591.423448725339,62.04000000000593,Timer,timer_menten_prolif,0,0.05
2585.2114905574035,62.05000000000593,Timer,timer_menten_prolif,0,0.05
2579.0144231131126,62.060000000005935,Timer,timer_menten_prolif,0,0.05
2572.8322106850155,62.07000000000594,Timer,timer_menten_prolif,0,0.05
2566.664817650384,62.08000000000594,Timer,timer_menten_prolif,0,0.05
2560.5122084709647,62.090000000005936,Timer,timer_menten_prolif,0,0.05
2554.3743476927457,62.10000000000594,Timer,timer_menten_prolif,0,0.05
2548.2512007404293,62.11000000000595,Timer,timer_menten_prolif,0,0.05
2542.142732113636,62.120000000005945,Timer,timer_menten_prolif,0,0.05
2536.0489062446977,62.13000000000594,Timer,timer_menten_prolif,0,0.05
2529.9696880314286,62.14000000000595,Timer,timer_menten_prolif,0,0.05
2523.905042455454,62.15000000000595,Timer,timer_menten_prolif,0,0.05
2517.8549345819847,62.16000000000595,Timer,timer_menten_prolif,0,0.05
2511.819329559583,62.17000000000595,Timer,timer_menten_prolif,0,0.05
2505.798192619948,62.180000000005954,Timer,timer_menten_prolif,0,0.05
2499.791489077704,62.19000000000596,Timer,timer_menten_prolif,0,0.05
2493.7991843301634,62.20000000000596,Timer,timer_menten_prolif,0,0.05
2487.821243857105,62.210000000005955,Timer,timer_menten_prolif,0,0.05
2481.857633220551,62.22000000000596,Timer,timer_menten_prolif,0,0.05
2475.908318064553,62.230000000005965,Timer,timer_menten_prolif,0,0.05
2469.9732641149703,62.24000000000596,Timer,timer_menten_prolif,0,0.05
2464.0524371792253,62.25000000000596,Timer,timer_menten_prolif,0,0.05
2458.145803146099,62.26000000000597,Timer,timer_menten_prolif,0,0.05
2452.2533279855124,62.27000000000597,Timer,timer_menten_prolif,0,0.05
2446.3749777482963,62.28000000000597,Timer,timer_menten_prolif,0,0.05
2440.5107185659626,62.29000000000597,Timer,timer_menten_prolif,0,0.05
2434.6605166504824,62.30000000000597,Timer,timer_menten_prolif,0,0.05
2428.82433829408,62.31000000000598,Timer,timer_menten_prolif,0,0.05
2423.0021498689985,62.320000000005976,Timer,timer_menten_prolif,0,0.05
2417.193917827266,62.330000000005974,Timer,timer_menten_prolif,0,0.05
2411.3996087004866,62.34000000000598,Timer,timer_menten_prolif,0,0.05
2405.61918909962,62.350000000005984,Timer,timer_menten_prolif,0,0.05
2399.8526260977915,62.36000000000598,Timer,timer_menten_prolif,0,0.05
2394.099886931971,62.37000000000598,Timer,timer_menten_prolif,0,0.05
2388.360937796739,62.380000000005985,Timer,timer_menten_prolif,0,0.05
2382.635745634203,62.39000000000599,Timer,timer_menten_prolif,0,0.05
2376.9242774654035,62.40000000000599,Timer,timer_menten_prolif,0,0.05
2371.2265003900934,62.41000000000599,Timer,timer_menten_prolif,0,0.05
2365.5423815865406,62.42000000000599,Timer,timer_menten_prolif,0,0.05
2359.87188831132,62.430000000006,Timer,timer_menten_prolif,0,0.05
2354.214987899104,62.440000000005995,Timer,timer_menten_prolif,0,0.05
2348.5716477624374,62.45000000000599,Timer,timer_menten_prolif,0,0.05
2342.9418353915416,62.460000000006,Timer,timer_menten_prolif,0,0.05
2337.3255183541078,62.470000000006,Timer,timer_menten_prolif,0,0.05
2331.7226642950823,62.480000000006,Timer,timer_menten_prolif,0,0.05
2326.133240936449,62.490000000006,Timer,timer_menten_prolif,0,0.05
2320.557216077027,62.500000000006004,Timer,timer_menten_prolif,0,0.05
2314.9945575922698,62.51000000000601,Timer,timer_menten_prolif,0,0.05
2309.445233434046,62.52000000000601,Timer,timer_menten_prolif,0,0.05
2303.90921163042,62.530000000006005,Timer,timer_menten_prolif,0,0.05
2298.386460285458,62.54000000000601,Timer,timer_menten_prolif,0,0.05
2292.876947579017,62.550000000006015,Timer,timer_menten_prolif,0,0.05
2287.3806417665337,62.56000000000601,Timer,timer_menten_prolif,0,0.05
2281.8975111788022,62.57000000000601,Timer,timer_menten_prolif,0,0.05
2276.4275242217777,62.58000000000602,Timer,timer_menten_prolif,0,0.05
2270.9706493763697,62.59000000000602,Timer,timer_menten_prolif,0,0.05
2265.526855198226,62.60000000000602,Timer,timer_menten_prolif,0,0.05
2260.096110351403,62.61000000000602,Timer,timer_menten_prolif,0,0.05
2254.678384578784,62.62000000000602,Timer,timer_menten_prolif,0,0.05
2249.2736457684036,62.63000000000603,Timer,timer_menten_prolif,0,0.05
2243.8818627876,62.640000000006026,Timer,timer_menten_prolif,0,0.05
2238.503004578043,62.650000000006024,Timer,timer_menten_prolif,0,0.05
2233.137040155548,62.66000000000603,Timer,timer_menten_prolif,0,0.05
2227.783938609884,62.670000000006034,Timer,timer_menten_prolif,0,0.05
2222.443669104567,62.68000000000603,Timer,timer_menten_prolif,0,0.05
2217.1162008766614,62.69000000000603,Timer,timer_menten_prolif,0,0.05
2211.8015032365834,62.700000000006035,Timer,timer_menten_prolif,0,0.05
2206.4995455679145,62.71000000000604,Timer,timer_menten_prolif,0,0.05
2201.2102973271967,62.72000000000604,Timer,timer_menten_prolif,0,0.05
2195.933728043727,62.73000000000604,Timer,timer_menten_prolif,0,0.05
2190.669807319368,62.74000000000604,Timer,timer_menten_prolif,0,0.05
2185.418504828357,62.75000000000605,Timer,timer_menten_prolif,0,0.05
2180.179790317104,62.760000000006045,Timer,timer_menten_prolif,0,0.05
2174.9536336039837,62.77000000000604,Timer,timer_menten_prolif,0,0.05
2169.7400045791464,62.78000000000605,Timer,timer_menten_prolif,0,0.05
2164.5388732043307,62.79000000000605,Timer,timer_menten_prolif,0,0.05
2159.350209512655,62.80000000000605,Timer,timer_menten_prolif,0,0.05
2154.1739836084166,62.81000000000605,Timer,timer_menten_prolif,0,0.05
2149.010165666897,62.820000000006054,Timer,timer_menten_prolif,0,0.05
2143.8587259341784,62.83000000000606,Timer,timer_menten_prolif,0,0.05
2138.719634726932,62.84000000000606,Timer,timer_menten_prolif,0,0.05
2133.592862432218,62.850000000006055,Timer,timer_menten_prolif,0,0.05
2128.4783795072967,62.86000000000606,Timer,timer_menten_prolif,0,0.05
2123.3761572097155,62.870000000006065,Timer,timer_menten_prolif,0,0.05
2118.286165833116,62.88000000000606,Timer,timer_menten_prolif,0,0.05
2113.208375797846,62.89000000000606,Timer,timer_menten_prolif,0,0.05
2108.142757854361,62.90000000000607,Timer,timer_menten_prolif,0,0.05
2103.089282822951,62.91000000000607,Timer,timer_menten_prolif,0,0.05
2098.0479215935566,62.92000000000607,Timer,timer_menten_prolif,0,0.05
2093.0186451255663,62.93000000000607,Timer,timer_menten_prolif,0,0.05
2088.001424447648,62.94000000000607,Timer,timer_menten_prolif,0,0.05
2082.996230657563,62.95000000000608,Timer,timer_menten_prolif,0,0.05
2078.003034921978,62.960000000006076,Timer,timer_menten_prolif,0,0.05
2073.0218084762673,62.970000000006074,Timer,timer_menten_prolif,0,0.05
2068.05252262434,62.98000000000608,Timer,timer_menten_prolif,0,0.05
2063.095148738458,62.990000000006084,Timer,timer_menten_prolif,0,0.05
2058.1496582590416,63.00000000000608,Timer,timer_menten_prolif,0,0.05
2053.2160226944834,63.01000000000608,Timer,timer_menten_prolif,0,0.05
2048.2942136209613,63.020000000006085,Timer,timer_menten_prolif,0,0.05
2043.384202682265,63.03000000000609,Timer,timer_menten_prolif,0,0.05
2038.4859615896023,63.04000000000609,Timer,timer_menten_prolif,0,0.05
2033.5994621214081,63.05000000000609,Timer,timer_menten_prolif,0,0.05
2028.7246761231609,63.06000000000609,Timer,timer_menten_prolif,0,0.05
2023.8615755072092,63.0700000000061,Timer,timer_menten_prolif,0,0.05
2019.0101322525763,63.080000000006095,Timer,timer_menten_prolif,0,0.05
2014.1703184047676,63.09000000000609,Timer,timer_menten_prolif,0,0.05
2009.3421060755932,63.1000000000061,Timer,timer_menten_prolif,0,0.05
2004.5254674429882,63.1100000000061,Timer,timer_menten_prolif,0,0.05
1999.720375130952,63.1200000000061,Timer,timer_menten_prolif,0,0.05
1994.926801727424,63.1300000000061,Timer,timer_menten_prolif,0,0.05
1990.1447191148995,63.140000000006104,Timer,timer_menten_prolif,0,0.05
1985.3740997472792,63.15000000000611,Timer,timer_menten_prolif,0,0.05
1980.6149161442343,63.16000000000611,Timer,timer_menten_prolif,0,0.05
1975.8671408910245,63.170000000006105,Timer,timer_menten_prolif,0,0.05
1971.1307466383296,63.18000000000611,Timer,timer_menten_prolif,0,0.05
1966.405706102084,63.190000000006115,Timer,timer_menten_prolif,0,0.05
1961.6919920632915,63.20000000000611,Timer,timer_menten_prolif,0,0.05
1956.9895773678484,63.21000000000611,Timer,timer_menten_prolif,0,0.05
1952.2984349263695,63.22000000000612,Timer,timer_menten_prolif,0,0.05
1947.6185377140264,63.23000000000612,Timer,timer_menten_prolif,0,0.05
1942.9498587703617,63.24000000000612,Timer,timer_menten_prolif,0,0.05
1938.2923711991093,63.25000000000612,Timer,timer_menten_prolif,0,0.05
1933.6460481680274,63.26000000000612,Timer,timer_menten_prolif,0,0.05
1929.0108629087272,63.27000000000613,Timer,timer_menten_prolif,0,0.05
1924.3867887164945,63.280000000006126,Timer,timer_menten_prolif,0,0.05
1919.7737989501074,63.290000000006124,Timer,timer_menten_prolif,0,0.05
1915.1718670316677,63.30000000000613,Timer,timer_menten_prolif,0,0.05
1910.5809664464336,63.310000000006134,Timer,timer_menten_prolif,0,0.05
1906.001070742638,63.32000000000613,Timer,timer_menten_prolif,0,0.05
1901.4321535313063,63.33000000000613,Timer,timer_menten_prolif,0,0.05
1896.874188486091,63.340000000006135,Timer,timer_menten_prolif,0,0.05
1892.327149343099,63.35000000000614,Timer,timer_menten_prolif,0,0.05
1887.7910099007154,63.36000000000614,Timer,timer_menten_prolif,0,0.05
1883.265744102159,63.37000000000614,Timer,timer_menten_prolif,0,0.05
1878.75132663553,63.38000000000614,Timer,timer_menten_prolif,0,0.05
1874.2477307887639,63.39000000000615,Timer,timer_menten_prolif,0,0.05
1869.7549306199944,63.400000000006145,Timer,timer_menten_prolif,0,0.05
1865.272900249294,63.41000000000614,Timer,timer_menten_prolif,0,0.05
1860.8016138585162,63.42000000000615,Timer,timer_menten_prolif,0,0.05
1856.341045691136,63.43000000000615,Timer,timer_menten_prolif,0,0.05
1851.891170052082,63.44000000000615,Timer,timer_menten_prolif,0,0.05
1847.451961307562,63.45000000000615,Timer,timer_menten_prolif,0,0.05
1843.0233938849071,63.460000000006154,Timer,timer_menten_prolif,0,0.05
1838.6054422724155,63.47000000000616,Timer,timer_menten_prolif,0,0.05
1834.1980810191756,63.48000000000616,Timer,timer_menten_prolif,0,0.05
1829.8012847349014,63.490000000006155,Timer,timer_menten_prolif,0,0.05
1825.4150280897734,63.50000000000616,Timer,timer_menten_prolif,0,0.05
1821.0392858142757,63.510000000006166,Timer,timer_menten_prolif,0,0.05
1816.674032699032,63.52000000000616,Timer,timer_menten_prolif,0,0.05
1812.3192435946298,63.53000000000616,Timer,timer_menten_prolif,0,0.05
1807.9748934114652,63.54000000000617,Timer,timer_menten_prolif,0,0.05
1803.6409571195825,63.55000000000617,Timer,timer_menten_prolif,0,0.05
1799.3174097485057,63.56000000000617,Timer,timer_menten_prolif,0,0.05
1795.0042263870669,63.57000000000617,Timer,timer_menten_prolif,0,0.05
1790.7013821832459,63.58000000000617,Timer,timer_menten_prolif,0,0.05
1786.4088523440169,63.59000000000618,Timer,timer_menten_prolif,0,0.05
1782.1266121351732,63.600000000006176,Timer,timer_menten_prolif,0,0.05
1777.8546368811594,63.610000000006174,Timer,timer_menten_prolif,0,0.05
1773.5929019649116,63.62000000000618,Timer,timer_menten_prolif,0,0.05
1769.3413834935432,63.630000000006184,Timer,timer_menten_prolif,0,0.05
1765.1000566083999,63.64000000000618,Timer,timer_menten_prolif,0,0.05
1760.8688967103574,63.65000000000618,Timer,timer_menten_prolif,0,0.05
1756.647879426691,63.660000000006185,Timer,timer_menten_prolif,0,0.05
1752.4369804428673,63.67000000000619,Timer,timer_menten_prolif,0,0.05
1748.2361755023885,63.68000000000619,Timer,timer_menten_prolif,0,0.05
1744.0454404066272,63.69000000000619,Timer,timer_menten_prolif,0,0.05
1739.8647510146789,63.70000000000619,Timer,timer_menten_prolif,0,0.05
1735.6940832432138,63.7100000000062,Timer,timer_menten_prolif,0,0.05
1731.533413066318,63.720000000006195,Timer,timer_menten_prolif,0,0.05
1727.382716515328,63.73000000000619,Timer,timer_menten_prolif,0,0.05
1723.241969678687,63.7400000000062,Timer,timer_menten_prolif,0,0.05
1719.1111487017924,63.7500000000062,Timer,timer_menten_prolif,0,0.05
1714.9902297868362,63.7600000000062,Timer,timer_menten_prolif,0,0.05
1710.8791891926458,63.7700000000062,Timer,timer_menten_prolif,0,0.05
1706.7780032345343,63.780000000006204,Timer,timer_menten_prolif,0,0.05
1702.6866482841501,63.79000000000621,Timer,timer_menten_prolif,0,0.05
1698.6051007693177,63.80000000000621,Timer,timer_menten_prolif,0,0.05
1694.5333371738775,63.810000000006205,Timer,timer_menten_prolif,0,0.05
1690.4713340375374,63.82000000000621,Timer,timer_menten_prolif,0,0.05
1686.4190679557205,63.830000000006216,Timer,timer_menten_prolif,0,0.05
1682.3765155794094,63.840000000006214,Timer,timer_menten_prolif,0,0.05
1678.3436536149811,63.85000000000621,Timer,timer_menten_prolif,0,0.05
1674.320458824062,63.86000000000622,Timer,timer_menten_prolif,0,0.05
1670.3069080233747,63.87000000000622,Timer,timer_menten_prolif,0,0.05
1666.3029784526607,63.88000000000622,Timer,timer_menten_prolif,0,0.05
1662.3086471762501,63.89000000000622,Timer,timer_menten_prolif,0,0.05
1658.3238908081062,63.90000000000622,Timer,timer_menten_prolif,0,0.05
1654.3486863949333,63.91000000000623,Timer,timer_menten_prolif,0,0.05
1650.3830110382373,63.920000000006226,Timer,timer_menten_prolif,0,0.05
1646.4268418941783,63.930000000006224,Timer,timer_menten_prolif,0,0.05
1642.4801561734268,63.94000000000623,Timer,timer_menten_prolif,0,0.05
1638.5429311410267,63.950000000006234,Timer,timer_menten_prolif,0,0.05
1634.6151441162415,63.96000000000623,Timer,timer_menten_prolif,0,0.05
1630.6967724724072,63.97000000000623,Timer,timer_menten_prolif,0,0.05
1626.7877936367859,63.980000000006235,Timer,timer_menten_prolif,0,0.05
1622.8881850904313,63.99000000000624,Timer,timer_menten_prolif,0,0.05
1618.9979243680355,64.00000000000624,Timer,timer_menten_prolif,0,0.05
1615.1169890577748,64.01000000000624,Timer,timer_menten_prolif,0,0.05
1611.2453568011867,64.02000000000623,Timer,timer_menten_prolif,0,0.05
1607.3830052929852,64.03000000000625,Timer,timer_menten_prolif,0,0.05
1603.5299122809788,64.04000000000624,Timer,timer_menten_prolif,0,0.05
1599.6860555658545,64.05000000000624,Timer,timer_menten_prolif,0,0.05
1595.8514130010626,64.06000000000626,Timer,timer_menten_prolif,0,0.05
1592.0259624927062,64.07000000000625,Timer,timer_menten_prolif,0,0.05
1588.209681999323,64.08000000000625,Timer,timer_menten_prolif,0,0.05
1584.4025495318017,64.09000000000626,Timer,timer_menten_prolif,0,0.05
1580.6045431532116,64.10000000000625,Timer,timer_menten_prolif,0,0.05
1576.8156409786375,64.11000000000627,Timer,timer_menten_prolif,0,0.05
1573.0358211750952,64.12000000000626,Timer,timer_menten_prolif,0,0.05
1569.2650620761578,64.13000000000625,Timer,timer_menten_prolif,0,0.05
1565.503342506285,64.14000000000627,Timer,timer_menten_prolif,0,0.05
1561.750640245805,64.15000000000626,Timer,timer_menten_prolif,0,0.05
1558.0069336781603,64.16000000000626,Timer,timer_menten_prolif,0,0.05
1554.2722012384302,64.17000000000627,Timer,timer_menten_prolif,0,0.05
1550.546421413174,64.18000000000626,Timer,timer_menten_prolif,0,0.05
1546.8295727402701,64.19000000000628,Timer,timer_menten_prolif,0,0.05
1543.1216338088398,64.20000000000627,Timer,timer_menten_prolif,0,0.05
1539.422583259041,64.21000000000626,Timer,timer_menten_prolif,0,0.05
1535.7323997819612,64.22000000000628,Timer,timer_menten_prolif,0,0.05
1532.0510621195149,64.23000000000627,Timer,timer_menten_prolif,0,0.05
1528.378549064235,64.24000000000628,Timer,timer_menten_prolif,0,0.05
1524.714839459196,64.25000000000628,Timer,timer_menten_prolif,0,0.05
1521.0599121978553,64.26000000000627,Timer,timer_menten_prolif,0,0.05
1517.4137462238946,64.27000000000629,Timer,timer_menten_prolif,0,0.05
1513.7763205311408,64.28000000000628,Timer,timer_menten_prolif,0,0.05
1510.1476141633602,64.29000000000627,Timer,timer_menten_prolif,0,0.05
1506.527606214156,64.30000000000629,Timer,timer_menten_prolif,0,0.05
1502.916275826859,64.31000000000628,Timer,timer_menten_prolif,0,0.05
1499.3136021943228,64.32000000000629,Timer,timer_menten_prolif,0,0.05
1495.7195645588472,64.3300000000063,Timer,timer_menten_prolif,0,0.05
1492.1341422120177,64.34000000000628,Timer,timer_menten_prolif,0,0.05
1488.5573144945477,64.3500000000063,Timer,timer_menten_prolif,0,0.05
1484.9890607962004,64.3600000000063,Timer,timer_menten_prolif,0,0.05
1481.4293605555824,64.37000000000629,Timer,timer_menten_prolif,0,0.05
1477.8781932600396,64.3800000000063,Timer,timer_menten_prolif,0,0.05
1474.335539048627,64.3900000000063,Timer,timer_menten_prolif,0,0.05
1470.8013771187339,64.4000000000063,Timer,timer_menten_prolif,0,0.05
1467.2756870136927,64.4100000000063,Timer,timer_menten_prolif,0,0.05
1463.7584484244865,64.4200000000063,Timer,timer_menten_prolif,0,0.05
1460.2496410905633,64.43000000000632,Timer,timer_menten_prolif,0,0.05
1456.749244799763,64.44000000000631,Timer,timer_menten_prolif,0,0.05
1453.2572393881208,64.4500000000063,Timer,timer_menten_prolif,0,0.05
1449.7736047397725,64.46000000000632,Timer,timer_menten_prolif,0,0.05
1446.2983207868506,64.47000000000631,Timer,timer_menten_prolif,0,0.05
1442.8313675092945,64.48000000000631,Timer,timer_menten_prolif,0,0.05
1439.3727249347753,64.49000000000632,Timer,timer_menten_prolif,0,0.05
1435.9223731385443,64.50000000000631,Timer,timer_menten_prolif,0,0.05
1432.4802922432877,64.51000000000633,Timer,timer_menten_prolif,0,0.05
1429.0464624190508,64.52000000000632,Timer,timer_menten_prolif,0,0.05
1425.6208638830444,64.53000000000631,Timer,timer_menten_prolif,0,0.05
1422.203476899546,64.54000000000633,Timer,timer_menten_prolif,0,0.05
1418.7942817798003,64.55000000000632,Timer,timer_menten_prolif,0,0.05
1415.3932588818252,64.56000000000633,Timer,timer_menten_prolif,0,0.05
1412.000388610339,64.57000000000633,Timer,timer_menten_prolif,0,0.05
1408.6156514166105,64.58000000000632,Timer,timer_menten_prolif,0,0.05
1405.2390277983104,64.59000000000634,Timer,timer_menten_prolif,0,0.05
1401.8704982994354,64.60000000000633,Timer,timer_menten_prolif,0,0.05
1398.510043510119,64.61000000000632,Timer,timer_menten_prolif,0,0.05
1395.1576440665276,64.62000000000634,Timer,timer_menten_prolif,0,0.05
1391.8132806507624,64.63000000000633,Timer,timer_menten_prolif,0,0.05
1388.476934340596,64.64000000000634,Timer,timer_menten_prolif,0,0.05
1385.1485859452255,64.65000000000634,Timer,timer_menten_prolif,0,0.05
1381.82821601438,64.66000000000633,Timer,timer_menten_prolif,0,0.05
1378.515805421785,64.67000000000635,Timer,timer_menten_prolif,0,0.05
1375.2113350868633,64.68000000000634,Timer,timer_menten_prolif,0,0.05
1371.914785974554,64.69000000000634,Timer,timer_menten_prolif,0,0.05
1368.626139095218,64.70000000000636,Timer,timer_menten_prolif,0,0.05
1365.3453755045462,64.71000000000635,Timer,timer_menten_prolif,0,0.05
1362.0724763033754,64.72000000000635,Timer,timer_menten_prolif,0,0.05
1358.8074226376204,64.73000000000636,Timer,timer_menten_prolif,0,0.05
1355.550195698133,64.74000000000635,Timer,timer_menten_prolif,0,0.05
1352.3007767205618,64.75000000000637,Timer,timer_menten_prolif,0,0.05
1349.059146985282,64.76000000000636,Timer,timer_menten_prolif,0,0.05
1345.8252878172134,64.77000000000635,Timer,timer_menten_prolif,0,0.05
1342.5991805857293,64.78000000000637,Timer,timer_menten_prolif,0,0.05
1339.3808067045588,64.79000000000636,Timer,timer_menten_prolif,0,0.05
1336.1701476316093,64.80000000000636,Timer,timer_menten_prolif,0,0.05
1332.9671848688931,64.81000000000637,Timer,timer_menten_prolif,0,0.05
1329.771899962389,64.82000000000636,Timer,timer_menten_prolif,0,0.05
1326.5842745019024,64.83000000000638,Timer,timer_menten_prolif,0,0.05
1323.4042901209941,64.84000000000637,Timer,timer_menten_prolif,0,0.05
1320.2319284967994,64.85000000000636,Timer,timer_menten_prolif,0,0.05
1317.0671713499346,64.86000000000638,Timer,timer_menten_prolif,0,0.05
1313.9100004444026,64.87000000000637,Timer,timer_menten_prolif,0,0.05
1310.7603975874122,64.88000000000638,Timer,timer_menten_prolif,0,0.05
1307.6183447636686,64.89000000000638,Timer,timer_menten_prolif,0,0.05
1304.483824257553,64.90000000000637,Timer,timer_menten_prolif,0,0.05
1301.3568175866512,64.91000000000639,Timer,timer_menten_prolif,0,0.05
1298.237306738597,64.92000000000638,Timer,timer_menten_prolif,0,0.05
1295.12527374401,64.93000000000637,Timer,timer_menten_prolif,0,0.05
1292.0207006764017,64.94000000000639,Timer,timer_menten_prolif,0,0.05
1288.923569652093,64.95000000000638,Timer,timer_menten_prolif,0,0.05
1285.833862830039,64.96000000000639,Timer,timer_menten_prolif,0,0.05
1282.751562411766,64.9700000000064,Timer,timer_menten_prolif,0,0.05
1279.6766506412382,64.98000000000638,Timer,timer_menten_prolif,0,0.05
1276.6091098047268,64.9900000000064,Timer,timer_menten_prolif,0,0.05
1273.5489222307426,65.0000000000064,Timer,timer_menten_prolif,0,0.05
1270.4960702898666,65.01000000000639,Timer,timer_menten_prolif,0,0.05
1267.4505363946605,65.0200000000064,Timer,timer_menten_prolif,0,0.05
1264.41230299958,65.0300000000064,Timer,timer_menten_prolif,0,0.05
1261.3813526008034,65.0400000000064,Timer,timer_menten_prolif,0,0.05
1258.3576677361648,65.0500000000064,Timer,timer_menten_prolif,0,0.05
1255.3412309850223,65.0600000000064,Timer,timer_menten_prolif,0,0.05
1252.332024968129,65.07000000000642,Timer,timer_menten_prolif,0,0.05
1249.3300323475628,65.08000000000641,Timer,timer_menten_prolif,0,0.05
1246.3352358265586,65.0900000000064,Timer,timer_menten_prolif,0,0.05
1243.3476181494184,65.10000000000642,Timer,timer_menten_prolif,0,0.05
1240.3671621014244,65.11000000000641,Timer,timer_menten_prolif,0,0.05
1237.3938505086676,65.12000000000641,Timer,timer_menten_prolif,0,0.05
1234.4276662379816,65.13000000000642,Timer,timer_menten_prolif,0,0.05
1231.468592196811,65.14000000000641,Timer,timer_menten_prolif,0,0.05
1228.5166118762218,65.15000000000643,Timer,timer_menten_prolif,0,0.05
1225.5717078674209,65.16000000000642,Timer,timer_menten_prolif,0,0.05
1222.6338631590393,65.17000000000641,Timer,timer_menten_prolif,0,0.05
1219.7030608282016,65.18000000000643,Timer,timer_menten_prolif,0,0.05
1216.7792839924564,65.19000000000642,Timer,timer_menten_prolif,0,0.05
1213.8625158096168,65.20000000000643,Timer,timer_menten_prolif,0,0.05
1210.9527394776967,65.21000000000643,Timer,timer_menten_prolif,0,0.05
1208.0499382347891,65.22000000000642,Timer,timer_menten_prolif,0,0.05
1205.154095358941,65.23000000000644,Timer,timer_menten_prolif,0,0.05
1202.2651941680906,65.24000000000643,Timer,timer_menten_prolif,0,0.05
1199.3832180199063,65.25000000000642,Timer,timer_menten_prolif,0,0.05
1196.5081503117067,65.26000000000644,Timer,timer_menten_prolif,0,0.05
1193.6399744803732,65.27,Timer,timer_menten_prolif,0,0.05
1190.7787760119666,65.28,Timer,timer_menten_prolif,0,0.05
1187.924437744824,65.29,Timer,timer_menten_prolif,0,0.05
1185.0769433766177,65.30000000000001,Timer,timer_menten_prolif,0,0.05
1182.236276529484,65.31000000000002,Timer,timer_menten_prolif,0,0.05
1179.4024208652093,65.32000000000002,Timer,timer_menten_prolif,0,0.05
1176.5753600852377,65.33000000000003,Timer,timer_menten_prolif,0,0.05
1173.7550779305425,65.34000000000003,Timer,timer_menten_prolif,0,0.05
1170.9415581815306,65.35000000000004,Timer,timer_menten_prolif,0,0.05
1168.1347846579908,65.36000000000004,Timer,timer_menten_prolif,0,0.05
1165.3347412189812,65.37000000000005,Timer,timer_menten_prolif,0,0.05
1162.5414117627483,65.38000000000005,Timer,timer_menten_prolif,0,0.05
1159.7547802266433,65.39000000000006,Timer,timer_menten_prolif,0,0.05
1156.9748305870357,65.40000000000006,Timer,timer_menten_prolif,0,0.05
1154.2015468592294,65.41000000000007,Timer,timer_menten_prolif,0,0.05
1151.4349130973733,65.42000000000007,Timer,timer_menten_prolif,0,0.05
1148.6749133943836,65.43000000000008,Timer,timer_menten_prolif,0,0.05
1145.9215318818538,65.44000000000008,Timer,timer_menten_prolif,0,0.05
1143.1747527299735,65.45000000000009,Timer,timer_menten_prolif,0,0.05
1140.4345601474445,65.4600000000001,Timer,timer_menten_prolif,0,0.05
1137.7009383813984,65.4700000000001,Timer,timer_menten_prolif,0,0.05
1134.9738717173113,65.4800000000001,Timer,timer_menten_prolif,0,0.05
1132.2533444789256,65.49000000000011,Timer,timer_menten_prolif,0,0.05
1129.5393410281617,65.50000000000011,Timer,timer_menten_prolif,0,0.05
1126.8318457650441,65.51000000000012,Timer,timer_menten_prolif,0,0.05
1124.1308431276127,65.52000000000012,Timer,timer_menten_prolif,0,0.05
1121.4363175918463,65.53000000000013,Timer,timer_menten_prolif,0,0.05
1118.7482536715797,65.54000000000013,Timer,timer_menten_prolif,0,0.05
1116.0666359184254,65.55000000000014,Timer,timer_menten_prolif,0,0.05
1113.391448921692,65.56000000000014,Timer,timer_menten_prolif,0,0.05
1110.7226773083025,65.57000000000015,Timer,timer_menten_prolif,0,0.05
1108.0603057427215,65.58000000000015,Timer,timer_menten_prolif,0,0.05
1105.4043189268687,65.59000000000016,Timer,timer_menten_prolif,0,0.05
1102.7547016000458,65.60000000000016,Timer,timer_menten_prolif,0,0.05
1100.1114385388587,65.61000000000017,Timer,timer_menten_prolif,0,0.05
1097.4745145571326,65.62000000000018,Timer,timer_menten_prolif,0,0.05
1094.8439145058446,65.63000000000018,Timer,timer_menten_prolif,0,0.05
1092.2196232730375,65.64000000000019,Timer,timer_menten_prolif,0,0.05
1089.6016257837503,65.65000000000019,Timer,timer_menten_prolif,0,0.05
1086.989906999939,65.6600000000002,Timer,timer_menten_prolif,0,0.05
1084.3844519203972,65.6700000000002,Timer,timer_menten_prolif,0,0.05
1081.785245580689,65.6800000000002,Timer,timer_menten_prolif,0,0.05
1079.1922730530646,65.69000000000021,Timer,timer_menten_prolif,0,0.05
1076.605519446392,65.70000000000022,Timer,timer_menten_prolif,0,0.05
1074.0249699060819,65.71000000000022,Timer,timer_menten_prolif,0,0.05
1071.450609614009,65.72000000000023,Timer,timer_menten_prolif,0,0.05
1068.8824237884448,65.73000000000023,Timer,timer_menten_prolif,0,0.05
1066.3203976839795,65.74000000000024,Timer,timer_menten_prolif,0,0.05
1063.7645165914535,65.75000000000024,Timer,timer_menten_prolif,0,0.05
1061.214765837881,65.76000000000025,Timer,timer_menten_prolif,0,0.05
1058.67113078638,65.77000000000025,Timer,timer_menten_prolif,0,0.05
1056.1335968361013,65.78000000000026,Timer,timer_menten_prolif,0,0.05
1053.6021494221568,65.79000000000026,Timer,timer_menten_prolif,0,0.05
1051.0767740155488,65.80000000000027,Timer,timer_menten_prolif,0,0.05
1048.557456123098,65.81000000000027,Timer,timer_menten_prolif,0,0.05
1046.0441812873771,65.82000000000028,Timer,timer_menten_prolif,0,0.05
1043.536935086639,65.83000000000028,Timer,timer_menten_prolif,0,0.05
1041.035703134747,65.84000000000029,Timer,timer_menten_prolif,0,0.05
1038.5404710811088,65.85000000000029,Timer,timer_menten_prolif,0,0.05
1036.0512246106075,65.8600000000003,Timer,timer_menten_prolif,0,0.05
1033.5679494435308,65.8700000000003,Timer,timer_menten_prolif,0,0.05
1031.090631335509,65.88000000000031,Timer,timer_menten_prolif,0,0.05
1028.6192560774439,65.89000000000031,Timer,timer_menten_prolif,0,0.05
1026.1538094954437,65.90000000000032,Timer,timer_menten_prolif,0,0.05
1023.6942774507577,65.91000000000032,Timer,timer_menten_prolif,0,0.05
1021.2406458397113,65.92000000000033,Timer,timer_menten_prolif,0,0.05
1018.792900593637,65.93000000000033,Timer,timer_menten_prolif,0,0.05
1016.3510276788154,65.94000000000034,Timer,timer_menten_prolif,0,0.05
1013.9150130964078,65.95000000000034,Timer,timer_menten_prolif,0,0.05
1011.4848428823918,65.96000000000035,Timer,timer_menten_prolif,0,0.05
1009.0605031075011,65.97000000000035,Timer,timer_menten_prolif,0,0.05
1006.6419798771589,65.98000000000036,Timer,timer_menten_prolif,0,0.05
1004.2292593314207,65.99000000000036,Timer,timer_menten_prolif,0,0.05
1001.8223276449078,66.00000000000037,Timer,timer_menten_prolif,0,0.05
999.4211710267462,66.01000000000037,Timer,timer_menten_prolif,0,0.05
997.0257757205118,66.02000000000038,Timer,timer_menten_prolif,0,0.05
994.6361280041622,66.03000000000038,Timer,timer_menten_prolif,0,0.05
992.2522141899789,66.04000000000039,Timer,timer_menten_prolif,0,0.05
989.8740206245157,66.0500000000004,Timer,timer_menten_prolif,0,0.05
987.5015336885274,66.0600000000004,Timer,timer_menten_prolif,0,0.05
985.13473979692,66.0700000000004,Timer,timer_menten_prolif,0,0.05
982.77362539869,66.08000000000041,Timer,timer_menten_prolif,0,0.05
980.4181769768702,66.09000000000042,Timer,timer_menten_prolif,0,0.05
978.0683810484682,66.10000000000042,Timer,timer_menten_prolif,0,0.05
975.7242241644112,66.11000000000043,Timer,timer_menten_prolif,0,0.05
973.385692909496,66.12000000000043,Timer,timer_menten_prolif,0,0.05
971.0527739023257,66.13000000000044,Timer,timer_menten_prolif,0,0.05
968.7254537952589,66.14000000000044,Timer,timer_menten_prolif,0,0.05
966.4037192743585,66.15000000000045,Timer,timer_menten_prolif,0,0.05
964.0875570593324,66.16000000000045,Timer,timer_menten_prolif,0,0.05
961.7769539034846,66.17000000000046,Timer,timer_menten_prolif,0,0.05
959.4718965936603,66.18000000000046,Timer,timer_menten_prolif,0,0.05
957.1723719501989,66.19000000000047,Timer,timer_menten_prolif,0,0.05
954.8783668268753,66.20000000000047,Timer,timer_menten_prolif,0,0.05
952.5898681108542,66.21000000000048,Timer,timer_menten_prolif,0,0.05
950.3068627226412,66.22000000000048,Timer,timer_menten_prolif,0,0.05
948.0293376160284,66.23000000000049,Timer,timer_menten_prolif,0,0.05
945.7572797780491,66.24000000000049,Timer,timer_menten_prolif,0,0.05
943.4906762289293,66.2500000000005,Timer,timer_menten_prolif,0,0.05
941.2295140220381,66.2600000000005,Timer,timer_menten_prolif,0,0.05
938.9737802438422,66.27000000000051,Timer,timer_menten_prolif,0,0.05
936.7234620138589,66.28000000000051,Timer,timer_menten_prolif,0,0.05
934.4785464846116,66.29000000000052,Timer,timer_menten_prolif,0,0.05
932.2390208415816,66.30000000000052,Timer,timer_menten_prolif,0,0.05
930.0048723031666,66.31000000000053,Timer,timer_menten_prolif,0,0.05
927.7760881206344,66.32000000000053,Timer,timer_menten_prolif,0,0.05
925.5526555780821,66.33000000000054,Timer,timer_menten_prolif,0,0.05
923.3345619923911,66.34000000000054,Timer,timer_menten_prolif,0,0.05
921.1217947131861,66.35000000000055,Timer,timer_menten_prolif,0,0.05
918.9143411227935,66.36000000000055,Timer,timer_menten_prolif,0,0.05
916.7121886362029,66.37000000000056,Timer,timer_menten_prolif,0,0.05
914.5153247010239,66.38000000000056,Timer,timer_menten_prolif,0,0.05
912.3237367974491,66.39000000000057,Timer,timer_menten_prolif,0,0.05
910.1374124382128,66.40000000000057,Timer,timer_menten_prolif,0,0.05
907.9563391685598,66.41000000000058,Timer,timer_menten_prolif,0,0.05
905.7805045661992,66.42000000000058,Timer,timer_menten_prolif,0,0.05
903.6098962412739,66.43000000000059,Timer,timer_menten_prolif,0,0.05
901.4445018363251,66.4400000000006,Timer,timer_menten_prolif,0,0.05
899.2843090262547,66.4500000000006,Timer,timer_menten_prolif,0,0.05
897.129305518292,66.4600000000006,Timer,timer_menten_prolif,0,0.05
894.9794790519602,66.47000000000061,Timer,timer_menten_prolif,0,0.05
892.8348173990462,66.48000000000062,Timer,timer_menten_prolif,0,0.05
890.6953083635649,66.49000000000062,Timer,timer_menten_prolif,0,0.05
888.5609397817295,66.50000000000063,Timer,timer_menten_prolif,0,0.05
886.4316995219228,66.51000000000063,Timer,timer_menten_prolif,0,0.05
884.3075754846654,66.52000000000064,Timer,timer_menten_prolif,0,0.05
882.1885556025888,66.53000000000064,Timer,timer_menten_prolif,0,0.05
880.074627840405,66.54000000000065,Timer,timer_menten_prolif,0,0.05
877.9657801948817,66.55000000000065,Timer,timer_menten_prolif,0,0.05
875.8620006948155,66.56000000000066,Timer,timer_menten_prolif,0,0.05
873.7632774010076,66.57000000000066,Timer,timer_menten_prolif,0,0.05
871.6695984062353,66.58000000000067,Timer,timer_menten_prolif,0,0.05
869.5809518352327,66.59000000000067,Timer,timer_menten_prolif,0,0.05
867.4973258446648,66.60000000000068,Timer,timer_menten_prolif,0,0.05
865.4187086231084,66.61000000000068,Timer,timer_menten_prolif,0,0.05
863.345088391028,66.62000000000069,Timer,timer_menten_prolif,0,0.05
861.2764534007571,66.63000000000069,Timer,timer_menten_prolif,0,0.05
859.212791936478,66.6400000000007,Timer,timer_menten_prolif,0,0.05
857.1540923142068,66.6500000000007,Timer,timer_menten_prolif,0,0.05
855.1003428817711,66.66000000000071,Timer,timer_menten_prolif,0,0.05
853.0515320187956,66.67000000000071,Timer,timer_menten_prolif,0,0.05
851.0076481366873,66.68000000000072,Timer,timer_menten_prolif,0,0.05
848.9686796786209,66.69000000000072,Timer,timer_menten_prolif,0,0.05
846.9346151195244,66.70000000000073,Timer,timer_menten_prolif,0,0.05
844.9054429660649,66.71000000000073,Timer,timer_menten_prolif,0,0.05
842.8811517566398,66.72000000000074,Timer,timer_menten_prolif,0,0.05
840.8617300613662,66.73000000000074,Timer,timer_menten_prolif,0,0.05
838.8471664820682,66.74000000000075,Timer,timer_menten_prolif,0,0.05
836.8374496522711,66.75000000000075,Timer,timer_menten_prolif,0,0.05
834.8325682371885,66.76000000000076,Timer,timer_menten_prolif,0,0.05
832.8325109337329,66.77000000000076,Timer,timer_menten_prolif,0,0.05
830.8372664704823,66.78000000000077,Timer,timer_menten_prolif,0,0.05
828.8468236076984,66.79000000000077,Timer,timer_menten_prolif,0,0.05
826.8611711373137,66.80000000000078,Timer,timer_menten_prolif,0,0.05
824.8802978829391,66.81000000000078,Timer,timer_menten_prolif,0,0.05
822.90419269985,66.82000000000079,Timer,timer_menten_prolif,0,0.05
820.9328444749892,66.8300000000008,Timer,timer_menten_prolif,0,0.05
818.9662421269661,66.8400000000008,Timer,timer_menten_prolif,0,0.05
817.0043746060583,66.8500000000008,Timer,timer_menten_prolif,0,0.05
815.0472308942624,66.86000000000081,Timer,timer_menten_prolif,0,0.05
813.0948000052358,66.87000000000081,Timer,timer_menten_prolif,0,0.05
811.1470709843028,66.88000000000082,Timer,timer_menten_prolif,0,0.05
809.2040329084632,66.89000000000082,Timer,timer_menten_prolif,0,0.05
807.2656748863976,66.90000000000083,Timer,timer_menten_prolif,0,0.05
805.3319860586124,66.91000000000084,Timer,timer_menten_prolif,0,0.05
803.4029555973093,66.92000000000084,Timer,timer_menten_prolif,0,0.05
801.4785727063752,66.93000000000085,Timer,timer_menten_prolif,0,0.05
799.5588266214204,66.94000000000085,Timer,timer_menten_prolif,0,0.05
797.6437066097862,66.95000000000086,Timer,timer_menten_prolif,0,0.05
795.7332019707235,66.96000000000086,Timer,timer_menten_prolif,0,0.05
793.8273020352779,66.97000000000087,Timer,timer_menten_prolif,0,0.05
791.9259961662373,66.98000000000087,Timer,timer_menten_prolif,0,0.05
790.0292737581979,66.99000000000088,Timer,timer_menten_prolif,0,0.05
788.1371242375753,67.00000000000088,Timer,timer_menten_prolif,0,0.05
786.2495370627807,67.01000000000089,Timer,timer_menten_prolif,0,0.05
784.3665017241624,67.02000000000089,Timer,timer_menten_prolif,0,0.05
782.4880077439071,67.0300000000009,Timer,timer_menten_prolif,0,0.05
780.6140446761294,67.0400000000009,Timer,timer_menten_prolif,0,0.05
778.7446021068896,67.0500000000009,Timer,timer_menten_prolif,0,0.05
776.8796696543511,67.06000000000091,Timer,timer_menten_prolif,0,0.05
775.019236968808,67.07000000000092,Timer,timer_menten_prolif,0,0.05
773.1632937325163,67.08000000000092,Timer,timer_menten_prolif,0,0.05
771.3118296598184,67.09000000000093,Timer,timer_menten_prolif,0,0.05
769.464834497164,67.10000000000093,Timer,timer_menten_prolif,0,0.05
767.6222980232745,67.11000000000094,Timer,timer_menten_prolif,0,0.05
765.7842100492335,67.12000000000094,Timer,timer_menten_prolif,0,0.05
763.9505604182305,67.13000000000095,Timer,timer_menten_prolif,0,0.05
762.1213390057226,67.14000000000095,Timer,timer_menten_prolif,0,0.05
760.2965357194681,67.15000000000096,Timer,timer_menten_prolif,0,0.05
758.4761404995578,67.16000000000096,Timer,timer_menten_prolif,0,0.05
756.6601433187587,67.17000000000097,Timer,timer_menten_prolif,0,0.05
754.8485341824321,67.18000000000097,Timer,timer_menten_prolif,0,0.05
753.0413031282809,67.19000000000098,Timer,timer_menten_prolif,0,0.05
751.2384402265652,67.20000000000098,Timer,timer_menten_prolif,0,0.05
749.43993558014,67.21000000000099,Timer,timer_menten_prolif,0,0.05
747.6457793245102,67.220000000001,Timer,timer_menten_prolif,0,0.05
745.8559616282471,67.230000000001,Timer,timer_menten_prolif,0,0.05
744.0704726927127,67.240000000001,Timer,timer_menten_prolif,0,0.05
742.289302751997,67.25000000000101,Timer,timer_menten_prolif,0,0.05
740.5124420730892,67.26000000000101,Timer,timer_menten_prolif,0,0.05
738.7398809559279,67.27000000000102,Timer,timer_menten_prolif,0,0.05
736.9716097334906,67.28000000000102,Timer,timer_menten_prolif,0,0.05
735.2076187722752,67.29000000000103,Timer,timer_menten_prolif,0,0.05
733.4478984718494,67.30000000000103,Timer,timer_menten_prolif,0,0.05
731.692439264946,67.31000000000104,Timer,timer_menten_prolif,0,0.05
729.9412316176059,67.32000000000104,Timer,timer_menten_prolif,0,0.05
728.1942660292401,67.33000000000105,Timer,timer_menten_prolif,0,0.05
726.4515330327795,67.34000000000106,Timer,timer_menten_prolif,0,0.05
724.7130231951544,67.35000000000106,Timer,timer_menten_prolif,0,0.05
722.9787271167351,67.36000000000107,Timer,timer_menten_prolif,0,0.05
721.2486354315595,67.37000000000107,Timer,timer_menten_prolif,0,0.05
719.5227388074563,67.38000000000108,Timer,timer_menten_prolif,0,0.05
717.8010279461125,67.39000000000108,Timer,timer_menten_prolif,0,0.05
716.0834935833163,67.40000000000109,Timer,timer_menten_prolif,0,0.05
714.3701264893546,67.41000000000109,Timer,timer_menten_prolif,0,0.05
712.6609174684302,67.4200000000011,Timer,timer_menten_prolif,0,0.05
710.9558573589848,67.4300000000011,Timer,timer_menten_prolif,0,0.05
709.2549370338038,67.4400000000011,Timer,timer_menten_prolif,0,0.05
707.5581474000977,67.45000000000111,Timer,timer_menten_prolif,0,0.05
705.8654793998667,67.46000000000112,Timer,timer_menten_prolif,0,0.05
704.1769240101256,67.47000000000112,Timer,timer_menten_prolif,0,0.05
702.4924722423983,67.48000000000113,Timer,timer_menten_prolif,0,0.05
700.8121151430871,67.49000000000113,Timer,timer_menten_prolif,0,0.05
699.1358437935717,67.50000000000114,Timer,timer_menten_prolif,0,0.05
697.4636493103035,67.51000000000114,Timer,timer_menten_prolif,0,0.05
695.7955228453316,67.52000000000115,Timer,timer_menten_prolif,0,0.05
694.1314555862338,67.53000000000115,Timer,timer_menten_prolif,0,0.05
692.4714387558331,67.54000000000116,Timer,timer_menten_prolif,0,0.05
690.8154636125391,67.55000000000116,Timer,timer_menten_prolif,0,0.05
689.1635214504549,67.56000000000117,Timer,timer_menten_prolif,0,0.05
687.5156035995008,67.57000000000117,Timer,timer_menten_prolif,0,0.05
685.8717014260774,67.58000000000118,Timer,timer_menten_prolif,0,0.05
684.2318063327025,67.59000000000118,Timer,timer_menten_prolif,0,0.05
682.5959097579753,67.60000000000119,Timer,timer_menten_prolif,0,0.05
680.9640031768737,67.6100000000012,Timer,timer_menten_prolif,0,0.05
679.3360781008746,67.6200000000012,Timer,timer_menten_prolif,0,0.05
677.7121260781305,67.6300000000012,Timer,timer_menten_prolif,0,0.05
676.0921386942055,67.64000000000121,Timer,timer_menten_prolif,0,0.05
674.4761075714813,67.65000000000121,Timer,timer_menten_prolif,0,0.05
672.8640243693474,67.66000000000122,Timer,timer_menten_prolif,0,0.05
671.255880784455,67.67000000000122,Timer,timer_menten_prolif,0,0.05
669.6516685508516,67.68000000000123,Timer,timer_menten_prolif,0,0.05
668.0513794402436,67.69000000000123,Timer,timer_menten_prolif,0,0.05
666.4550052627187,67.70000000000124,Timer,timer_menten_prolif,0,0.05
664.8625378660129,67.71000000000124,Timer,timer_menten_prolif,0,0.05
663.2739691358836,67.72000000000125,Timer,timer_menten_prolif,0,0.05
661.6892909963308,67.73000000000125,Timer,timer_menten_prolif,0,0.05
660.1084954097463,67.74000000000126,Timer,timer_menten_prolif,0,0.05
658.5315743773629,67.75000000000126,Timer,timer_menten_prolif,0,0.05
656.9585199395428,67.75,Timer,timer_menten_prolif,0,0.05
661.5455461292418,67.76,Timer,timer_menten_prolif,0,0.05
666.2222673942595,67.77000000000001,Timer,timer_menten_prolif,0,0.05
670.9901133268618,67.78000000000002,Timer,timer_menten_prolif,0,0.05
675.8505355466309,67.79000000000002,Timer,timer_menten_prolif,0,0.05
680.8050093730928,67.80000000000003,Timer,timer_menten_prolif,0,0.05
685.8550341789987,67.81000000000003,Timer,timer_menten_prolif,0,0.05
691.0021338417248,67.82000000000004,Timer,timer_menten_prolif,0,0.05
696.2478571923982,67.83000000000004,Timer,timer_menten_prolif,0,0.05
701.5937782673709,67.84000000000005,Timer,timer_menten_prolif,0,0.05
707.0414968278151,67.85000000000005,Timer,timer_menten_prolif,0,0.05
712.5926387514282,67.86000000000006,Timer,timer_menten_prolif,0,0.05
718.2488564453809,67.87000000000006,Timer,timer_menten_prolif,0,0.05
724.0118292840978,67.88000000000007,Timer,timer_menten_prolif,0,0.05
729.8832640435638,67.89000000000007,Timer,timer_menten_prolif,0,0.05
735.864895345638,67.90000000000008,Timer,timer_menten_prolif,0,0.05
741.9584861097007,67.91000000000008,Timer,timer_menten_prolif,0,0.05
748.1658280012846,67.92000000000009,Timer,timer_menten_prolif,0,0.05
754.4887419113116,67.93000000000009,Timer,timer_menten_prolif,0,0.05
760.9290784261053,67.9400000000001,Timer,timer_menten_prolif,0,0.05
767.4887182986794,67.9500000000001,Timer,timer_menten_prolif,0,0.05
774.1695729454743,67.96000000000011,Timer,timer_menten_prolif,0,0.05
780.9735849375259,67.97000000000011,Timer,timer_menten_prolif,0,0.05
787.902728506004,67.98000000000012,Timer,timer_menten_prolif,0,0.05
794.9590100548601,67.99000000000012,Timer,timer_menten_prolif,0,0.05
802.1444686799588,68.00000000000013,Timer,timer_menten_prolif,0,0.05
809.4611766983005,68.01000000000013,Timer,timer_menten_prolif,0,0.05
816.9112401842353,68.02000000000014,Timer,timer_menten_prolif,0,0.05
824.4967995157986,68.03000000000014,Timer,timer_menten_prolif,0,0.05
832.2200299283184,68.04000000000015,Timer,timer_menten_prolif,0,0.05
840.0831420785745,68.05000000000015,Timer,timer_menten_prolif,0,0.05
848.0883826154527,68.06000000000016,Timer,timer_menten_prolif,0,0.05
856.2380347622818,68.07000000000016,Timer,timer_menten_prolif,0,0.05
864.5344189086609,68.08000000000017,Timer,timer_menten_prolif,0,0.05
872.9798932077599,68.09000000000017,Timer,timer_menten_prolif,0,0.05
881.5768541893478,68.10000000000018,Timer,timer_menten_prolif,0,0.05
890.3277373765823,68.11000000000018,Timer,timer_menten_prolif,0,0.05
899.2350179164819,68.12000000000019,Timer,timer_menten_prolif,0,0.05
908.3012112204622,68.1300000000002,Timer,timer_menten_prolif,0,0.05
917.5288736111837,68.1400000000002,Timer,timer_menten_prolif,0,0.05
926.9206029862105,68.1500000000002,Timer,timer_menten_prolif,0,0.05
936.4790394855473,68.16000000000021,Timer,timer_menten_prolif,0,0.05
946.2068661742674,68.17000000000021,Timer,timer_menten_prolif,0,0.05
956.1068097356692,68.18000000000022,Timer,timer_menten_prolif,0,0.05
966.1816411716063,68.19000000000023,Timer,timer_menten_prolif,0,0.05
976.4341765208198,68.20000000000023,Timer,timer_menten_prolif,0,0.05
986.8672775813475,68.21000000000024,Timer,timer_menten_prolif,0,0.05
997.483852649847,68.22000000000024,Timer,timer_menten_prolif,0,0.05
1008.2868572713528,68.23000000000025,Timer,timer_menten_prolif,0,0.05
1019.2792949967705,68.24000000000025,Timer,timer_menten_prolif,0,0.05
1030.464218159013,68.25000000000026,Timer,timer_menten_prolif,0,0.05
1041.8447286603168,68.26000000000026,Timer,timer_menten_prolif,0,0.05
1053.4239787681192,68.27000000000027,Timer,timer_menten_prolif,0,0.05
1065.2051719256467,68.28000000000027,Timer,timer_menten_prolif,0,0.05
1077.191563574254,68.29000000000028,Timer,timer_menten_prolif,0,0.05
1089.3864619935853,68.30000000000028,Timer,timer_menten_prolif,0,0.05
1101.7932291498666,68.31000000000029,Timer,timer_menten_prolif,0,0.05
1114.4152815581626,68.32000000000029,Timer,timer_menten_prolif,0,0.05
1127.256091161842,68.3300000000003,Timer,timer_menten_prolif,0,0.05
1140.319186223042,68.3400000000003,Timer,timer_menten_prolif,0,0.05
1153.6081522279092,68.3500000000003,Timer,timer_menten_prolif,0,0.05
1167.126632806459,68.36000000000031,Timer,timer_menten_prolif,0,0.05
1180.8783306669561,68.37000000000032,Timer,timer_menten_prolif,0,0.05
1194.867008545334,68.38000000000032,Timer,timer_menten_prolif,0,0.05
1209.0964901689658,68.39000000000033,Timer,timer_menten_prolif,0,0.05
1223.570661236367,68.40000000000033,Timer,timer_menten_prolif,0,0.05
1238.2934704125673,68.41000000000034,Timer,timer_menten_prolif,0,0.05
1253.2689303393531,68.42000000000034,Timer,timer_menten_prolif,0,0.05
1268.5011186622517,68.43000000000035,Timer,timer_menten_prolif,0,0.05
1283.9941790739426,68.44000000000035,Timer,timer_menten_prolif,0,0.05
1299.7523223732483,68.45000000000036,Timer,timer_menten_prolif,0,0.05
1315.7798275416158,68.46000000000036,Timer,timer_menten_prolif,0,0.05
1332.081042836884,68.47000000000037,Timer,timer_menten_prolif,0,0.05
1348.6603869031271,68.48000000000037,Timer,timer_menten_prolif,0,0.05
1365.5223498988469,68.49000000000038,Timer,timer_menten_prolif,0,0.05
1382.671494643825,68.50000000000038,Timer,timer_menten_prolif,0,0.05
1400.1124577823402,68.51000000000039,Timer,timer_menten_prolif,0,0.05
1417.8499509653675,68.5200000000004,Timer,timer_menten_prolif,0,0.05
1435.8887620522478,68.5300000000004,Timer,timer_menten_prolif,0,0.05
1454.2337563305664,68.5400000000004,Timer,timer_menten_prolif,0,0.05
1472.8898777547022,68.55000000000041,Timer,timer_menten_prolif,0,0.05
1491.8621502048118,68.56000000000041,Timer,timer_menten_prolif,0,0.05
1511.1556787661257,68.57000000000042,Timer,timer_menten_prolif,0,0.05
1530.7756510263935,68.58000000000042,Timer,timer_menten_prolif,0,0.05
1550.7273383950971,68.59000000000043,Timer,timer_menten_prolif,0,0.05
1571.0160974441637,68.60000000000043,Timer,timer_menten_prolif,0,0.05
1591.6473712679203,68.61000000000044,Timer,timer_menten_prolif,0,0.05
1612.6266908650614,68.62000000000045,Timer,timer_menten_prolif,0,0.05
1633.959676543273,68.63000000000045,Timer,timer_menten_prolif,0,0.05
1655.6520393450496,68.64000000000046,Timer,timer_menten_prolif,0,0.05
1677.7095824952066,68.65000000000046,Timer,timer_menten_prolif,0,0.05
1700.1382028721837,68.66000000000047,Timer,timer_menten_prolif,0,0.05
1722.9438925029272,68.67000000000047,Timer,timer_menten_prolif,0,0.05
1746.1327400789628,68.68000000000048,Timer,timer_menten_prolif,0,0.05
1769.7109324978378,68.69000000000048,Timer,timer_menten_prolif,0,0.05
1793.684756428845,68.70000000000049,Timer,timer_menten_prolif,0,0.05
1818.060599902884,68.71000000000049,Timer,timer_menten_prolif,0,0.05
1842.8449539256476,68.7200000000005,Timer,timer_menten_prolif,0,0.05
1868.0444141191047,68.7300000000005,Timer,timer_menten_prolif,0,0.05
1893.6656823863343,68.7400000000005,Timer,timer_menten_prolif,0,0.05
1919.7155686012024,68.75000000000051,Timer,timer_menten_prolif,0,0.05
1946.2009923258302,68.76000000000052,Timer,timer_menten_prolif,0,0.05
1973.12898456262,68.77000000000052,Timer,timer_menten_prolif,0,0.05
2000.5066895180257,68.78000000000053,Timer,timer_menten_prolif,0,0.05
2028.3413663965114,68.79000000000053,Timer,timer_menten_prolif,0,0.05
2056.640391229632,68.80000000000054,Timer,timer_menten_prolif,0,0.05
2085.4112587614554,68.81000000000054,Timer,timer_menten_prolif,0,0.05
2114.661584294321,68.82000000000055,Timer,timer_menten_prolif,0,0.05
2144.3991056005175,68.83000000000055,Timer,timer_menten_prolif,0,0.05
2174.6316848809547,68.84000000000056,Timer,timer_menten_prolif,0,0.05
2205.3673107795394,68.85000000000056,Timer,timer_menten_prolif,0,0.05
2236.6141003167895,68.86000000000057,Timer,timer_menten_prolif,0,0.05
2268.380300936367,68.87000000000057,Timer,timer_menten_prolif,0,0.05
2300.674292606704,68.88000000000058,Timer,timer_menten_prolif,0,0.05
2333.5045899313463,68.89000000000058,Timer,timer_menten_prolif,0,0.05
2366.8798442178977,68.90000000000059,Timer,timer_menten_prolif,0,0.05
2400.808845656561,68.9100000000006,Timer,timer_menten_prolif,0,0.05
2435.3005255733274,68.9200000000006,Timer,timer_menten_prolif,0,0.05
2470.3639586279423,68.9300000000006,Timer,timer_menten_prolif,0,0.05
2506.0083650460215,68.94000000000061,Timer,timer_menten_prolif,0,0.05
2542.2431129323713,68.95000000000061,Timer,timer_menten_prolif,0,0.05
2579.077720674929,68.96000000000062,Timer,timer_menten_prolif,0,0.05
2616.5218592465635,68.97000000000062,Timer,timer_menten_prolif,0,0.05
2654.585354605414,68.98000000000063,Timer,timer_menten_prolif,0,0.05
2693.2781901608805,68.99000000000063,Timer,timer_menten_prolif,0,0.05
2732.6105093255683,69.00000000000064,Timer,timer_menten_prolif,0,0.05
2772.5926179265252,69.01000000000064,Timer,timer_menten_prolif,0,0.05
2813.2349867788735,69.02000000000065,Timer,timer_menten_prolif,0,0.05
2854.548254292152,69.03000000000065,Timer,timer_menten_prolif,0,0.05
2896.5432292380005,69.04000000000066,Timer,timer_menten_prolif,0,0.05
2939.230893278448,69.05000000000067,Timer,timer_menten_prolif,0,0.05
2982.6224036915596,69.06000000000067,Timer,timer_menten_prolif,0,0.05
3026.729096139815,69.07000000000068,Timer,timer_menten_prolif,0,0.05
3071.562487592665,69.08000000000068,Timer,timer_menten_prolif,0,0.05
3117.134279065426,69.09000000000069,Timer,timer_menten_prolif,0,0.05
3163.456358478932,69.10000000000069,Timer,timer_menten_prolif,0,0.05
3210.5408036022413,69.1100000000007,Timer,timer_menten_prolif,0,0.05
3258.3998851421265,69.1200000000007,Timer,timer_menten_prolif,0,0.05
3307.046069707878,69.1300000000007,Timer,timer_menten_prolif,0,0.05
3356.492022802213,69.14000000000071,Timer,timer_menten_prolif,0,0.05
3406.750611958755,69.15000000000072,Timer,timer_menten_prolif,0,0.05
3457.834909987403,69.16000000000072,Timer,timer_menten_prolif,0,0.05
3509.758198200554,69.17000000000073,Timer,timer_menten_prolif,0,0.05
3562.5339695342027,69.18000000000073,Timer,timer_menten_prolif,0,0.05
3616.1759318944005,69.19000000000074,Timer,timer_menten_prolif,0,0.05
3670.698011565386,69.20000000000074,Timer,timer_menten_prolif,0,0.05
3726.1143567051777,69.21000000000075,Timer,timer_menten_prolif,0,0.05
3782.4393406190075,69.22000000000075,Timer,timer_menten_prolif,0,0.05
3839.6875653169427,69.23000000000076,Timer,timer_menten_prolif,0,0.05
3897.8738649755305,69.24000000000076,Timer,timer_menten_prolif,0,0.05
3957.0133103197213,69.25000000000077,Timer,timer_menten_prolif,0,0.05
4017.121210885954,69.26000000000077,Timer,timer_menten_prolif,0,0.05
4078.2131199058144,69.27000000000078,Timer,timer_menten_prolif,0,0.05
4140.304837640294,69.28000000000078,Timer,timer_menten_prolif,0,0.05
4203.412415542978,69.29000000000079,Timer,timer_menten_prolif,0,0.05
4267.552159764835,69.3000000000008,Timer,timer_menten_prolif,0,0.05
4332.740635090267,69.3100000000008,Timer,timer_menten_prolif,0,0.05
4398.994668847291,69.3200000000008,Timer,timer_menten_prolif,0,0.05
4466.331355461745,69.33000000000081,Timer,timer_menten_prolif,0,0.05
4534.768061890675,69.34000000000081,Timer,timer_menten_prolif,0,0.05
4604.322428931049,69.35000000000082,Timer,timer_menten_prolif,0,0.05
4675.012376060106,69.36000000000082,Timer,timer_menten_prolif,0,0.05
4746.856105477252,69.37000000000083,Timer,timer_menten_prolif,0,0.05
4819.872109491936,69.38000000000083,Timer,timer_menten_prolif,0,0.05
4894.079175877862,69.39000000000084,Timer,timer_menten_prolif,0,0.05
4969.496386217237,69.40000000000084,Timer,timer_menten_prolif,0,0.05
5046.143122721134,69.41000000000085,Timer,timer_menten_prolif,0,0.05
5124.039072525545,69.42000000000085,Timer,timer_menten_prolif,0,0.05
5203.204238621855,69.43000000000086,Timer,timer_menten_prolif,0,0.05
5283.658940507436,69.44000000000086,Timer,timer_menten_prolif,0,0.05
5365.4238151947175,69.45000000000087,Timer,timer_menten_prolif,0,0.05
5448.519824089559,69.46000000000087,Timer,timer_menten_prolif,0,0.05
5532.968258134351,69.47000000000088,Timer,timer_menten_prolif,0,0.05
5618.790750541708,69.48000000000089,Timer,timer_menten_prolif,0,0.05
5706.009273297643,69.49000000000089,Timer,timer_menten_prolif,0,0.05
5794.646142000565,69.5000000000009,Timer,timer_menten_prolif,0,0.05
5884.724022175327,69.5100000000009,Timer,timer_menten_prolif,0,0.05
5976.2659359573745,69.5200000000009,Timer,timer_menten_prolif,0,0.05
6069.29527489235,69.53000000000091,Timer,timer_menten_prolif,0,0.05
6163.835794055443,69.54000000000092,Timer,timer_menten_prolif,0,0.05
6259.911619993736,69.55000000000092,Timer,timer_menten_prolif,0,0.05
6357.547256611368,69.56000000000093,Timer,timer_menten_prolif,0,0.05
6456.767594284673,69.57000000000093,Timer,timer_menten_prolif,0,0.05
6557.597920319029,69.58000000000094,Timer,timer_menten_prolif,0,0.05
6660.063913310769,69.59000000000094,Timer,timer_menten_prolif,0,0.05
6764.191652957453,69.60000000000095,Timer,timer_menten_prolif,0,0.05
6870.007625769019,69.61000000000095,Timer,timer_menten_prolif,0,0.05
6977.538737741928,69.62000000000096,Timer,timer_menten_prolif,0,0.05
7086.812319251717,69.63000000000096,Timer,timer_menten_prolif,0,0.05
7197.856123328642,69.64000000000097,Timer,timer_menten_prolif,0,0.05
7310.698335501611,69.65000000000097,Timer,timer_menten_prolif,0,0.05
7425.36758111779,69.66000000000098,Timer,timer_menten_prolif,0,0.05
7541.892936261482,69.67000000000098,Timer,timer_menten_prolif,0,0.05
7660.303935664155,69.68000000000099,Timer,timer_menten_prolif,0,0.05
7780.630568105319,69.69000000000099,Timer,timer_menten_prolif,0,0.05
7902.9032886357145,69.700000000001,Timer,timer_menten_prolif,0,0.05
8027.153026544964,69.710000000001,Timer,timer_menten_prolif,0,0.05
8153.411204806505,69.72000000000101,Timer,timer_menten_prolif,0,0.05
8281.709729370814,69.73000000000101,Timer,timer_menten_prolif,0,0.05
8412.080999280388,69.74000000000102,Timer,timer_menten_prolif,0,0.05
8544.557915794147,69.75000000000102,Timer,timer_menten_prolif,0,0.05
8679.173889581303,69.76000000000103,Timer,timer_menten_prolif,0,0.05
8815.962848038635,69.77000000000103,Timer,timer_menten_prolif,0,0.05
8954.95924703807,69.78000000000104,Timer,timer_menten_prolif,0,0.05
9096.19809014606,69.79000000000104,Timer,timer_menten_prolif,0,0.05
9239.714916002391,69.80000000000105,Timer,timer_menten_prolif,0,0.05
9385.545813807408,69.81000000000105,Timer,timer_menten_prolif,0,0.05
9533.727432851842,69.82000000000106,Timer,timer_menten_prolif,0,0.05
9684.296991257728,69.83000000000106,Timer,timer_menten_prolif,0,0.05
9837.2922848835,69.84000000000107,Timer,timer_menten_prolif,0,0.05
9992.751688828343,69.85000000000107,Timer,timer_menten_prolif,0,0.05
10150.714161445161,69.86000000000108,Timer,timer_menten_prolif,0,0.05
10311.219270984311,69.87000000000108,Timer,timer_menten_prolif,0,0.05
10474.307196476999,69.88000000000109,Timer,timer_menten_prolif,0,0.05
10640.018736638223,69.8900000000011,Timer,timer_menten_prolif,0,0.05
10808.3953190677,69.9000000000011,Timer,timer_menten_prolif,0,0.05
10979.479009567087,69.9100000000011,Timer,timer_menten_prolif,0,0.05
11153.312518388067,69.92000000000111,Timer,timer_menten_prolif,0,0.05
11329.939211070883,69.93000000000112,Timer,timer_menten_prolif,0,0.05
11509.403120749717,69.94000000000112,Timer,timer_menten_prolif,0,0.05
11691.748956076011,69.95000000000113,Timer,timer_menten_prolif,0,0.05
11877.02211098251,69.96000000000113,Timer,timer_menten_prolif,0,0.05
12065.2686745598,69.97000000000114,Timer,timer_menten_prolif,0,0.05
12256.535441184713,69.98000000000114,Timer,timer_menten_prolif,0,0.05
12450.86992407616,69.99000000000115,Timer,timer_menten_prolif,0,0.05
12648.320362334121,70.00000000000115,Timer,timer_menten_prolif,0,0.05
12848.935730817368,70.01000000000116,Timer,timer_menten_prolif,0,0.05
13052.765751713829,70.02000000000116,Timer,timer_menten_prolif,0,0.05
13259.860905249727,70.03000000000117,Timer,timer_menten_prolif,0,0.05
13470.272440520781,70.04000000000117,Timer,timer_menten_prolif,0,0.05
13684.05238680588,70.05000000000118,Timer,timer_menten_prolif,0,0.05
13901.253567358899,70.06000000000118,Timer,timer_menten_prolif,0,0.05
14121.929607136657,70.07000000000119,Timer,timer_menten_prolif,0,0.05
14346.134944847037,70.08000000000119,Timer,timer_menten_prolif,0,0.05
14573.924844939153,70.0900000000012,Timer,timer_menten_prolif,0,0.05
14805.355409291877,70.1000000000012,Timer,timer_menten_prolif,0,0.05
15040.48358903207,70.11000000000121,Timer,timer_menten_prolif,0,0.05
15279.367197437008,70.12000000000121,Timer,timer_menten_prolif,0,0.05
15522.06492469134,70.13000000000122,Timer,timer_menten_prolif,0,0.05
15768.636345484112,70.14000000000122,Timer,timer_menten_prolif,0,0.05
16019.141933067305,70.15000000000123,Timer,timer_menten_prolif,0,0.05
16273.64307209252,70.16000000000123,Timer,timer_menten_prolif,0,0.05
16532.202071362022,70.17000000000124,Timer,timer_menten_prolif,0,0.05
16794.882176718656,70.18000000000124,Timer,timer_menten_prolif,0,0.05
17061.747585866862,70.19000000000125,Timer,timer_menten_prolif,0,0.05
17332.86346273268,70.20000000000125,Timer,timer_menten_prolif,0,0.05
17608.29594650843,70.21000000000126,Timer,timer_menten_prolif,0,0.05
17888.112167229363,70.22000000000126,Timer,timer_menten_prolif,0,0.05
18172.380259529044,70.23000000000127,Timer,timer_menten_prolif,0,0.05
18461.169376494225,70.24000000000127,Timer,timer_menten_prolif,0,0.05
18754.549703665936,70.25000000000128,Timer,timer_menten_prolif,0,0.05
19052.59247397707,70.26000000000128,Timer,timer_menten_prolif,0,0.05
19355.369986527807,70.27000000000129,Timer,timer_menten_prolif,0,0.05
19662.955614552255,70.2800000000013,Timer,timer_menten_prolif,0,0.05
19975.423821717748,70.2900000000013,Timer,timer_menten_prolif,0,0.05
20292.85017765286,70.3000000000013,Timer,timer_menten_prolif,0,0.05
20615.311372997814,70.31000000000131,Timer,timer_menten_prolif,0,0.05
20942.88523461076,70.32000000000131,Timer,timer_menten_prolif,0,0.05
21275.650740991987,70.33000000000132,Timer,timer_menten_prolif,0,0.05
21613.68804147098,70.34000000000133,Timer,timer_menten_prolif,0,0.05
21957.078469067048,70.35000000000133,Timer,timer_menten_prolif,0,0.05
22305.904554884924,70.36000000000134,Timer,timer_menten_prolif,0,0.05
22660.25004567556,70.37000000000134,Timer,timer_menten_prolif,0,0.05
23020.19992012061,70.38000000000135,Timer,timer_menten_prolif,0,0.05
23385.840405281146,70.39000000000135,Timer,timer_menten_prolif,0,0.05
23757.258993210467,70.40000000000136,Timer,timer_menten_prolif,0,0.05
24134.544459403332,70.41000000000136,Timer,timer_menten_prolif,0,0.05
24517.78688130988,70.42000000000137,Timer,timer_menten_prolif,0,0.05
24907.077650855434,70.43000000000137,Timer,timer_menten_prolif,0,0.05
25302.509493894948,70.44000000000138,Timer,timer_menten_prolif,0,0.05
25704.176487846304,70.45000000000138,Timer,timer_menten_prolif,0,0.05
26112.174079422428,70.46000000000139,Timer,timer_menten_prolif,0,0.05
26526.59910253506,70.47000000000139,Timer,timer_menten_prolif,0,0.05
26947.549796783227,70.4800000000014,Timer,timer_menten_prolif,0,0.05
27375.125828507018,70.4900000000014,Timer,timer_menten_prolif,0,0.05
27809.428305351244,70.5000000000014,Timer,timer_menten_prolif,0,0.05
28250.559795745357,70.51000000000141,Timer,timer_menten_prolif,0,0.05
28698.624348205434,70.52000000000142,Timer,timer_menten_prolif,0,0.05
29153.72751037242,70.53000000000142,Timer,timer_menten_prolif,0,0.05
29615.976348227974,70.54000000000143,Timer,timer_menten_prolif,0,0.05
30085.47946550422,70.55000000000143,Timer,timer_menten_prolif,0,0.05
30562.347024849914,70.56000000000144,Timer,timer_menten_prolif,0,0.05
31046.690766505297,70.57000000000144,Timer,timer_menten_prolif,0,0.05
31538.624027402835,70.58000000000145,Timer,timer_menten_prolif,0,0.05
32038.261762033773,70.59000000000145,Timer,timer_menten_prolif,0,0.05
32545.72056279362,70.60000000000146,Timer,timer_menten_prolif,0,0.05
33061.118680508844,70.61000000000146,Timer,timer_menten_prolif,0,0.05
33584.57604514487,70.62000000000147,Timer,timer_menten_prolif,0,0.05
34116.2142868642,70.63000000000147,Timer,timer_menten_prolif,0,0.05
34656.156757384895,70.64000000000148,Timer,timer_menten_prolif,0,0.05
35204.52855055086,70.65000000000148,Timer,timer_menten_prolif,0,0.05
35761.45652411773,70.66000000000149,Timer,timer_menten_prolif,0,0.05
36327.06932136156,70.6700000000015,Timer,timer_menten_prolif,0,0.05
36901.497392891535,70.6800000000015,Timer,timer_menten_prolif,0,0.05
37484.87301864442,70.6900000000015,Timer,timer_menten_prolif,0,0.05
38077.33032987432,70.70000000000151,Timer,timer_menten_prolif,0,0.05
38679.00533001834,70.71000000000151,Timer,timer_menten_prolif,0,0.05
39290.03591924622,70.72000000000152,Timer,timer_menten_prolif,0,0.05
39910.56191676705,70.73000000000152,Timer,timer_menten_prolif,0,0.05
40540.72508340578,70.74000000000153,Timer,timer_menten_prolif,0,0.05
41180.66914462601,70.75000000000153,Timer,timer_menten_prolif,0,0.05
41830.53981372973,70.76000000000154,Timer,timer_menten_prolif,0,0.05
42490.48481523349,70.77000000000155,Timer,timer_menten_prolif,0,0.05
43160.653908421344,70.78000000000155,Timer,timer_menten_prolif,0,0.05
43841.19890896829,70.79000000000156,Timer,timer_menten_prolif,0,0.05
44532.27371077072,70.80000000000156,Timer,timer_menten_prolif,0,0.05
45234.034316088815,70.81000000000157,Timer,timer_menten_prolif,0,0.05
45946.638856872174,70.82000000000157,Timer,timer_menten_prolif,0,0.05
46670.247618895824,70.83000000000158,Timer,timer_menten_prolif,0,0.05
47405.02306616421,70.84000000000158,Timer,timer_menten_prolif,0,0.05
48151.129865473005,70.85000000000159,Timer,timer_menten_prolif,0,0.05
48908.73491112757,70.86000000000159,Timer,timer_menten_prolif,0,0.05
49678.00734970146,70.8700000000016,Timer,timer_menten_prolif,0,0.05
50459.1185991072,70.8800000000016,Timer,timer_menten_prolif,0,0.05
51252.24237872834,70.8900000000016,Timer,timer_menten_prolif,0,0.05
52057.554736766564,70.90000000000161,Timer,timer_menten_prolif,0,0.05
52875.23407316714,70.91000000000162,Timer,timer_menten_prolif,0,0.05
53705.46116499463,70.92000000000162,Timer,timer_menten_prolif,0,0.05
54548.419191935434,70.93000000000163,Timer,timer_menten_prolif,0,0.05
55404.2937619254,70.94000000000163,Timer,timer_menten_prolif,0,0.05
56273.272936900714,70.95000000000164,Timer,timer_menten_prolif,0,0.05
57155.54725708101,70.96000000000164,Timer,timer_menten_prolif,0,0.05
58051.30975951973,70.97000000000165,Timer,timer_menten_prolif,0,0.05
58960.756015851875,70.98000000000165,Timer,timer_menten_prolif,0,0.05
59884.08415494257,70.99000000000166,Timer,timer_menten_prolif,0,0.05
60821.49488792417,71.00000000000166,Timer,timer_menten_prolif,0,0.05
61773.1915342968,71.01000000000167,Timer,timer_menten_prolif,0,0.05
62739.38004810797,71.02000000000167,Timer,timer_menten_prolif,0,0.05
63720.26904420859,71.03000000000168,Timer,timer_menten_prolif,0,0.05
64716.06982458194,71.04000000000168,Timer,timer_menten_prolif,0,0.05
65726.99639891379,71.05000000000169,Timer,timer_menten_prolif,0,0.05
66753.26550970908,71.0600000000017,Timer,timer_menten_prolif,0,0.05
67795.0966695984,71.0700000000017,Timer,timer_menten_prolif,0,0.05
68852.71218187697,71.0800000000017,Timer,timer_menten_prolif,0,0.05
69926.33716669763,71.09000000000171,Timer,timer_menten_prolif,0,0.05
71016.19958733364,71.10000000000171,Timer,timer_menten_prolif,0,0.05
72122.53027645459,71.11000000000172,Timer,timer_menten_prolif,0,0.05
73245.56296241088,71.12000000000172,Timer,timer_menten_prolif,0,0.05
74385.53429493781,71.13000000000173,Timer,timer_menten_prolif,0,0.05
75542.68385950476,71.14000000000173,Timer,timer_menten_prolif,0,0.05
76717.25421620428,71.15000000000174,Timer,timer_menten_prolif,0,0.05
77909.49092657461,71.16000000000174,Timer,timer_menten_prolif,0,0.05
79119.64257601649,71.17000000000175,Timer,timer_menten_prolif,0,0.05
80347.96079952785,71.18000000000175,Timer,timer_menten_prolif,0,0.05
81594.70030736948,71.19000000000176,Timer,timer_menten_prolif,0,0.05
82860.1189106552,71.20000000000176,Timer,timer_menten_prolif,0,0.05
84144.47754685995,71.21000000000177,Timer,timer_menten_prolif,0,0.05
85448.0403011202,71.22000000000178,Timer,timer_menten_prolif,0,0.05
86771.07442035545,71.23000000000178,Timer,timer_menten_prolif,0,0.05
88113.8503593644,71.24000000000179,Timer,timer_menten_prolif,0,0.05
89476.64179792244,71.25000000000179,Timer,timer_menten_prolif,0,0.05
90859.72566415122,71.2600000000018,Timer,timer_menten_prolif,0,0.05
92263.38215876972,71.2700000000018,Timer,timer_menten_prolif,0,0.05
93687.89477916228,71.2800000000018,Timer,timer_menten_prolif,0,0.05
95133.55034325545,71.29000000000181,Timer,timer_menten_prolif,0,0.05
96600.63900530688,71.30000000000182,Timer,timer_menten_prolif,0,0.05
98089.45430268104,71.31000000000182,Timer,timer_menten_prolif,0,0.05
99600.29311982464,71.32000000000183,Timer,timer_menten_prolif,0,0.05
101133.45577609539,71.33000000000183,Timer,timer_menten_prolif,0,0.05
102689.24602264151,71.34000000000184,Timer,timer_menten_prolif,0,0.05
104267.9710644567,71.35000000000184,Timer,timer_menten_prolif,0,0.05
105869.94158205582,71.36000000000185,Timer,timer_menten_prolif,0,0.05
107495.47175277103,71.37000000000185,Timer,timer_menten_prolif,0,0.05
109144.87927166812,71.38000000000186,Timer,timer_menten_prolif,0,0.05
110818.4853704019,71.39000000000186,Timer,timer_menten_prolif,0,0.05
112516.61481911156,71.40000000000187,Timer,timer_menten_prolif,0,0.05
114239.59596775175,71.41000000000187,Timer,timer_menten_prolif,0,0.05
115987.76076281106,71.42000000000188,Timer,timer_menten_prolif,0,0.05
117761.44476200402,71.43000000000188,Timer,timer_menten_prolif,0,0.05
119560.98715216732,71.44000000000189,Timer,timer_menten_prolif,0,0.05
121386.73076673251,71.45000000000189,Timer,timer_menten_prolif,0,0.05
123239.02210138044,71.4600000000019,Timer,timer_menten_prolif,0,0.05
125118.21131228573,71.4700000000019,Timer,timer_menten_prolif,0,0.05
127024.65225291057,71.48000000000191,Timer,timer_menten_prolif,0,0.05
128958.70248829757,71.49000000000191,Timer,timer_menten_prolif,0,0.05
130920.72330569528,71.50000000000192,Timer,timer_menten_prolif,0,0.05
132911.07972874522,71.51000000000192,Timer,timer_menten_prolif,0,0.05
134930.1405312008,71.52000000000193,Timer,timer_menten_prolif,0,0.05
136978.27824713834,71.53000000000193,Timer,timer_menten_prolif,0,0.05
139055.86913445493,71.54000000000194,Timer,timer_menten_prolif,0,0.05
141163.2932393847,71.55000000000194,Timer,timer_menten_prolif,0,0.05
143300.93440780375,71.56000000000195,Timer,timer_menten_prolif,0,0.05
145469.1802828047,71.57000000000195,Timer,timer_menten_prolif,0,0.05
147668.42231360698,71.58000000000196,Timer,timer_menten_prolif,0,0.05
149899.05576388096,71.59000000000196,Timer,timer_menten_prolif,0,0.05
152161.47971612445,71.60000000000197,Timer,timer_menten_prolif,0,0.05
154456.09701057698,71.61000000000197,Timer,timer_menten_prolif,0,0.05
156783.3143197477,71.62000000000198,Timer,timer_menten_prolif,0,0.05
159143.54215873667,71.63000000000198,Timer,timer_menten_prolif,0,0.05
161537.19486977073,71.64000000000199,Timer,timer_menten_prolif,0,0.05
163964.69062421442,71.650000000002,Timer,timer_menten_prolif,0,0.05
166426.4514238286,71.660000000002,Timer,timer_menten_prolif,0,0.05
168922.90309820228,71.670000000002,Timer,timer_menten_prolif,0,0.05
171454.4752244483,71.68000000000201,Timer,timer_menten_prolif,0,0.05
174021.60120063697,71.69000000000202,Timer,timer_menten_prolif,0,0.05
176624.7182556151,71.70000000000202,Timer,timer_menten_prolif,0,0.05
179264.26741973736,71.71000000000203,Timer,timer_menten_prolif,0,0.05
181940.6935182868,71.72000000000203,Timer,timer_menten_prolif,0,0.05
184654.4451639466,71.73000000000204,Timer,timer_menten_prolif,0,0.05
187405.97474576882,71.74000000000204,Timer,timer_menten_prolif,0,0.05
190195.7383316892,71.75000000000205,Timer,timer_menten_prolif,0,0.05
193024.19573380094,71.76000000000205,Timer,timer_menten_prolif,0,0.05
195891.81051755516,71.77000000000206,Timer,timer_menten_prolif,0,0.05
198799.0499571865,71.78000000000206,Timer,timer_menten_prolif,0,0.05
201746.38501875766,71.79000000000207,Timer,timer_menten_prolif,0,0.05
204734.29034203227,71.80000000000207,Timer,timer_menten_prolif,0,0.05
207763.2442192094,71.81000000000208,Timer,timer_menten_prolif,0,0.05
210833.72848034263,71.82000000000208,Timer,timer_menten_prolif,0,0.05
213946.2285453683,71.83000000000209,Timer,timer_menten_prolif,0,0.05
217101.2334324747,71.84000000000209,Timer,timer_menten_prolif,0,0.05
220299.2356961271,71.8500000000021,Timer,timer_menten_prolif,0,0.05
223540.73139782448,71.8600000000021,Timer,timer_menten_prolif,0,0.05
226826.22007544048,71.87000000000211,Timer,timer_menten_prolif,0,0.05
230156.20470976215,71.88000000000211,Timer,timer_menten_prolif,0,0.05
233531.19159257633,71.89000000000212,Timer,timer_menten_prolif,0,0.05
236951.69036056887,71.90000000000212,Timer,timer_menten_prolif,0,0.05
240418.21400246053,71.91000000000213,Timer,timer_menten_prolif,0,0.05
243931.2787773778,71.92000000000213,Timer,timer_menten_prolif,0,0.05
247491.40417129145,71.93000000000214,Timer,timer_menten_prolif,0,0.05
251099.11285177627,71.94000000000214,Timer,timer_menten_prolif,0,0.05
254754.93062023612,71.95000000000215,Timer,timer_menten_prolif,0,0.05
258459.386263248,71.96000000000215,Timer,timer_menten_prolif,0,0.05
262213.01156289235,71.97000000000216,Timer,timer_menten_prolif,0,0.05
266016.3413014967,71.98000000000216,Timer,timer_menten_prolif,0,0.05
269869.91315848345,71.99000000000217,Timer,timer_menten_prolif,0,0.05
273774.2676503982,72.00000000000217,Timer,timer_menten_prolif,0,0.05
277729.9480689791,72.01000000000218,Timer,timer_menten_prolif,0,0.05
281737.5004168468,72.02000000000218,Timer,timer_menten_prolif,0,0.05
285797.4732431886,72.03000000000219,Timer,timer_menten_prolif,0,0.05
289910.4176251912,72.0400000000022,Timer,timer_menten_prolif,0,0.05
294076.88716826576,72.0500000000022,Timer,timer_menten_prolif,0,0.05
298297.4378799678,72.0600000000022,Timer,timer_menten_prolif,0,0.05
302572.628091522,72.07000000000221,Timer,timer_menten_prolif,0,0.05
306903.0183771001,72.08000000000222,Timer,timer_menten_prolif,0,0.05
311289.1714706963,72.09000000000222,Timer,timer_menten_prolif,0,0.05
315731.65207132703,72.10000000000223,Timer,timer_menten_prolif,0,0.05
320231.02680696774,72.11000000000223,Timer,timer_menten_prolif,0,0.05
324787.8642415167,72.12000000000224,Timer,timer_menten_prolif,0,0.05
329402.73471360386,72.13000000000224,Timer,timer_menten_prolif,0,0.05
334076.2102384659,72.14000000000225,Timer,timer_menten_prolif,0,0.05
338808.8644073626,72.15000000000225,Timer,timer_menten_prolif,0,0.05
343601.2722845336,72.16000000000226,Timer,timer_menten_prolif,0,0.05
348454.0103004219,72.17000000000226,Timer,timer_menten_prolif,0,0.05
353367.655952171,72.18000000000227,Timer,timer_menten_prolif,0,0.05
358342.7878174226,72.19000000000227,Timer,timer_menten_prolif,0,0.05
363379.9855610393,72.20000000000228,Timer,timer_menten_prolif,0,0.05
368479.82971866056,72.21000000000228,Timer,timer_menten_prolif,0,0.05
373642.9015725674,72.22000000000229,Timer,timer_menten_prolif,0,0.05
378869.7830247455,72.23000000000229,Timer,timer_menten_prolif,0,0.05
384161.05646714603,72.2400000000023,Timer,timer_menten_prolif,0,0.05
389517.304646682,72.2500000000023,Timer,timer_menten_prolif,0,0.05
394939.11036760674,72.26000000000231,Timer,timer_menten_prolif,0,0.05
400427.05648243276,72.27000000000231,Timer,timer_menten_prolif,0,0.05
405981.7258190798,72.28000000000232,Timer,timer_menten_prolif,0,0.05
411603.7009645746,72.29000000000232,Timer,timer_menten_prolif,0,0.05
417293.56411344325,72.30000000000233,Timer,timer_menten_prolif,0,0.05
423051.89691302733,72.31000000000233,Timer,timer_menten_prolif,0,0.05
428879.280305727,72.32000000000234,Timer,timer_menten_prolif,0,0.05
434776.29436433,72.33000000000234,Timer,timer_menten_prolif,0,0.05
440743.5179853408,72.34000000000235,Timer,timer_menten_prolif,0,0.05
446781.52885341446,72.35000000000235,Timer,timer_menten_prolif,0,0.05
452890.90330716304,72.36000000000236,Timer,timer_menten_prolif,0,0.05
459072.21611139784,72.37000000000236,Timer,timer_menten_prolif,0,0.05
465326.0402766606,72.38000000000237,Timer,timer_menten_prolif,0,0.05
471652.9468754503,72.39000000000237,Timer,timer_menten_prolif,0,0.05
478053.50485514733,72.40000000000238,Timer,timer_menten_prolif,0,0.05
484528.2808436976,72.41000000000238,Timer,timer_menten_prolif,0,0.05
491077.8388620197,72.42000000000239,Timer,timer_menten_prolif,0,0.05
497702.7402238914,72.4300000000024,Timer,timer_menten_prolif,0,0.05
504403.54334582656,72.4400000000024,Timer,timer_menten_prolif,0,0.05
511180.8035124806,72.4500000000024,Timer,timer_menten_prolif,0,0.05
518035.0726670225,72.46000000000241,Timer,timer_menten_prolif,0,0.05
524966.8991980582,72.47000000000241,Timer,timer_menten_prolif,0,0.05
531976.8277231023,72.48000000000242,Timer,timer_menten_prolif,0,0.05
539065.3988675405,72.49000000000242,Timer,timer_menten_prolif,0,0.05
546233.1490236749,72.50000000000243,Timer,timer_menten_prolif,0,0.05
553480.6101437252,72.51000000000244,Timer,timer_menten_prolif,0,0.05
560808.3095091991,72.52000000000244,Timer,timer_menten_prolif,0,0.05
568216.7694920974,72.53000000000245,Timer,timer_menten_prolif,0,0.05
575706.5073171835,72.54000000000245,Timer,timer_menten_prolif,0,0.05
583278.0348207749,72.55000000000246,Timer,timer_menten_prolif,0,0.05
590931.8582060602,72.56000000000246,Timer,timer_menten_prolif,0,0.05
598668.4778015843,72.57000000000247,Timer,timer_menten_prolif,0,0.05
606488.3878887186,72.58000000000247,Timer,timer_menten_prolif,0,0.05
614392.076349081,72.59000000000248,Timer,timer_menten_prolif,0,0.05
622380.0244161051,72.60000000000248,Timer,timer_menten_prolif,0,0.05
630452.7064327728,72.61000000000249,Timer,timer_menten_prolif,0,0.05
638610.5895883357,72.62000000000249,Timer,timer_menten_prolif,0,0.05
646854.1336516793,72.6300000000025,Timer,timer_menten_prolif,0,0.05
655183.7907013324,72.6400000000025,Timer,timer_menten_prolif,0,0.05
663600.004877459,72.6500000000025,Timer,timer_menten_prolif,0,0.05
672103.2123252419,72.66000000000251,Timer,timer_menten_prolif,0,0.05
680693.8406086061,72.67000000000252,Timer,timer_menten_prolif,0,0.05
689372.308482731,72.68000000000252,Timer,timer_menten_prolif,0,0.05
698139.0256557937,72.69000000000253,Timer,timer_menten_prolif,0,0.05
706994.3925038564,72.70000000000253,Timer,timer_menten_prolif,0,0.05
715938.7997826464,72.71000000000254,Timer,timer_menten_prolif,0,0.05
724972.6283362263,72.72000000000254,Timer,timer_menten_prolif,0,0.05
734096.2488025569,72.73000000000255,Timer,timer_menten_prolif,0,0.05
743310.0213925121,72.74000000000255,Timer,timer_menten_prolif,0,0.05
752614.2959798814,72.75000000000256,Timer,timer_menten_prolif,0,0.05
762009.4115498188,72.76000000000256,Timer,timer_menten_prolif,0,0.05
771495.6951544366,72.77000000000257,Timer,timer_menten_prolif,0,0.05
781073.4622908791,72.78000000000257,Timer,timer_menten_prolif,0,0.05
790743.0169728347,72.79000000000258,Timer,timer_menten_prolif,0,0.05
800504.6508483759,72.80000000000258,Timer,timer_menten_prolif,0,0.05
810358.643054978,72.81000000000259,Timer,timer_menten_prolif,0,0.05
820305.2599915289,72.8200000000026,Timer,timer_menten_prolif,0,0.05
830344.7550019429,72.8300000000026,Timer,timer_menten_prolif,0,0.05
840477.3680787742,72.8400000000026,Timer,timer_menten_prolif,0,0.05
850703.3255693694,72.85000000000261,Timer,timer_menten_prolif,0,0.05
861022.8399231146,72.86000000000261,Timer,timer_menten_prolif,0,0.05
871436.1091381065,72.87000000000262,Timer,timer_menten_prolif,0,0.05
881943.3169589923,72.88000000000262,Timer,timer_menten_prolif,0,0.05
892544.632219302,72.89000000000263,Timer,timer_menten_prolif,0,0.05
903240.2082107401,72.90000000000263,Timer,timer_menten_prolif,0,0.05
914030.1837336817,72.91000000000264,Timer,timer_menten_prolif,0,0.05
924914.6814609792,72.92000000000264,Timer,timer_menten_prolif,0,0.05
935893.8080636936,72.93000000000265,Timer,timer_menten_prolif,0,0.05
946967.6535330154,72.94000000000266,Timer,timer_menten_prolif,0,0.05
958136.2905760629,72.95000000000266,Timer,timer_menten_prolif,0,0.05
969399.7788781922,72.96000000000267,Timer,timer_menten_prolif,0,0.05
980758.1592865123,72.97000000000267,Timer,timer_menten_prolif,0,0.05
992211.4546832428,72.98000000000268,Timer,timer_menten_prolif,0,0.05
1003759.6685287848,72.99000000000268,Timer,timer_menten_prolif,0,0.05
1015402.7850956304,73.00000000000269,Timer,timer_menten_prolif,0,0.05
1027140.7740285345,73.01000000000269,Timer,timer_menten_prolif,0,0.05
1038973.5870762299,73.0200000000027,Timer,timer_menten_prolif,0,0.05
1050901.1558285467,73.0300000000027,Timer,timer_menten_prolif,0,0.05
1062923.3921988106,73.0400000000027,Timer,timer_menten_prolif,0,0.05
1075040.1902690611,73.05000000000271,Timer,timer_menten_prolif,0,0.05
1087251.4236631847,73.06000000000272,Timer,timer_menten_prolif,0,0.05
1099556.9424248096,73.07000000000272,Timer,timer_menten_prolif,0,0.05
1111956.5881066327,73.08000000000273,Timer,timer_menten_prolif,0,0.05
1124450.1770649222,73.09000000000273,Timer,timer_menten_prolif,0,0.05
1137037.4910198727,73.10000000000274,Timer,timer_menten_prolif,0,0.05
1149718.3095987951,73.11000000000274,Timer,timer_menten_prolif,0,0.05
1162492.3832107945,73.12000000000275,Timer,timer_menten_prolif,0,0.05
1175359.4449996315,73.13000000000275,Timer,timer_menten_prolif,0,0.05
1188319.2047065073,73.14000000000276,Timer,timer_menten_prolif,0,0.05
1201371.3509054135,73.15000000000276,Timer,timer_menten_prolif,0,0.05
1214515.5502608616,73.16000000000277,Timer,timer_menten_prolif,0,0.05
1227751.4444749828,73.17000000000277,Timer,timer_menten_prolif,0,0.05
1241078.6571054035,73.18000000000278,Timer,timer_menten_prolif,0,0.05
1254496.7882594296,73.19000000000278,Timer,timer_menten_prolif,0,0.05
1268005.4156907508,73.20000000000279,Timer,timer_menten_prolif,0,0.05
1281604.0944850515,73.2100000000028,Timer,timer_menten_prolif,0,0.05
1295292.35295513,73.2200000000028,Timer,timer_menten_prolif,0,0.05
1309069.7003094465,73.2300000000028,Timer,timer_menten_prolif,0,0.05
1322935.6504604751,73.24000000000281,Timer,timer_menten_prolif,0,0.05
1336889.632162691,73.25000000000281,Timer,timer_menten_prolif,0,0.05
1350931.0906218516,73.26000000000282,Timer,timer_menten_prolif,0,0.05
1365059.4491638541,73.27000000000282,Timer,timer_menten_prolif,0,0.05
1379274.1007737122,73.28000000000283,Timer,timer_menten_prolif,0,0.05
1393574.4155462317,73.29000000000283,Timer,timer_menten_prolif,0,0.05
1407959.7408215455,73.30000000000284,Timer,timer_menten_prolif,0,0.05
1422429.398263825,73.31000000000284,Timer,timer_menten_prolif,0,0.05
1436982.6857532784,73.32000000000285,Timer,timer_menten_prolif,0,0.05
1451618.8786884781,73.33000000000285,Timer,timer_menten_prolif,0,0.05
1466337.2286857585,73.34000000000286,Timer,timer_menten_prolif,0,0.05
1481136.9562643184,73.35000000000286,Timer,timer_menten_prolif,0,0.05
1496017.2642846196,73.36000000000287,Timer,timer_menten_prolif,0,0.05
1510977.3349291668,73.37000000000288,Timer,timer_menten_prolif,0,0.05
1526016.3223703452,73.38000000000288,Timer,timer_menten_prolif,0,0.05
1541133.35720931,73.39000000000289,Timer,timer_menten_prolif,0,0.05
1556327.5460751494,73.40000000000289,Timer,timer_menten_prolif,0,0.05
1571597.9598402,73.4100000000029,Timer,timer_menten_prolif,0,0.05
1586943.7003585827,73.4200000000029,Timer,timer_menten_prolif,0,0.05
1602363.7655245455,73.4300000000029,Timer,timer_menten_prolif,0,0.05
1617857.155740155,73.44000000000291,Timer,timer_menten_prolif,0,0.05
1633422.8776104315,73.45000000000292,Timer,timer_menten_prolif,0,0.05
1649059.8923834912,73.46000000000292,Timer,timer_menten_prolif,0,0.05
1664767.1446398422,73.47000000000293,Timer,timer_menten_prolif,0,0.05
1680543.5401304164,73.48000000000293,Timer,timer_menten_prolif,0,0.05
1696387.9912182596,73.49000000000294,Timer,timer_menten_prolif,0,0.05
1712299.3660233463,73.50000000000294,Timer,timer_menten_prolif,0,0.05
1728276.4894323843,73.51000000000295,Timer,timer_menten_prolif,0,0.05
1744318.1996406796,73.52000000000295,Timer,timer_menten_prolif,0,0.05
1760423.2973783072,73.53000000000296,Timer,timer_menten_prolif,0,0.05
1776590.5601275158,73.54000000000296,Timer,timer_menten_prolif,0,0.05
1792818.7592059206,73.55000000000297,Timer,timer_menten_prolif,0,0.05
1809106.6131582765,73.56000000000297,Timer,timer_menten_prolif,0,0.05
1825452.8372612498,73.57000000000298,Timer,timer_menten_prolif,0,0.05
1841856.1255188659,73.58000000000298,Timer,timer_menten_prolif,0,0.05
1858315.1583845015,73.59000000000299,Timer,timer_menten_prolif,0,0.05
1874828.5672984142,73.60000000000299,Timer,timer_menten_prolif,0,0.05
1891394.9437411611,73.610000000003,Timer,timer_menten_prolif,0,0.05
1908013.019321219,73.620000000003,Timer,timer_menten_prolif,0,0.05
1924681.2613300905,73.63000000000301,Timer,timer_menten_prolif,0,0.05
1941398.2756430046,73.64000000000301,Timer,timer_menten_prolif,0,0.05
1958162.6071771104,73.65000000000302,Timer,timer_menten_prolif,0,0.05
1974972.7751962226,73.66000000000302,Timer,timer_menten_prolif,0,0.05
1991827.3241030541,73.67000000000303,Timer,timer_menten_prolif,0,0.05
2008724.6993085588,73.68000000000303,Timer,timer_menten_prolif,0,0.05
2025663.2536634048,73.69000000000304,Timer,timer_menten_prolif,0,0.05
2042641.846029885,73.70000000000304,Timer,timer_menten_prolif,0,0.05
2059658.5051746177,73.71000000000305,Timer,timer_menten_prolif,0,0.05
2076711.7951630142,73.72000000000305,Timer,timer_menten_prolif,0,0.05
2093800.099853647,73.73000000000306,Timer,timer_menten_prolif,0,0.05
2110921.8151206076,73.74000000000306,Timer,timer_menten_prolif,0,0.05
2128075.3268587566,73.75000000000307,Timer,timer_menten_prolif,0,0.05
2145258.9543751553,73.76000000000307,Timer,timer_menten_prolif,0,0.05
2162471.042957152,73.77000000000308,Timer,timer_menten_prolif,0,0.05
2179709.9611039646,73.78000000000308,Timer,timer_menten_prolif,0,0.05
2196973.9534629015,73.79000000000309,Timer,timer_menten_prolif,0,0.05
2214261.3429797078,73.8000000000031,Timer,timer_menten_prolif,0,0.05
2231570.409390404,73.8100000000031,Timer,timer_menten_prolif,0,0.05
2248899.4317609416,73.8200000000031,Timer,timer_menten_prolif,0,0.05
2266246.6605917094,73.83000000000311,Timer,timer_menten_prolif,0,0.05
2283610.3359606694,73.84000000000312,Timer,timer_menten_prolif,0,0.05
2300988.6910295286,73.85000000000312,Timer,timer_menten_prolif,0,0.05
2318379.952864852,73.86000000000313,Timer,timer_menten_prolif,0,0.05
2335782.3334626737,73.87000000000313,Timer,timer_menten_prolif,0,0.05
2353194.034492798,73.88000000000314,Timer,timer_menten_prolif,0,0.05
2370613.254272148,73.89000000000314,Timer,timer_menten_prolif,0,0.05
2388038.1762307216,73.90000000000315,Timer,timer_menten_prolif,0,0.05
2405466.973893496,73.91000000000315,Timer,timer_menten_prolif,0,0.05
2422897.821702402,73.92000000000316,Timer,timer_menten_prolif,0,0.05
2440328.8861436313,73.93000000000316,Timer,timer_menten_prolif,0,0.05
2457758.327294929,73.94000000000317,Timer,timer_menten_prolif,0,0.05
2475184.286459227,73.95000000000317,Timer,timer_menten_prolif,0,0.05
2492604.9017109005,73.96000000000318,Timer,timer_menten_prolif,0,0.05
2510018.3203315344,73.97000000000318,Timer,timer_menten_prolif,0,0.05
2527422.667980575,73.98000000000319,Timer,timer_menten_prolif,0,0.05
2544816.0836648634,73.99000000000319,Timer,timer_menten_prolif,0,0.05
2562196.691875086,74.0000000000032,Timer,timer_menten_prolif,0,0.05
2579562.6219530148,74.0100000000032,Timer,timer_menten_prolif,0,0.05
2596911.998277113,74.02000000000321,Timer,timer_menten_prolif,0,0.05
2614242.9449024145,74.03000000000321,Timer,timer_menten_prolif,0,0.05
2631553.58526496,74.04000000000322,Timer,timer_menten_prolif,0,0.05
2648842.041141717,74.05000000000322,Timer,timer_menten_prolif,0,0.05
2666106.437764357,74.06000000000323,Timer,timer_menten_prolif,0,0.05
2683344.8968048133,74.07000000000323,Timer,timer_menten_prolif,0,0.05
2700555.548008792,74.08000000000324,Timer,timer_menten_prolif,0,0.05
2717736.5164856855,74.09000000000324,Timer,timer_menten_prolif,0,0.05
2734885.932256621,74.10000000000325,Timer,timer_menten_prolif,0,0.05
2752001.93170245,74.11000000000325,Timer,timer_menten_prolif,0,0.05
2769082.6531289844,74.12000000000326,Timer,timer_menten_prolif,0,0.05
2786126.2403193135,74.13000000000326,Timer,timer_menten_prolif,0,0.05
2803130.841177444,74.14000000000327,Timer,timer_menten_prolif,0,0.05
2820094.6128112366,74.15000000000327,Timer,timer_menten_prolif,0,0.05
2837015.7165868166,74.16000000000328,Timer,timer_menten_prolif,0,0.05
2853892.31936113,74.17000000000328,Timer,timer_menten_prolif,0,0.05
2870722.5986982943,74.18000000000329,Timer,timer_menten_prolif,0,0.05
2887504.7383062486,74.1900000000033,Timer,timer_menten_prolif,0,0.05
2904236.930218281,74.2000000000033,Timer,timer_menten_prolif,0,0.05
2920917.3761683153,74.2100000000033,Timer,timer_menten_prolif,0,0.05
2937544.28789675,74.22000000000331,Timer,timer_menten_prolif,0,0.05
2954115.8871631036,74.23000000000332,Timer,timer_menten_prolif,0,0.05
2970630.406265521,74.24000000000332,Timer,timer_menten_prolif,0,0.05
2987086.0899326447,74.25000000000333,Timer,timer_menten_prolif,0,0.05
3003481.1942156465,74.26000000000333,Timer,timer_menten_prolif,0,0.05
3019813.987820821,74.27000000000334,Timer,timer_menten_prolif,0,0.05
3036082.7524976195,74.28000000000334,Timer,timer_menten_prolif,0,0.05
3052285.783176156,74.29000000000335,Timer,timer_menten_prolif,0,0.05
3068421.3896383913,74.30000000000335,Timer,timer_menten_prolif,0,0.05
3084487.896184506,74.31000000000336,Timer,timer_menten_prolif,0,0.05
3100483.6419293843,74.32000000000336,Timer,timer_menten_prolif,0,0.05
3116406.980488817,74.33000000000337,Timer,timer_menten_prolif,0,0.05
3132256.281953449,74.34000000000337,Timer,timer_menten_prolif,0,0.05
3148029.9329169653,74.35000000000338,Timer,timer_menten_prolif,0,0.05
3163726.336741658,74.36000000000338,Timer,timer_menten_prolif,0,0.05
3179343.9140593377,74.37000000000339,Timer,timer_menten_prolif,0,0.05
3194881.1033062213,74.38000000000339,Timer,timer_menten_prolif,0,0.05
3210336.3608915904,74.3900000000034,Timer,timer_menten_prolif,0,0.05
3225708.1620088182,74.4000000000034,Timer,timer_menten_prolif,0,0.05
3240995.000240043,74.41000000000341,Timer,timer_menten_prolif,0,0.05
3256195.3888585903,74.42000000000341,Timer,timer_menten_prolif,0,0.05
3271307.860857378,74.43000000000342,Timer,timer_menten_prolif,0,0.05
3286330.968886178,74.44000000000342,Timer,timer_menten_prolif,0,0.05
3301263.2865399607,74.45000000000343,Timer,timer_menten_prolif,0,0.05
3316103.409353009,74.46000000000343,Timer,timer_menten_prolif,0,0.05
3330849.9521298,74.47000000000344,Timer,timer_menten_prolif,0,0.05
3345501.549605638,74.48000000000344,Timer,timer_menten_prolif,0,0.05
3360056.8629463734,74.49000000000345,Timer,timer_menten_prolif,0,0.05
3374514.57199494,74.50000000000345,Timer,timer_menten_prolif,0,0.05
3388873.3760511978,74.51000000000346,Timer,timer_menten_prolif,0,0.05
3403132.0035770442,74.52000000000346,Timer,timer_menten_prolif,0,0.05
3417289.20280266,74.53000000000347,Timer,timer_menten_prolif,0,0.05
3431343.7411735295,74.54000000000347,Timer,timer_menten_prolif,0,0.05
3445294.416000195,74.55000000000348,Timer,timer_menten_prolif,0,0.05
3459140.046208429,74.56000000000348,Timer,timer_menten_prolif,0,0.05
3472879.470348011,74.57000000000349,Timer,timer_menten_prolif,0,0.05
3486511.556229007,74.5800000000035,Timer,timer_menten_prolif,0,0.05
3500035.195544055,74.5900000000035,Timer,timer_menten_prolif,0,0.05
3513449.299540426,74.6000000000035,Timer,timer_menten_prolif,0,0.05
3526752.808708005,74.61000000000351,Timer,timer_menten_prolif,0,0.05
3539944.687794245,74.62000000000351,Timer,timer_menten_prolif,0,0.05
3553023.9235048397,74.63000000000352,Timer,timer_menten_prolif,0,0.05
3565989.5288737584,74.64000000000352,Timer,timer_menten_prolif,0,0.05
3578840.5421459535,74.65000000000353,Timer,timer_menten_prolif,0,0.05
3591576.027504399,74.66000000000354,Timer,timer_menten_prolif,0,0.05
3604195.0751977186,74.67000000000354,Timer,timer_menten_prolif,0,0.05
3616696.8004586636,74.68000000000355,Timer,timer_menten_prolif,0,0.05
3629080.3391870135,74.69000000000355,Timer,timer_menten_prolif,0,0.05
3641344.8603806333,74.70000000000356,Timer,timer_menten_prolif,0,0.05
3653489.556969187,74.71000000000356,Timer,timer_menten_prolif,0,0.05
3665513.6443671063,74.72000000000357,Timer,timer_menten_prolif,0,0.05
3677416.3629622366,74.73000000000357,Timer,timer_menten_prolif,0,0.05
3689196.9831266804,74.74000000000358,Timer,timer_menten_prolif,0,0.05
3700854.7993894806,74.75000000000358,Timer,timer_menten_prolif,0,0.05
3712389.129016457,74.76000000000359,Timer,timer_menten_prolif,0,0.05
3723799.317434516,74.77000000000359,Timer,timer_menten_prolif,0,0.05
3735084.735422509,74.7800000000036,Timer,timer_menten_prolif,0,0.05
3746244.7790413643,74.7900000000036,Timer,timer_menten_prolif,0,0.05
3757278.8694068855,74.8000000000036,Timer,timer_menten_prolif,0,0.05
3768186.4538386855,74.81000000000361,Timer,timer_menten_prolif,0,0.05
3778967.004998171,74.82000000000362,Timer,timer_menten_prolif,0,0.05
3789620.020563664,74.83000000000362,Timer,timer_menten_prolif,0,0.05
3800145.023371474,74.84000000000363,Timer,timer_menten_prolif,0,0.05
3810541.5623522606,74.85000000000363,Timer,timer_menten_prolif,0,0.05
3820809.211511897,74.86000000000364,Timer,timer_menten_prolif,0,0.05
3830947.568031051,74.87000000000364,Timer,timer_menten_prolif,0,0.05
3840956.2555371085,74.88000000000365,Timer,timer_menten_prolif,0,0.05
3850834.922662212,74.89000000000365,Timer,timer_menten_prolif,0,0.05
3860583.2423518794,74.90000000000366,Timer,timer_menten_prolif,0,0.05
3870200.9098556396,74.91000000000366,Timer,timer_menten_prolif,0,0.05
3879687.6474092184,74.92000000000367,Timer,timer_menten_prolif,0,0.05
3889043.2006143816,74.93000000000367,Timer,timer_menten_prolif,0,0.05
3898267.3384667616,74.94000000000368,Timer,timer_menten_prolif,0,0.05
3907359.8531717495,74.95000000000368,Timer,timer_menten_prolif,0,0.05
3916320.5617929,74.96000000000369,Timer,timer_menten_prolif,0,0.05
3925149.304407445,74.9700000000037,Timer,timer_menten_prolif,0,0.05
3933845.9434175836,74.9800000000037,Timer,timer_menten_prolif,0,0.05
3942410.3648066944,74.9900000000037,Timer,timer_menten_prolif,0,0.05
3950842.4775870144,75.00000000000371,Timer,timer_menten_prolif,0,0.05
3959142.2131947456,75.01000000000371,Timer,timer_menten_prolif,0,0.05
3967309.524270716,75.02000000000372,Timer,timer_menten_prolif,0,0.05
3975344.3869588245,75.03000000000372,Timer,timer_menten_prolif,0,0.05
3983246.79892544,75.04000000000373,Timer,timer_menten_prolif,0,0.05
3991016.779037635,75.05000000000373,Timer,timer_menten_prolif,0,0.05
3998654.366984044,75.06000000000374,Timer,timer_menten_prolif,0,0.05
4006159.6248690337,75.07000000000374,Timer,timer_menten_prolif,0,0.05
4013532.635311294,75.08000000000375,Timer,timer_menten_prolif,0,0.05
4020773.501127413,75.09000000000376,Timer,timer_menten_prolif,0,0.05
4027882.344575151,75.10000000000376,Timer,timer_menten_prolif,0,0.05
4034859.309648258,75.11000000000377,Timer,timer_menten_prolif,0,0.05
4041704.5596263544,75.12000000000377,Timer,timer_menten_prolif,0,0.05
4048418.277029847,75.13000000000378,Timer,timer_menten_prolif,0,0.05
4055000.6626453986,75.14000000000378,Timer,timer_menten_prolif,0,0.05
4061451.9377647894,75.15000000000379,Timer,timer_menten_prolif,0,0.05
4067772.341850525,75.16000000000379,Timer,timer_menten_prolif,0,0.05
4073962.1325962953,75.1700000000038,Timer,timer_menten_prolif,0,0.05
4080021.58495784,75.1800000000038,Timer,timer_menten_prolif,0,0.05
4085950.9928733804,75.1900000000038,Timer,timer_menten_prolif,0,0.05
4091750.6673951554,75.20000000000381,Timer,timer_menten_prolif,0,0.05
4097420.9367054217,75.21000000000382,Timer,timer_menten_prolif,0,0.05
4102962.1452084826,75.22000000000382,Timer,timer_menten_prolif,0,0.05
4108374.654813461,75.23000000000383,Timer,timer_menten_prolif,0,0.05
4113658.8434341485,75.24000000000383,Timer,timer_menten_prolif,0,0.05
4118815.104947149,75.25000000000384,Timer,timer_menten_prolif,0,0.05
4123843.8483138243,75.26000000000384,Timer,timer_menten_prolif,0,0.05
4128745.4986244384,75.27000000000385,Timer,timer_menten_prolif,0,0.05
4133520.4957937915,75.28000000000385,Timer,timer_menten_prolif,0,0.05
4138169.294493621,75.29000000000386,Timer,timer_menten_prolif,0,0.05
4142692.3633521385,75.30000000000386,Timer,timer_menten_prolif,0,0.05
4147090.185718368,75.31000000000387,Timer,timer_menten_prolif,0,0.05
4151363.2585742893,75.32000000000387,Timer,timer_menten_prolif,0,0.05
4155512.0924253524,75.33000000000388,Timer,timer_menten_prolif,0,0.05
4159537.2106925347,75.34000000000388,Timer,timer_menten_prolif,0,0.05
4163439.150015724,75.35000000000389,Timer,timer_menten_prolif,0,0.05
4167218.4595064903,75.3600000000039,Timer,timer_menten_prolif,0,0.05
4170875.7005500887,75.3700000000039,Timer,timer_menten_prolif,0,0.05
4174411.446470312,75.3800000000039,Timer,timer_menten_prolif,0,0.05
4177826.2822738956,75.39000000000391,Timer,timer_menten_prolif,0,0.05
4181120.8043075185,75.40000000000391,Timer,timer_menten_prolif,0,0.05
4184295.6199565134,75.41000000000392,Timer,timer_menten_prolif,0,0.05
4187351.347505062,75.42000000000392,Timer,timer_menten_prolif,0,0.05
4190288.6155279772,75.43000000000393,Timer,timer_menten_prolif,0,0.05
4193108.0627610357,75.44000000000393,Timer,timer_menten_prolif,0,0.05
4195810.337780764,75.45000000000394,Timer,timer_menten_prolif,0,0.05
4198396.098985219,75.46000000000394,Timer,timer_menten_prolif,0,0.05
4200866.013791465,75.47000000000395,Timer,timer_menten_prolif,0,0.05
4203220.758572365,75.48000000000395,Timer,timer_menten_prolif,0,0.05
4205461.0183838755,75.49000000000396,Timer,timer_menten_prolif,0,0.05
4207587.487012049,75.50000000000396,Timer,timer_menten_prolif,0,0.05
4209600.86608859,75.51000000000397,Timer,timer_menten_prolif,0,0.05
4211501.8649915615,75.52000000000398,Timer,timer_menten_prolif,0,0.05
4213291.200666342,75.53000000000398,Timer,timer_menten_prolif,0,0.05
4214969.597718181,75.54000000000399,Timer,timer_menten_prolif,0,0.05
4216537.78750276,75.55000000000399,Timer,timer_menten_prolif,0,0.05
4217996.507921274,75.560000000004,Timer,timer_menten_prolif,0,0.05
4219346.503378039,75.570000000004,Timer,timer_menten_prolif,0,0.05
4220588.524875232,75.580000000004,Timer,timer_menten_prolif,0,0.05
4221723.329159653,75.59000000000401,Timer,timer_menten_prolif,0,0.05
4222751.678347275,75.60000000000402,Timer,timer_menten_prolif,0,0.05
4223674.340042412,75.61000000000402,Timer,timer_menten_prolif,0,0.05
4224492.087398425,75.62000000000403,Timer,timer_menten_prolif,0,0.05
4225205.698385918,75.63000000000403,Timer,timer_menten_prolif,0,0.05
4225815.955210065,75.64000000000404,Timer,timer_menten_prolif,0,0.05
4226323.6445958065,75.65000000000404,Timer,timer_menten_prolif,0,0.05
4226729.557819119,75.66000000000405,Timer,timer_menten_prolif,0,0.05
4227034.49011767,75.67000000000405,Timer,timer_menten_prolif,0,0.05
4227239.239859849,75.68000000000406,Timer,timer_menten_prolif,0,0.05
4227344.60902854,75.69000000000406,Timer,timer_menten_prolif,0,0.05
4227351.403171924,75.70000000000407,Timer,timer_menten_prolif,0,0.05
4227260.43100155,75.71000000000407,Timer,timer_menten_prolif,0,0.05
4227072.5033399975,75.72000000000408,Timer,timer_menten_prolif,0,0.05
4226788.433754252,75.73000000000408,Timer,timer_menten_prolif,0,0.05
4226409.038458488,75.74000000000409,Timer,timer_menten_prolif,0,0.05
4225935.1361034755,75.75000000000409,Timer,timer_menten_prolif,0,0.05
4225367.546457616,75.7600000000041,Timer,timer_menten_prolif,0,0.05
4224707.091234481,75.7700000000041,Timer,timer_menten_prolif,0,0.05
4223954.593911934,75.78000000000411,Timer,timer_menten_prolif,0,0.05
4223110.879719065,75.79000000000411,Timer,timer_menten_prolif,0,0.05
4222176.77410292,75.80000000000412,Timer,timer_menten_prolif,0,0.05
4221153.103696315,75.81000000000412,Timer,timer_menten_prolif,0,0.05
4220040.696071018,75.82000000000413,Timer,timer_menten_prolif,0,0.05
4218840.3799203625,75.83000000000413,Timer,timer_menten_prolif,0,0.05
4217552.983312435,75.84000000000414,Timer,timer_menten_prolif,0,0.05
4216179.334799049,75.85000000000414,Timer,timer_menten_prolif,0,0.05
4214720.263095814,75.86000000000415,Timer,timer_menten_prolif,0,0.05
4213176.5974399885,75.87000000000415,Timer,timer_menten_prolif,0,0.05
4211549.165690298,75.88000000000416,Timer,timer_menten_prolif,0,0.05
4209838.795528477,75.89000000000416,Timer,timer_menten_prolif,0,0.05
4208046.314091727,75.90000000000417,Timer,timer_menten_prolif,0,0.05
4206172.548527652,75.91000000000417,Timer,timer_menten_prolif,0,0.05
4204218.323865349,75.92000000000418,Timer,timer_menten_prolif,0,0.05
4202184.464373015,75.93000000000418,Timer,timer_menten_prolif,0,0.05
4200071.793115737,75.94000000000419,Timer,timer_menten_prolif,0,0.05
4197881.132646519,75.9500000000042,Timer,timer_menten_prolif,0,0.05
4195613.3027985515,75.9600000000042,Timer,timer_menten_prolif,0,0.05
4193269.1220830185,75.9700000000042,Timer,timer_menten_prolif,0,0.05
4190849.407208454,75.98000000000421,Timer,timer_menten_prolif,0,0.05
4188354.973896972,75.99000000000422,Timer,timer_menten_prolif,0,0.05
4185786.6346008983,76.00000000000422,Timer,timer_menten_prolif,0,0.05
4183145.19994241,76.01000000000423,Timer,timer_menten_prolif,0,0.05
4180431.4781982885,76.02000000000423,Timer,timer_menten_prolif,0,0.05
4177646.2762327893,76.03000000000424,Timer,timer_menten_prolif,0,0.05
4174790.3971416494,76.04000000000424,Timer,timer_menten_prolif,0,0.05
4171864.6417343784,76.05000000000425,Timer,timer_menten_prolif,0,0.05
4168869.807997212,76.06000000000425,Timer,timer_menten_prolif,0,0.05
4165806.6920773694,76.07000000000426,Timer,timer_menten_prolif,0,0.05
4162676.085973466,76.08000000000426,Timer,timer_menten_prolif,0,0.05
4159478.7789502842,76.09000000000427,Timer,timer_menten_prolif,0,0.05
4156215.557062898,76.10000000000427,Timer,timer_menten_prolif,0,0.05
4152887.2040147115,76.11000000000428,Timer,timer_menten_prolif,0,0.05
4149494.499216553,76.12000000000428,Timer,timer_menten_prolif,0,0.05
4146038.218827892,76.13000000000429,Timer,timer_menten_prolif,0,0.05
4142519.1354859704,76.14000000000429,Timer,timer_menten_prolif,0,0.05
4138938.019429962,76.1500000000043,Timer,timer_menten_prolif,0,0.05
4135295.6358853057,76.1600000000043,Timer,timer_menten_prolif,0,0.05
4131592.7464829143,76.17000000000431,Timer,timer_menten_prolif,0,0.05
4127830.109079038,76.18000000000431,Timer,timer_menten_prolif,0,0.05
4124008.4775294787,76.19000000000432,Timer,timer_menten_prolif,0,0.05
4120128.6033778326,76.20000000000432,Timer,timer_menten_prolif,0,0.05
4116191.2327196836,76.21000000000433,Timer,timer_menten_prolif,0,0.05
4112197.1071936446,76.22000000000433,Timer,timer_menten_prolif,0,0.05
4108146.9645879604,76.23000000000434,Timer,timer_menten_prolif,0,0.05
4104041.5383640695,76.24000000000434,Timer,timer_menten_prolif,0,0.05
4099881.5592606887,76.25000000000435,Timer,timer_menten_prolif,0,0.05
4095667.752945749,76.26000000000435,Timer,timer_menten_prolif,0,0.05
4091400.839619832,76.27000000000436,Timer,timer_menten_prolif,0,0.05
4087081.5356337875,76.28000000000436,Timer,timer_menten_prolif,0,0.05
4082710.5527761383,76.29000000000437,Timer,timer_menten_prolif,0,0.05
4078288.598429599,76.30000000000437,Timer,timer_menten_prolif,0,0.05
4073816.376364598,76.31000000000438,Timer,timer_menten_prolif,0,0.05
4069294.585468924,76.32000000000438,Timer,timer_menten_prolif,0,0.05
4064723.919705988,76.33000000000439,Timer,timer_menten_prolif,0,0.05
4060105.067881301,76.3400000000044,Timer,timer_menten_prolif,0,0.05
4055438.7141683674,76.3500000000044,Timer,timer_menten_prolif,0,0.05
4050725.537158616,76.3600000000044,Timer,timer_menten_prolif,0,0.05
4045966.2142540626,76.37000000000441,Timer,timer_menten_prolif,0,0.05
4041161.4129091194,76.38000000000442,Timer,timer_menten_prolif,0,0.05
4036311.8021320235,76.39000000000442,Timer,timer_menten_prolif,0,0.05
4031418.042278017,76.40000000000443,Timer,timer_menten_prolif,0,0.05
4026480.787237415,76.41000000000443,Timer,timer_menten_prolif,0,0.05
4021500.6915460136,76.42000000000444,Timer,timer_menten_prolif,0,0.05
4016478.403310403,76.43000000000444,Timer,timer_menten_prolif,0,0.05
4011414.562336958,76.44000000000445,Timer,timer_menten_prolif,0,0.05
4006309.8019193746,76.45000000000445,Timer,timer_menten_prolif,0,0.05
4001164.756472151,76.46000000000446,Timer,timer_menten_prolif,0,0.05
3995980.048223133,76.47000000000446,Timer,timer_menten_prolif,0,0.05
3990756.298714418,76.48000000000447,Timer,timer_menten_prolif,0,0.05
3985494.1251657815,76.49000000000447,Timer,timer_menten_prolif,0,0.05
3980194.137868925,76.50000000000448,Timer,timer_menten_prolif,0,0.05
3974856.9440182215,76.51000000000448,Timer,timer_menten_prolif,0,0.05
3969483.1452761507,76.52000000000449,Timer,timer_menten_prolif,0,0.05
3964073.337624984,76.53000000000449,Timer,timer_menten_prolif,0,0.05
3958628.1128995884,76.5400000000045,Timer,timer_menten_prolif,0,0.05
3953148.0580820725,76.5500000000045,Timer,timer_menten_prolif,0,0.05
3947633.7536688354,76.56000000000451,Timer,timer_menten_prolif,0,0.05
3942085.776487302,76.57000000000451,Timer,timer_menten_prolif,0,0.05
3936504.697889777,76.58000000000452,Timer,timer_menten_prolif,0,0.05
3930891.083870081,76.59000000000452,Timer,timer_menten_prolif,0,0.05
3925245.495684376,76.60000000000453,Timer,timer_menten_prolif,0,0.05
3919568.4894961854,76.61000000000453,Timer,timer_menten_prolif,0,0.05
3913860.616591654,76.62000000000454,Timer,timer_menten_prolif,0,0.05
3908122.42301418,76.63000000000454,Timer,timer_menten_prolif,0,0.05
3902354.4499955345,76.64000000000455,Timer,timer_menten_prolif,0,0.05
3896557.2338756653,76.65000000000455,Timer,timer_menten_prolif,0,0.05
3890731.3057886567,76.66000000000456,Timer,timer_menten_prolif,0,0.05
3884877.1922485307,76.67000000000456,Timer,timer_menten_prolif,0,0.05
3878995.41464049,76.68000000000457,Timer,timer_menten_prolif,0,0.05
3873086.489229597,76.69000000000457,Timer,timer_menten_prolif,0,0.05
3867150.9273949224,76.70000000000458,Timer,timer_menten_prolif,0,0.05
3861189.235932971,76.71000000000458,Timer,timer_menten_prolif,0,0.05
3855201.916793637,76.72000000000459,Timer,timer_menten_prolif,0,0.05
3849189.466425201,76.7300000000046,Timer,timer_menten_prolif,0,0.05
3843152.376581981,76.7400000000046,Timer,timer_menten_prolif,0,0.05
3837091.1344513483,76.7500000000046,Timer,timer_menten_prolif,0,0.05
3831006.2229979914,76.76000000000461,Timer,timer_menten_prolif,0,0.05
3824898.119047747,76.77000000000461,Timer,timer_menten_prolif,0,0.05
3818767.29502187,76.78000000000462,Timer,timer_menten_prolif,0,0.05
3812614.2186666774,76.79000000000462,Timer,timer_menten_prolif,0,0.05
3806439.354345282,76.80000000000463,Timer,timer_menten_prolif,0,0.05
3800243.15957461,76.81000000000464,Timer,timer_menten_prolif,0,0.05
3794026.087780651,76.82000000000464,Timer,timer_menten_prolif,0,0.05
3787788.587571254,76.83000000000465,Timer,timer_menten_prolif,0,0.05
3781531.1048769206,76.84000000000465,Timer,timer_menten_prolif,0,0.05
3775254.0785359927,76.85000000000466,Timer,timer_menten_prolif,0,0.05
3768957.9431732534,76.86000000000466,Timer,timer_menten_prolif,0,0.05
3762643.1288783588,76.87000000000467,Timer,timer_menten_prolif,0,0.05
3756310.063542018,76.88000000000467,Timer,timer_menten_prolif,0,0.05
3749959.167822707,76.89000000000468,Timer,timer_menten_prolif,0,0.05
3743590.85787645,76.90000000000468,Timer,timer_menten_prolif,0,0.05
3737205.5457283305,76.91000000000469,Timer,timer_menten_prolif,0,0.05
3730803.6388572687,76.92000000000469,Timer,timer_menten_prolif,0,0.05
3724385.5402247617,76.9300000000047,Timer,timer_menten_prolif,0,0.05
3717951.6501043076,76.9400000000047,Timer,timer_menten_prolif,0,0.05
3711502.3629024634,76.9500000000047,Timer,timer_menten_prolif,0,0.05
3705038.0682884576,76.96000000000471,Timer,timer_menten_prolif,0,0.05
3698559.152116443,76.97000000000472,Timer,timer_menten_prolif,0,0.05
3692065.9959733635,76.98000000000472,Timer,timer_menten_prolif,0,0.05
3685558.9772148496,76.99000000000473,Timer,timer_menten_prolif,0,0.05
3679038.468556631,77.00000000000473,Timer,timer_menten_prolif,0,0.05
3672504.838795758,77.01000000000474,Timer,timer_menten_prolif,0,0.05
3665958.452822064,77.02000000000474,Timer,timer_menten_prolif,0,0.05
3659399.671235173,77.03000000000475,Timer,timer_menten_prolif,0,0.05
3652828.85055275,77.04000000000475,Timer,timer_menten_prolif,0,0.05
3646246.343244371,77.05000000000476,Timer,timer_menten_prolif,0,0.05
3639652.496740552,77.06000000000476,Timer,timer_menten_prolif,0,0.05
3633047.6547323647,77.07000000000477,Timer,timer_menten_prolif,0,0.05
3626432.1578785353,77.08000000000477,Timer,timer_menten_prolif,0,0.05
3619806.3422886604,77.09000000000478,Timer,timer_menten_prolif,0,0.05
3613170.5401125923,77.10000000000478,Timer,timer_menten_prolif,0,0.05
3606525.079568804,77.11000000000479,Timer,timer_menten_prolif,0,0.05
3599870.284736338,77.1200000000048,Timer,timer_menten_prolif,0,0.05
3593206.4757788936,77.1300000000048,Timer,timer_menten_prolif,0,0.05
3586533.9693517857,77.1400000000048,Timer,timer_menten_prolif,0,0.05
3579853.0780936973,77.15000000000481,Timer,timer_menten_prolif,0,0.05
3573164.110831546,77.16000000000481,Timer,timer_menten_prolif,0,0.05
3566467.372607329,77.17000000000482,Timer,timer_menten_prolif,0,0.05
3559763.1650099494,77.18000000000482,Timer,timer_menten_prolif,0,0.05
3553051.78612256,77.19000000000483,Timer,timer_menten_prolif,0,0.05
3546333.5296600685,77.20000000000483,Timer,timer_menten_prolif,0,0.05
3539608.686009318,77.21000000000484,Timer,timer_menten_prolif,0,0.05
3532877.541941516,77.22000000000484,Timer,timer_menten_prolif,0,0.05
3526140.3806414884,77.23000000000485,Timer,timer_menten_prolif,0,0.05
3519397.4820773117,77.24000000000485,Timer,timer_menten_prolif,0,0.05
3512649.123096993,77.25000000000486,Timer,timer_menten_prolif,0,0.05
3505895.5759045593,77.26000000000487,Timer,timer_menten_prolif,0,0.05
3499137.1097984286,77.27000000000487,Timer,timer_menten_prolif,0,0.05
3492373.9906581705,77.28000000000488,Timer,timer_menten_prolif,0,0.05
3485606.4809749117,77.29000000000488,Timer,timer_menten_prolif,0,0.05
3478834.839881749,77.30000000000489,Timer,timer_menten_prolif,0,0.05
3472059.323184155,77.31000000000489,Timer,timer_menten_prolif,0,0.05
3465280.183512667,77.3200000000049,Timer,timer_menten_prolif,0,0.05
3458497.6704402594,77.3300000000049,Timer,timer_menten_prolif,0,0.05
3451712.029799071,77.3400000000049,Timer,timer_menten_prolif,0,0.05
3444923.504456116,77.35000000000491,Timer,timer_menten_prolif,0,0.05
3438132.3341115224,77.36000000000492,Timer,timer_menten_prolif,0,0.05
3431338.75532942,77.37000000000492,Timer,timer_menten_prolif,0,0.05
3424543.0015688245,77.38000000000493,Timer,timer_menten_prolif,0,0.05
3417745.303214517,77.39000000000493,Timer,timer_menten_prolif,0,0.05
3410945.8874950763,77.40000000000494,Timer,timer_menten_prolif,0,0.05
3404144.978358381,77.41000000000494,Timer,timer_menten_prolif,0,0.05
3397342.7973476043,77.42000000000495,Timer,timer_menten_prolif,0,0.05
3390539.5627870397,77.43000000000495,Timer,timer_menten_prolif,0,0.05
3383735.4900718797,77.44000000000496,Timer,timer_menten_prolif,0,0.05
3376930.791698587,77.45000000000496,Timer,timer_menten_prolif,0,0.05
3370125.6772952722,77.46000000000497,Timer,timer_menten_prolif,0,0.05
3363320.353652072,77.47000000000497,Timer,timer_menten_prolif,0,0.05
3356515.0245772433,77.48000000000498,Timer,timer_menten_prolif,0,0.05
3349709.890530956,77.49000000000498,Timer,timer_menten_prolif,0,0.05
3342905.15034948,77.50000000000499,Timer,timer_menten_prolif,0,0.05
3336100.9996428094,77.510000000005,Timer,timer_menten_prolif,0,0.05
3329297.631317862,77.520000000005,Timer,timer_menten_prolif,0,0.05
3322495.2356079314,77.530000000005,Timer,timer_menten_prolif,0,0.05
3315694.0001021326,77.54000000000501,Timer,timer_menten_prolif,0,0.05
3308894.1097748494,77.55000000000501,Timer,timer_menten_prolif,0,0.05
3302095.7468692157,77.56000000000502,Timer,timer_menten_prolif,0,0.05
3295299.090407529,77.57000000000502,Timer,timer_menten_prolif,0,0.05
3288504.318103086,77.58000000000503,Timer,timer_menten_prolif,0,0.05
3281711.6046311324,77.59000000000503,Timer,timer_menten_prolif,0,0.05
3274921.1221820517,77.60000000000504,Timer,timer_menten_prolif,0,0.05
3268133.0404898617,77.61000000000504,Timer,timer_menten_prolif,0,0.05
3261347.5268607084,77.62000000000505,Timer,timer_menten_prolif,0,0.05
3254564.746201364,77.63000000000505,Timer,timer_menten_prolif,0,0.05
3247784.8609246192,77.64000000000506,Timer,timer_menten_prolif,0,0.05
3241008.030297512,77.65000000000506,Timer,timer_menten_prolif,0,0.05
3234234.4126591794,77.66000000000507,Timer,timer_menten_prolif,0,0.05
3227464.163458923,77.67000000000507,Timer,timer_menten_prolif,0,0.05
3220697.435870406,77.68000000000508,Timer,timer_menten_prolif,0,0.05
3213934.380819127,77.69000000000509,Timer,timer_menten_prolif,0,0.05
3207175.147009879,77.70000000000509,Timer,timer_menten_prolif,0,0.05
3200419.8809542228,77.7100000000051,Timer,timer_menten_prolif,0,0.05
3193668.726841336,77.7200000000051,Timer,timer_menten_prolif,0,0.05
3186921.825244253,77.7300000000051,Timer,timer_menten_prolif,0,0.05
3180179.3172167367,77.74000000000511,Timer,timer_menten_prolif,0,0.05
3173441.3405975047,77.75000000000512,Timer,timer_menten_prolif,0,0.05
3166708.0311500584,77.76000000000512,Timer,timer_menten_prolif,0,0.05
3159979.522589243,77.77000000000513,Timer,timer_menten_prolif,0,0.05
3153255.946607803,77.78000000000513,Timer,timer_menten_prolif,0,0.05
3146537.4329029387,77.79000000000514,Timer,timer_menten_prolif,0,0.05
3139824.10920286,77.80000000000514,Timer,timer_menten_prolif,0,0.05
3133116.101293345,77.81000000000515,Timer,timer_menten_prolif,0,0.05
3126413.531425899,77.82000000000515,Timer,timer_menten_prolif,0,0.05
3119716.5208384385,77.83000000000516,Timer,timer_menten_prolif,0,0.05
3113025.1904361392,77.84000000000516,Timer,timer_menten_prolif,0,0.05
3106339.6581838783,77.85000000000517,Timer,timer_menten_prolif,0,0.05
3099660.0402027657,77.86000000000517,Timer,timer_menten_prolif,0,0.05
3092986.4507951317,77.87000000000518,Timer,timer_menten_prolif,0,0.05
3086319.0024695005,77.88000000000518,Timer,timer_menten_prolif,0,0.05
3079657.8059655745,77.89000000000519,Timer,timer_menten_prolif,0,0.05
3073002.970279216,77.90000000000519,Timer,timer_menten_prolif,0,0.05
3066354.602687424,77.9100000000052,Timer,timer_menten_prolif,0,0.05
3059712.804817316,77.9200000000052,Timer,timer_menten_prolif,0,0.05
3053077.6827929327,77.93000000000521,Timer,timer_menten_prolif,0,0.05
3046449.3385307025,77.94000000000521,Timer,timer_menten_prolif,0,0.05
3039827.872274819,77.95000000000522,Timer,timer_menten_prolif,0,0.05
3033213.3826327883,77.96000000000522,Timer,timer_menten_prolif,0,0.05
3026605.966598484,77.97000000000523,Timer,timer_menten_prolif,0,0.05
3020005.7195751886,77.98000000000523,Timer,timer_menten_prolif,0,0.05
3013412.7353986437,77.99000000000524,Timer,timer_menten_prolif,0,0.05
3006827.1063600965,78.00000000000524,Timer,timer_menten_prolif,0,0.05
3000248.921726233,78.01000000000525,Timer,timer_menten_prolif,0,0.05
2993678.2692764564,78.02000000000525,Timer,timer_menten_prolif,0,0.05
2987115.2379910923,78.03000000000526,Timer,timer_menten_prolif,0,0.05
2980559.913846122,78.04000000000526,Timer,timer_menten_prolif,0,0.05
2974012.3813484143,78.05000000000527,Timer,timer_menten_prolif,0,0.05
2967472.723556923,78.06000000000527,Timer,timer_menten_prolif,0,0.05
2960941.022103885,78.07000000000528,Timer,timer_menten_prolif,0,0.05
2954417.3572160173,78.08000000000528,Timer,timer_menten_prolif,0,0.05
2947901.807735717,78.09000000000529,Timer,timer_menten_prolif,0,0.05
2941394.451142258,78.1000000000053,Timer,timer_menten_prolif,0,0.05
2934895.3605078165,78.1100000000053,Timer,timer_menten_prolif,0,0.05
2928404.6119095953,78.1200000000053,Timer,timer_menten_prolif,0,0.05
2921922.278846816,78.13000000000531,Timer,timer_menten_prolif,0,0.05
2915448.433201839,78.14000000000532,Timer,timer_menten_prolif,0,0.05
2908983.145562264,78.15000000000532,Timer,timer_menten_prolif,0,0.05
2902526.48524042,78.16000000000533,Timer,timer_menten_prolif,0,0.05
2896078.52029285,78.17000000000533,Timer,timer_menten_prolif,0,0.05
2889639.317539802,78.18000000000534,Timer,timer_menten_prolif,0,0.05
2883208.9425847116,78.19000000000534,Timer,timer_menten_prolif,0,0.05
2876787.4588303277,78.20000000000535,Timer,timer_menten_prolif,0,0.05
2870374.9276427226,78.21000000000535,Timer,timer_menten_prolif,0,0.05
2863971.412371128,78.22000000000536,Timer,timer_menten_prolif,0,0.05
2857576.973621499,78.23000000000536,Timer,timer_menten_prolif,0,0.05
2851191.6708449638,78.24000000000537,Timer,timer_menten_prolif,0,0.05
2844815.5623556552,78.25000000000537,Timer,timer_menten_prolif,0,0.05
2838448.7053485448,78.26000000000538,Timer,timer_menten_prolif,0,0.05
2832091.1559172785,78.27000000000538,Timer,timer_menten_prolif,0,0.05
2825742.9690720085,78.28000000000539,Timer,timer_menten_prolif,0,0.05
2819404.1987572275,78.29000000000539,Timer,timer_menten_prolif,0,0.05
2813074.895334064,78.3000000000054,Timer,timer_menten_prolif,0,0.05
2806755.111239604,78.3100000000054,Timer,timer_menten_prolif,0,0.05
2800444.8975812956,78.32000000000541,Timer,timer_menten_prolif,0,0.05
2794144.3038815726,78.33000000000541,Timer,timer_menten_prolif,0,0.05
2787853.3786505065,78.34000000000542,Timer,timer_menten_prolif,0,0.05
2781572.169401998,78.35000000000542,Timer,timer_menten_prolif,0,0.05
2775300.7226699754,78.36000000000543,Timer,timer_menten_prolif,0,0.05
2769039.0840245867,78.37000000000543,Timer,timer_menten_prolif,0,0.05
2762787.298088396,78.38000000000544,Timer,timer_menten_prolif,0,0.05
2756545.407907201,78.39000000000544,Timer,timer_menten_prolif,0,0.05
2750313.454002955,78.40000000000545,Timer,timer_menten_prolif,0,0.05
2744091.479671088,78.41000000000545,Timer,timer_menten_prolif,0,0.05
2737879.5255994303,78.42000000000546,Timer,timer_menten_prolif,0,0.05
2731677.6315755807,78.43000000000546,Timer,timer_menten_prolif,0,0.05
2725485.836501533,78.44000000000547,Timer,timer_menten_prolif,0,0.05
2719304.1784082875,78.45000000000547,Timer,timer_menten_prolif,0,0.05
2713132.6944704778,78.46000000000548,Timer,timer_menten_prolif,0,0.05
2706971.4210209846,78.47000000000548,Timer,timer_menten_prolif,0,0.05
2700820.393565559,78.48000000000549,Timer,timer_menten_prolif,0,0.05
2694679.6448883135,78.4900000000055,Timer,timer_menten_prolif,0,0.05
2688549.2088497253,78.5000000000055,Timer,timer_menten_prolif,0,0.05
2682429.119015149,78.5100000000055,Timer,timer_menten_prolif,0,0.05
2676319.407431338,78.52000000000551,Timer,timer_menten_prolif,0,0.05
2670220.105359313,78.53000000000551,Timer,timer_menten_prolif,0,0.05
2664131.2432875233,78.54000000000552,Timer,timer_menten_prolif,0,0.05
2658052.850945007,78.55000000000553,Timer,timer_menten_prolif,0,0.05
2651984.95731456,78.56000000000553,Timer,timer_menten_prolif,0,0.05
2645927.590645902,78.57000000000554,Timer,timer_menten_prolif,0,0.05
2639880.7781759086,78.58000000000554,Timer,timer_menten_prolif,0,0.05
2633844.5444457834,78.59000000000555,Timer,timer_menten_prolif,0,0.05
2627818.916938287,78.60000000000555,Timer,timer_menten_prolif,0,0.05
2621803.920847412,78.61000000000556,Timer,timer_menten_prolif,0,0.05
2615799.5806717263,78.62000000000556,Timer,timer_menten_prolif,0,0.05
2609805.9202262075,78.63000000000557,Timer,timer_menten_prolif,0,0.05
2603822.962654083,78.64000000000557,Timer,timer_menten_prolif,0,0.05
2597850.730438669,78.65000000000558,Timer,timer_menten_prolif,0,0.05
2591889.245415205,78.66000000000558,Timer,timer_menten_prolif,0,0.05
2585938.5287826927,78.67000000000559,Timer,timer_menten_prolif,0,0.05
2579998.5997911496,78.68000000000559,Timer,timer_menten_prolif,0,0.05
2574069.477939667,78.6900000000056,Timer,timer_menten_prolif,0,0.05
2568151.1831521145,78.7000000000056,Timer,timer_menten_prolif,0,0.05
2562243.733954961,78.7100000000056,Timer,timer_menten_prolif,0,0.05
2556347.1482711798,78.72000000000561,Timer,timer_menten_prolif,0,0.05
2550461.4434308675,78.73000000000562,Timer,timer_menten_prolif,0,0.05
2544586.63618186,78.74000000000562,Timer,timer_menten_prolif,0,0.05
2538722.7427003514,78.75000000000563,Timer,timer_menten_prolif,0,0.05
2532869.778601512,78.76000000000563,Timer,timer_menten_prolif,0,0.05
2527027.7589047905,78.77000000000564,Timer,timer_menten_prolif,0,0.05
2521196.6958875237,78.78000000000564,Timer,timer_menten_prolif,0,0.05
2515376.6048224755,78.79000000000565,Timer,timer_menten_prolif,0,0.05
2509567.4989727326,78.80000000000565,Timer,timer_menten_prolif,0,0.05
2503769.3910696437,78.81000000000566,Timer,timer_menten_prolif,0,0.05
2497982.2933223085,78.82000000000566,Timer,timer_menten_prolif,0,0.05
2492206.2174270693,78.83000000000567,Timer,timer_menten_prolif,0,0.05
2486441.1745770043,78.84000000000567,Timer,timer_menten_prolif,0,0.05
2480687.1754714167,78.85000000000568,Timer,timer_menten_prolif,0,0.05
2474944.230325326,78.86000000000568,Timer,timer_menten_prolif,0,0.05
2469212.3479830646,78.87000000000569,Timer,timer_menten_prolif,0,0.05
2463491.5369782345,78.8800000000057,Timer,timer_menten_prolif,0,0.05
2457781.806752296,78.8900000000057,Timer,timer_menten_prolif,0,0.05
2452083.165472433,78.9000000000057,Timer,timer_menten_prolif,0,0.05
2446395.620846756,78.91000000000571,Timer,timer_menten_prolif,0,0.05
2440719.1801327625,78.92000000000571,Timer,timer_menten_prolif,0,0.05
2435053.8501457963,78.93000000000572,Timer,timer_menten_prolif,0,0.05
2429399.6372675104,78.94000000000572,Timer,timer_menten_prolif,0,0.05
2423756.547454323,78.95000000000573,Timer,timer_menten_prolif,0,0.05
2418124.5862458823,78.96000000000573,Timer,timer_menten_prolif,0,0.05
2412503.7570413197,78.97000000000574,Timer,timer_menten_prolif,0,0.05
2406894.065358051,78.98000000000575,Timer,timer_menten_prolif,0,0.05
2401295.51548435,78.99000000000575,Timer,timer_menten_prolif,0,0.05
2395708.1111826375,79.00000000000576,Timer,timer_menten_prolif,0,0.05
2390131.8558203382,79.01000000000576,Timer,timer_menten_prolif,0,0.05
2384566.7523774095,79.02000000000577,Timer,timer_menten_prolif,0,0.05
2379012.803453865,79.03000000000577,Timer,timer_menten_prolif,0,0.05
2373470.0112773106,79.04000000000578,Timer,timer_menten_prolif,0,0.05
2367938.3777104644,79.05000000000578,Timer,timer_menten_prolif,0,0.05
2362417.90370637,79.06000000000579,Timer,timer_menten_prolif,0,0.05
2356908.589548953,79.07000000000579,Timer,timer_menten_prolif,0,0.05
2351410.43666909,79.0800000000058,Timer,timer_menten_prolif,0,0.05
2345923.445380396,79.0900000000058,Timer,timer_menten_prolif,0,0.05
2340447.615651298,79.1000000000058,Timer,timer_menten_prolif,0,0.05
2334982.947111722,79.11000000000581,Timer,timer_menten_prolif,0,0.05
2329529.439059789,79.12000000000582,Timer,timer_menten_prolif,0,0.05
2324087.090468508,79.13000000000582,Timer,timer_menten_prolif,0,0.05
2318655.899992465,79.14000000000583,Timer,timer_menten_prolif,0,0.05
2313235.8659745185,79.15000000000583,Timer,timer_menten_prolif,0,0.05
2307826.9852259555,79.16000000000584,Timer,timer_menten_prolif,0,0.05
2302429.2558286875,79.17000000000584,Timer,timer_menten_prolif,0,0.05
2297042.6753152166,79.18000000000585,Timer,timer_menten_prolif,0,0.05
2291667.240691075,79.19000000000585,Timer,timer_menten_prolif,0,0.05
2286302.9486668445,79.20000000000586,Timer,timer_menten_prolif,0,0.05
2280949.7956640865,79.21000000000586,Timer,timer_menten_prolif,0,0.05
2275607.777821274,79.22000000000587,Timer,timer_menten_prolif,0,0.05
2270276.890999723,79.23000000000587,Timer,timer_menten_prolif,0,0.05
2264957.130789522,79.24000000000588,Timer,timer_menten_prolif,0,0.05
2259648.4922039984,79.25000000000588,Timer,timer_menten_prolif,0,0.05
2254350.9693962466,79.26000000000589,Timer,timer_menten_prolif,0,0.05
2249064.5577638885,79.2700000000059,Timer,timer_menten_prolif,0,0.05
2243789.251739732,79.2800000000059,Timer,timer_menten_prolif,0,0.05
2238525.045500588,79.2900000000059,Timer,timer_menten_prolif,0,0.05
2233271.932972525,79.30000000000591,Timer,timer_menten_prolif,0,0.05
2228029.9078361243,79.31000000000591,Timer,timer_menten_prolif,0,0.05
2222798.9635317395,79.32000000000592,Timer,timer_menten_prolif,0,0.05
2217579.093264748,79.33000000000592,Timer,timer_menten_prolif,0,0.05
2212370.290010809,79.34000000000593,Timer,timer_menten_prolif,0,0.05
2207172.545687885,79.35000000000593,Timer,timer_menten_prolif,0,0.05
2201985.8528724946,79.36000000000594,Timer,timer_menten_prolif,0,0.05
2196810.204046706,79.37000000000594,Timer,timer_menten_prolif,0,0.05
2191645.5911958395,79.38000000000595,Timer,timer_menten_prolif,0,0.05
2186492.006088544,79.39000000000595,Timer,timer_menten_prolif,0,0.05
2181349.440281448,79.40000000000596,Timer,timer_menten_prolif,0,0.05
2176217.8851238065,79.41000000000597,Timer,timer_menten_prolif,0,0.05
2171097.3317621527,79.42000000000597,Timer,timer_menten_prolif,0,0.05
2165987.771144945,79.43000000000598,Timer,timer_menten_prolif,0,0.05
2160889.1938797254,79.44000000000598,Timer,timer_menten_prolif,0,0.05
2155801.589635207,79.45000000000599,Timer,timer_menten_prolif,0,0.05
2150724.9493332445,79.46000000000599,Timer,timer_menten_prolif,0,0.05
2145659.2630712474,79.470000000006,Timer,timer_menten_prolif,0,0.05
2140604.520760192,79.480000000006,Timer,timer_menten_prolif,0,0.05
2135560.712128727,79.490000000006,Timer,timer_menten_prolif,0,0.05
2130527.8267272785,79.50000000000601,Timer,timer_menten_prolif,0,0.05
2125505.8539321497,79.51000000000602,Timer,timer_menten_prolif,0,0.05
2120494.782949628,79.52000000000602,Timer,timer_menten_prolif,0,0.05
2115494.6028200863,79.53000000000603,Timer,timer_menten_prolif,0,0.05
2110505.3018644527,79.54000000000603,Timer,timer_menten_prolif,0,0.05
2105526.868664067,79.55000000000604,Timer,timer_menten_prolif,0,0.05
2100559.291991712,79.56000000000604,Timer,timer_menten_prolif,0,0.05
2095602.5601666654,79.57000000000605,Timer,timer_menten_prolif,0,0.05
2090656.6613522358,79.58000000000605,Timer,timer_menten_prolif,0,0.05
2085721.5835593839,79.59000000000606,Timer,timer_menten_prolif,0,0.05
2080797.314650334,79.60000000000606,Timer,timer_menten_prolif,0,0.05
2075883.8423421928,79.61000000000607,Timer,timer_menten_prolif,0,0.05
2070981.1542105684,79.62000000000607,Timer,timer_menten_prolif,0,0.05
2066089.2376554166,79.63000000000608,Timer,timer_menten_prolif,0,0.05
2061208.0791499221,79.64000000000608,Timer,timer_menten_prolif,0,0.05
2056337.6663434473,79.65000000000609,Timer,timer_menten_prolif,0,0.05
2051477.9861994493,79.6600000000061,Timer,timer_menten_prolif,0,0.05
2046629.0255488327,79.6700000000061,Timer,timer_menten_prolif,0,0.05
2041790.7710931366,79.6800000000061,Timer,timer_menten_prolif,0,0.05
2036963.209407718,79.69000000000611,Timer,timer_menten_prolif,0,0.05
2032146.3269449356,79.70000000000611,Timer,timer_menten_prolif,0,0.05
2027340.1100373394,79.71000000000612,Timer,timer_menten_prolif,0,0.05
2022544.5449008485,79.72000000000612,Timer,timer_menten_prolif,0,0.05
2017759.6172111284,79.73000000000613,Timer,timer_menten_prolif,0,0.05
2012985.3126977733,79.74000000000613,Timer,timer_menten_prolif,0,0.05
2008221.617528945,79.75000000000614,Timer,timer_menten_prolif,0,0.05
2003468.5174108872,79.76000000000614,Timer,timer_menten_prolif,0,0.05
1998725.997941727,79.77000000000615,Timer,timer_menten_prolif,0,0.05
1993994.0446143476,79.78000000000615,Timer,timer_menten_prolif,0,0.05
1989272.6428192568,79.79000000000616,Timer,timer_menten_prolif,0,0.05
1984561.777847459,79.80000000000616,Timer,timer_menten_prolif,0,0.05
1979861.4348933247,79.81000000000617,Timer,timer_menten_prolif,0,0.05
1975171.5990574616,79.82000000000617,Timer,timer_menten_prolif,0,0.05
1970492.2553495849,79.83000000000618,Timer,timer_menten_prolif,0,0.05
1965823.3876403114,79.84000000000619,Timer,timer_menten_prolif,0,0.05
1961164.9813506997,79.85000000000619,Timer,timer_menten_prolif,0,0.05
1956517.021185815,79.8600000000062,Timer,timer_menten_prolif,0,0.05
1951879.4917286467,79.8700000000062,Timer,timer_menten_prolif,0,0.05
1947252.3774767886,79.8800000000062,Timer,timer_menten_prolif,0,0.05
1942635.662844941,79.89000000000621,Timer,timer_menten_prolif,0,0.05
1938029.3321674138,79.90000000000622,Timer,timer_menten_prolif,0,0.05
1933433.3697006279,79.91000000000622,Timer,timer_menten_prolif,0,0.05
1928847.759625616,79.92000000000623,Timer,timer_menten_prolif,0,0.05
1924272.486050528,79.93000000000623,Timer,timer_menten_prolif,0,0.05
1919707.532600209,79.94000000000624,Timer,timer_menten_prolif,0,0.05
1915152.8828137424,79.95000000000624,Timer,timer_menten_prolif,0,0.05
1910608.5209763644,79.96000000000625,Timer,timer_menten_prolif,0,0.05
1906074.4308437381,79.97000000000625,Timer,timer_menten_prolif,0,0.05
1901550.5961026214,79.98000000000626,Timer,timer_menten_prolif,0,0.05
1897037.0003730082,79.99000000000626,Timer,timer_menten_prolif,0,0.05
1892533.6272102664,80.00000000000627,Timer,timer_menten_prolif,0,0.05
1888040.4601072783,80.01000000000627,Timer,timer_menten_prolif,0,0.05
1883557.4824965768,80.02000000000628,Timer,timer_menten_prolif,0,0.05
1879084.6777524888,80.03000000000628,Timer,timer_menten_prolif,0,0.05
1874622.0291932705,80.04000000000629,Timer,timer_menten_prolif,0,0.05
1870169.519301091,80.05000000000629,Timer,timer_menten_prolif,0,0.05
1865727.1316397786,80.0600000000063,Timer,timer_menten_prolif,0,0.05
1861294.8493864213,80.0700000000063,Timer,timer_menten_prolif,0,0.05
1856872.6555817586,80.08000000000631,Timer,timer_menten_prolif,0,0.05
1852460.5332139332,80.09000000000631,Timer,timer_menten_prolif,0,0.05
1848058.46522033,80.10000000000632,Timer,timer_menten_prolif,0,0.05
1843666.4344894125,80.11000000000632,Timer,timer_menten_prolif,0,0.05
1839284.4238625611,80.12000000000633,Timer,timer_menten_prolif,0,0.05
1834912.4161359104,80.13000000000633,Timer,timer_menten_prolif,0,0.05
1830550.394062187,80.14000000000634,Timer,timer_menten_prolif,0,0.05
1826198.3401289787,80.15000000000634,Timer,timer_menten_prolif,0,0.05
1821856.2366379513,80.16000000000635,Timer,timer_menten_prolif,0,0.05
1817524.0665113395,80.17000000000635,Timer,timer_menten_prolif,0,0.05
1813201.812289714,80.18000000000636,Timer,timer_menten_prolif,0,0.05
1808889.456473759,80.19000000000636,Timer,timer_menten_prolif,0,0.05
1804586.9815258658,80.20000000000637,Timer,timer_menten_prolif,0,0.05
1800294.3698717281,80.21000000000637,Timer,timer_menten_prolif,0,0.05
1796011.6039019409,80.22000000000638,Timer,timer_menten_prolif,0,0.05
1791738.6659735916,80.23000000000638,Timer,timer_menten_prolif,0,0.05
1787475.5384118601,80.24000000000639,Timer,timer_menten_prolif,0,0.05
1783222.2035116116,80.2500000000064,Timer,timer_menten_prolif,0,0.05
1778978.6430422282,80.2600000000064,Timer,timer_menten_prolif,0,0.05
1774744.8394029925,80.2700000000064,Timer,timer_menten_prolif,0,0.05
1770520.774854566,80.28000000000641,Timer,timer_menten_prolif,0,0.05
1766306.431534393,80.29000000000642,Timer,timer_menten_prolif,0,0.05
1762101.7915525176,80.30000000000642,Timer,timer_menten_prolif,0,0.05
1757906.836992968,80.31000000000643,Timer,timer_menten_prolif,0,0.05
1753721.5499151405,80.32000000000643,Timer,timer_menten_prolif,0,0.05
1749545.9123551822,80.33000000000644,Timer,timer_menten_prolif,0,0.05
1745379.9063273752,80.34000000000644,Timer,timer_menten_prolif,0,0.05
1741223.513825521,80.35000000000645,Timer,timer_menten_prolif,0,0.05
1737076.716650073,80.36000000000645,Timer,timer_menten_prolif,0,0.05
1732939.4963238784,80.37000000000646,Timer,timer_menten_prolif,0,0.05
1728811.8351302207,80.38000000000646,Timer,timer_menten_prolif,0,0.05
1724693.7149498188,80.39000000000647,Timer,timer_menten_prolif,0,0.05
1720585.1176457643,80.40000000000647,Timer,timer_menten_prolif,0,0.05
1716486.0250647482,80.41000000000648,Timer,timer_menten_prolif,0,0.05
1712396.4190382874,80.42000000000648,Timer,timer_menten_prolif,0,0.05
1708316.2813839503,80.43000000000649,Timer,timer_menten_prolif,0,0.05
1704245.5939065837,80.44000000000649,Timer,timer_menten_prolif,0,0.05
1700184.338399539,80.4500000000065,Timer,timer_menten_prolif,0,0.05
1696132.4966458967,80.4600000000065,Timer,timer_menten_prolif,0,0.05
1692090.0504196952,80.47000000000651,Timer,timer_menten_prolif,0,0.05
1688056.9810811728,80.48000000000651,Timer,timer_menten_prolif,0,0.05
1684033.2701861293,80.49000000000652,Timer,timer_menten_prolif,0,0.05
1680018.8997653793,80.50000000000652,Timer,timer_menten_prolif,0,0.05
1676013.8515135783,80.51000000000653,Timer,timer_menten_prolif,0,0.05
1672018.107117518,80.52000000000653,Timer,timer_menten_prolif,0,0.05
1668031.6482571613,80.53000000000654,Timer,timer_menten_prolif,0,0.05
1664054.4566066782,80.54000000000654,Timer,timer_menten_prolif,0,0.05
1660086.5138354832,80.55000000000655,Timer,timer_menten_prolif,0,0.05
1656127.8016092684,80.56000000000655,Timer,timer_menten_prolif,0,0.05
1652178.3015910434,80.57000000000656,Timer,timer_menten_prolif,0,0.05
1648237.9954421679,80.58000000000656,Timer,timer_menten_prolif,0,0.05
1644306.8648233907,80.59000000000657,Timer,timer_menten_prolif,0,0.05
1640384.8908041746,80.60000000000657,Timer,timer_menten_prolif,0,0.05
1636472.0551860826,80.61000000000658,Timer,timer_menten_prolif,0,0.05
1632568.339755386,80.62000000000658,Timer,timer_menten_prolif,0,0.05
1628673.7261264548,80.63000000000659,Timer,timer_menten_prolif,0,0.05
1624788.1959134333,80.6400000000066,Timer,timer_menten_prolif,0,0.05
1620911.730731097,80.6500000000066,Timer,timer_menten_prolif,0,0.05
1617044.3121957039,80.6600000000066,Timer,timer_menten_prolif,0,0.05
1613185.9219258497,80.67000000000661,Timer,timer_menten_prolif,0,0.05
1609336.5415433208,80.68000000000661,Timer,timer_menten_prolif,0,0.05
1605496.1526739467,80.69000000000662,Timer,timer_menten_prolif,0,0.05
1601664.736948457,80.70000000000663,Timer,timer_menten_prolif,0,0.05
1597842.2760033319,80.71000000000663,Timer,timer_menten_prolif,0,0.05
1594028.7508432807,80.72000000000664,Timer,timer_menten_prolif,0,0.05
1590224.1435143368,80.73000000000664,Timer,timer_menten_prolif,0,0.05
1586428.4356470427,80.74000000000665,Timer,timer_menten_prolif,0,0.05
1582641.6088657423,80.75000000000665,Timer,timer_menten_prolif,0,0.05
1578863.6448009862,80.76000000000666,Timer,timer_menten_prolif,0,0.05
1575094.5250902437,80.77000000000666,Timer,timer_menten_prolif,0,0.05
1571334.2313786112,80.78000000000667,Timer,timer_menten_prolif,0,0.05
1567582.7453195238,80.79000000000667,Timer,timer_menten_prolif,0,0.05
1563840.0485754637,80.80000000000668,Timer,timer_menten_prolif,0,0.05
1560106.1228186693,80.81000000000668,Timer,timer_menten_prolif,0,0.05
1556380.9497318487,80.82000000000669,Timer,timer_menten_prolif,0,0.05
1552664.510914821,80.83000000000669,Timer,timer_menten_prolif,0,0.05
1548956.7877210625,80.8400000000067,Timer,timer_menten_prolif,0,0.05
1545257.7621300535,80.8500000000067,Timer,timer_menten_prolif,0,0.05
1541567.4158419631,80.8600000000067,Timer,timer_menten_prolif,0,0.05
1537885.7305681235,80.87000000000671,Timer,timer_menten_prolif,0,0.05
1534212.6880316273,80.88000000000672,Timer,timer_menten_prolif,0,0.05
1530548.2699679276,80.89000000000672,Timer,timer_menten_prolif,0,0.05
1526892.4581254371,80.90000000000673,Timer,timer_menten_prolif,0,0.05
1523245.2342661268,80.91000000000673,Timer,timer_menten_prolif,0,0.05
1519606.5801661233,80.92000000000674,Timer,timer_menten_prolif,0,0.05
1515976.477616312,80.93000000000674,Timer,timer_menten_prolif,0,0.05
1512354.9084229316,80.94000000000675,Timer,timer_menten_prolif,0,0.05
1508741.8542290428,80.95000000000675,Timer,timer_menten_prolif,0,0.05
1505137.29672564,80.96000000000676,Timer,timer_menten_prolif,0,0.05
1501541.2179280054,80.97000000000676,Timer,timer_menten_prolif,0,0.05
1497953.5996817842,80.98000000000677,Timer,timer_menten_prolif,0,0.05
1494374.4238484646,80.99000000000677,Timer,timer_menten_prolif,0,0.05
1490803.6723058792,81.00000000000678,Timer,timer_menten_prolif,0,0.05
1487241.3269487089,81.01000000000678,Timer,timer_menten_prolif,0,0.05
1483687.3696889828,81.02000000000679,Timer,timer_menten_prolif,0,0.05
1480141.7824565833,81.0300000000068,Timer,timer_menten_prolif,0,0.05
1476604.547199747,81.0400000000068,Timer,timer_menten_prolif,0,0.05
1473075.6458855679,81.0500000000068,Timer,timer_menten_prolif,0,0.05
1469555.0605004998,81.06000000000681,Timer,timer_menten_prolif,0,0.05
1466042.7727209106,81.07000000000681,Timer,timer_menten_prolif,0,0.05
1462538.764620106,81.08000000000682,Timer,timer_menten_prolif,0,0.05
1459043.0183533556,81.09000000000682,Timer,timer_menten_prolif,0,0.05
1455555.5159637905,81.10000000000683,Timer,timer_menten_prolif,0,0.05
1452076.2395143718,81.11000000000683,Timer,timer_menten_prolif,0,0.05
1448605.1710883235,81.12000000000684,Timer,timer_menten_prolif,0,0.05
1445142.2927895663,81.13000000000685,Timer,timer_menten_prolif,0,0.05
1441687.586743149,81.14000000000685,Timer,timer_menten_prolif,0,0.05
1438241.0350956814,81.15000000000686,Timer,timer_menten_prolif,0,0.05
1434802.6200157679,81.16000000000686,Timer,timer_menten_prolif,0,0.05
1431372.3236944396,81.17000000000687,Timer,timer_menten_prolif,0,0.05
1427950.1283455864,81.18000000000687,Timer,timer_menten_prolif,0,0.05
1424536.0162063902,81.19000000000688,Timer,timer_menten_prolif,0,0.05
1421129.9693144416,81.20000000000688,Timer,timer_menten_prolif,0,0.05
1417731.9697027663,81.21000000000689,Timer,timer_menten_prolif,0,0.05
1414341.9999486925,81.22000000000689,Timer,timer_menten_prolif,0,0.05
1410960.0423558266,81.2300000000069,Timer,timer_menten_prolif,0,0.05
1407586.0792507394,81.2400000000069,Timer,timer_menten_prolif,0,0.05
1404220.092983313,81.2500000000069,Timer,timer_menten_prolif,0,0.05
1400862.065927086,81.26000000000691,Timer,timer_menten_prolif,0,0.05
1397511.9804796022,81.27000000000692,Timer,timer_menten_prolif,0,0.05
1394169.819062756,81.28000000000692,Timer,timer_menten_prolif,0,0.05
1390835.5641231395,81.29000000000693,Timer,timer_menten_prolif,0,0.05
1387509.1981323892,81.30000000000693,Timer,timer_menten_prolif,0,0.05
1384190.7035875325,81.31000000000694,Timer,timer_menten_prolif,0,0.05
1380880.0630113345,81.32000000000694,Timer,timer_menten_prolif,0,0.05
1377577.258901484,81.33000000000695,Timer,timer_menten_prolif,0,0.05
1374282.2733369223,81.34000000000695,Timer,timer_menten_prolif,0,0.05
1370995.0892820586,81.35000000000696,Timer,timer_menten_prolif,0,0.05
1367715.689337842,81.36000000000696,Timer,timer_menten_prolif,0,0.05
1364444.0561303985,81.37000000000697,Timer,timer_menten_prolif,0,0.05
1361180.1723112992,81.38000000000697,Timer,timer_menten_prolif,0,0.05
1357924.0205578264,81.39000000000698,Timer,timer_menten_prolif,0,0.05
1354675.5835732403,81.40000000000698,Timer,timer_menten_prolif,0,0.05
1351434.8440870456,81.41000000000699,Timer,timer_menten_prolif,0,0.05
1348201.784855259,81.420000000007,Timer,timer_menten_prolif,0,0.05
1344976.3886606742,81.430000000007,Timer,timer_menten_prolif,0,0.05
1341758.638313131,81.440000000007,Timer,timer_menten_prolif,0,0.05
1338548.5166497808,81.45000000000701,Timer,timer_menten_prolif,0,0.05
1335346.0065353527,81.46000000000701,Timer,timer_menten_prolif,0,0.05
1332151.090517141,81.47000000000702,Timer,timer_menten_prolif,0,0.05
1328963.7516580727,81.48000000000702,Timer,timer_menten_prolif,0,0.05
1325783.9729557168,81.49000000000703,Timer,timer_menten_prolif,0,0.05
1322611.7373652733,81.50000000000703,Timer,timer_menten_prolif,0,0.05
1319447.0278690825,81.51000000000704,Timer,timer_menten_prolif,0,0.05
1316289.8274768302,81.52000000000704,Timer,timer_menten_prolif,0,0.05
1313140.1192257558,81.53000000000705,Timer,timer_menten_prolif,0,0.05
1309997.886180857,81.54000000000705,Timer,timer_menten_prolif,0,0.05
1306863.111435098,81.55000000000706,Timer,timer_menten_prolif,0,0.05
1303735.7781096147,81.56000000000707,Timer,timer_menten_prolif,0,0.05
1300615.8693539219,81.57000000000707,Timer,timer_menten_prolif,0,0.05
1297503.368346119,81.58000000000708,Timer,timer_menten_prolif,0,0.05
1294398.258293097,81.59000000000708,Timer,timer_menten_prolif,0,0.05
1291300.5222739163,81.60000000000709,Timer,timer_menten_prolif,0,0.05
1288210.143491745,81.61000000000709,Timer,timer_menten_prolif,0,0.05
1285127.1053500506,81.6200000000071,Timer,timer_menten_prolif,0,0.05
1282051.3911566637,81.6300000000071,Timer,timer_menten_prolif,0,0.05
1278982.9842479401,81.6400000000071,Timer,timer_menten_prolif,0,0.05
1275921.8679889222,81.65000000000711,Timer,timer_menten_prolif,0,0.05
1272868.025773501,81.66000000000712,Timer,timer_menten_prolif,0,0.05
1269821.4410245768,81.67000000000712,Timer,timer_menten_prolif,0,0.05
1266782.0971942227,81.68000000000713,Timer,timer_menten_prolif,0,0.05
1263749.9777638458,81.69000000000713,Timer,timer_menten_prolif,0,0.05
1260725.066244348,81.70000000000714,Timer,timer_menten_prolif,0,0.05
1257707.346176289,81.71000000000714,Timer,timer_menten_prolif,0,0.05
1254696.8011300485,81.72000000000715,Timer,timer_menten_prolif,0,0.05
1251693.414649346,81.73000000000715,Timer,timer_menten_prolif,0,0.05
1248697.1701808537,81.74000000000716,Timer,timer_menten_prolif,0,0.05
1245708.0515355773,81.75000000000716,Timer,timer_menten_prolif,0,0.05
1242726.042391141,81.76000000000717,Timer,timer_menten_prolif,0,0.05
1239751.1264546942,81.77000000000717,Timer,timer_menten_prolif,0,0.05
1236783.2874630364,81.78000000000718,Timer,timer_menten_prolif,0,0.05
1233822.5091827398,81.79000000000718,Timer,timer_menten_prolif,0,0.05
1230868.775410273,81.80000000000719,Timer,timer_menten_prolif,0,0.05
1227922.069972124,81.8100000000072,Timer,timer_menten_prolif,0,0.05
1224982.3767249254,81.8200000000072,Timer,timer_menten_prolif,0,0.05
1222049.6795555758,81.8300000000072,Timer,timer_menten_prolif,0,0.05
1219123.9623813655,81.84000000000721,Timer,timer_menten_prolif,0,0.05
1216205.2091500978,81.85000000000721,Timer,timer_menten_prolif,0,0.05
1213293.4038402142,81.86000000000722,Timer,timer_menten_prolif,0,0.05
1210388.530151663,81.87000000000722,Timer,timer_menten_prolif,0,0.05
1207490.572326336,81.88000000000723,Timer,timer_menten_prolif,0,0.05
1204599.514441156,81.89000000000723,Timer,timer_menten_prolif,0,0.05
1201715.3405854832,81.90000000000724,Timer,timer_menten_prolif,0,0.05
1198838.0348790495,81.91000000000724,Timer,timer_menten_prolif,0,0.05
1195967.5814720565,81.92000000000725,Timer,timer_menten_prolif,0,0.05
1193103.9645452718,81.93000000000725,Timer,timer_menten_prolif,0,0.05
1190247.1683101272,81.94000000000726,Timer,timer_menten_prolif,0,0.05
1187397.177008815,81.95000000000726,Timer,timer_menten_prolif,0,0.05
1184553.9749143869,81.96000000000727,Timer,timer_menten_prolif,0,0.05
1181717.5463308487,81.97000000000727,Timer,timer_menten_prolif,0,0.05
1178887.87559326,81.98000000000728,Timer,timer_menten_prolif,0,0.05
1176064.9470678293,81.99000000000729,Timer,timer_menten_prolif,0,0.05
1173248.7451520143,82.00000000000729,Timer,timer_menten_prolif,0,0.05
1170439.254274616,82.0100000000073,Timer,timer_menten_prolif,0,0.05
1167636.4586600093,82.0200000000073,Timer,timer_menten_prolif,0,0.05
1164840.3427912332,82.0300000000073,Timer,timer_menten_prolif,0,0.05
1162050.8913147028,82.04000000000731,Timer,timer_menten_prolif,0,0.05
1159268.0887698804,82.05000000000732,Timer,timer_menten_prolif,0,0.05
1156491.9197269669,82.06000000000732,Timer,timer_menten_prolif,0,0.05
1153722.3687869683,82.07000000000733,Timer,timer_menten_prolif,0,0.05
1150959.4205817585,82.08000000000733,Timer,timer_menten_prolif,0,0.05
1148203.0597741446,82.09000000000734,Timer,timer_menten_prolif,0,0.05
1145453.271057931,82.10000000000734,Timer,timer_menten_prolif,0,0.05
1142710.0391579845,82.11000000000735,Timer,timer_menten_prolif,0,0.05
1139973.3488302988,82.12000000000735,Timer,timer_menten_prolif,0,0.05
1137243.1848620572,82.13000000000736,Timer,timer_menten_prolif,0,0.05
1134519.5320716994,82.14000000000736,Timer,timer_menten_prolif,0,0.05
1131802.3753089847,82.15000000000737,Timer,timer_menten_prolif,0,0.05
1129091.6994550568,82.16000000000737,Timer,timer_menten_prolif,0,0.05
1126387.4893318457,82.17000000000738,Timer,timer_menten_prolif,0,0.05
1123689.729655684,82.18000000000738,Timer,timer_menten_prolif,0,0.05
1120998.4056129858,82.19000000000739,Timer,timer_menten_prolif,0,0.05
1118313.5021969099,82.20000000000739,Timer,timer_menten_prolif,0,0.05
1115635.0044313248,82.2100000000074,Timer,timer_menten_prolif,0,0.05
1112962.8973708404,82.2200000000074,Timer,timer_menten_prolif,0,0.05
1110297.1661008447,82.23000000000741,Timer,timer_menten_prolif,0,0.05
1107637.795737536,82.24000000000741,Timer,timer_menten_prolif,0,0.05
1104984.771427957,82.25000000000742,Timer,timer_menten_prolif,0,0.05
1102338.078350031,82.26000000000742,Timer,timer_menten_prolif,0,0.05
1099697.7017125937,82.27000000000743,Timer,timer_menten_prolif,0,0.05
1097063.6267554285,82.28000000000743,Timer,timer_menten_prolif,0,0.05
1094435.8387493012,82.29000000000744,Timer,timer_menten_prolif,0,0.05
1091814.3229959926,82.30000000000744,Timer,timer_menten_prolif,0,0.05
1089199.064828334,82.31000000000745,Timer,timer_menten_prolif,0,0.05
1086590.0496102413,82.32000000000745,Timer,timer_menten_prolif,0,0.05
1083987.2624885854,82.33000000000746,Timer,timer_menten_prolif,0,0.05
1081390.6890462376,82.34000000000746,Timer,timer_menten_prolif,0,0.05
1078800.3147490784,82.35000000000747,Timer,timer_menten_prolif,0,0.05
1076216.1250751861,82.36000000000747,Timer,timer_menten_prolif,0,0.05
1073638.1055331733,82.37000000000748,Timer,timer_menten_prolif,0,0.05
1071066.2416621961,82.38000000000748,Timer,timer_menten_prolif,0,0.05
1068500.5190319698,82.39000000000749,Timer,timer_menten_prolif,0,0.05
1065940.9232427806,82.4000000000075,Timer,timer_menten_prolif,0,0.05
1063387.4399254972,82.4100000000075,Timer,timer_menten_prolif,0,0.05
1060840.054741585,82.4200000000075,Timer,timer_menten_prolif,0,0.05
1058298.753383117,82.43000000000751,Timer,timer_menten_prolif,0,0.05
1055763.521572789,82.44000000000752,Timer,timer_menten_prolif,0,0.05
1053234.3450639297,82.45000000000752,Timer,timer_menten_prolif,0,0.05
1050711.209640515,82.46000000000753,Timer,timer_menten_prolif,0,0.05
1048194.10111718,82.47000000000753,Timer,timer_menten_prolif,0,0.05
1045683.0052381271,82.48000000000754,Timer,timer_menten_prolif,0,0.05
1043177.90787032,82.49000000000754,Timer,timer_menten_prolif,0,0.05
1040678.7949770172,82.50000000000755,Timer,timer_menten_prolif,0,0.05
1038185.652488701,82.51000000000755,Timer,timer_menten_prolif,0,0.05
1035698.4663660945,82.52000000000756,Timer,timer_menten_prolif,0,0.05
1033217.2226001607,82.53000000000756,Timer,timer_menten_prolif,0,0.05
1030741.9072121002,82.54000000000757,Timer,timer_menten_prolif,0,0.05
1028272.5062533492,82.55000000000757,Timer,timer_menten_prolif,0,0.05
1025809.0058055783,82.56000000000758,Timer,timer_menten_prolif,0,0.05
1023351.3919806904,82.57000000000758,Timer,timer_menten_prolif,0,0.05
1020899.6509208183,82.58000000000759,Timer,timer_menten_prolif,0,0.05
1018453.7687983237,82.59000000000759,Timer,timer_menten_prolif,0,0.05
1016013.7318157954,82.6000000000076,Timer,timer_menten_prolif,0,0.05
1013579.5262060468,82.6100000000076,Timer,timer_menten_prolif,0,0.05
1011151.138232115,82.62000000000761,Timer,timer_menten_prolif,0,0.05
1008728.5541543434,82.63000000000761,Timer,timer_menten_prolif,0,0.05
1006311.7602041211,82.64000000000762,Timer,timer_menten_prolif,0,0.05
1003900.7428184913,82.65000000000762,Timer,timer_menten_prolif,0,0.05
1001495.488375881,82.66000000000763,Timer,timer_menten_prolif,0,0.05
999095.983284546,82.67000000000763,Timer,timer_menten_prolif,0,0.05
996702.2139825552,82.68000000000764,Timer,timer_menten_prolif,0,0.05
994314.1669377778,82.69000000000764,Timer,timer_menten_prolif,0,0.05
991931.8286478701,82.70000000000765,Timer,timer_menten_prolif,0,0.05
989555.1856402615,82.71000000000765,Timer,timer_menten_prolif,0,0.05
987184.2244721414,82.72000000000766,Timer,timer_menten_prolif,0,0.05
984818.931730445,82.73000000000766,Timer,timer_menten_prolif,0,0.05
982459.2940318405,82.74000000000767,Timer,timer_menten_prolif,0,0.05
980105.2980227147,82.75000000000767,Timer,timer_menten_prolif,0,0.05
977756.93037916,82.76000000000768,Timer,timer_menten_prolif,0,0.05
975414.1778069614,82.77000000000768,Timer,timer_menten_prolif,0,0.05
973077.027041581,82.78000000000769,Timer,timer_menten_prolif,0,0.05
970745.4647607473,82.7900000000077,Timer,timer_menten_prolif,0,0.05
968419.4778072955,82.8000000000077,Timer,timer_menten_prolif,0,0.05
966099.0530082376,82.8100000000077,Timer,timer_menten_prolif,0,0.05
963784.1772120714,82.82000000000771,Timer,timer_menten_prolif,0,0.05
961474.8372964526,82.83000000000771,Timer,timer_menten_prolif,0,0.05
959171.0201681661,82.84000000000772,Timer,timer_menten_prolif,0,0.05
956872.712763095,82.85000000000773,Timer,timer_menten_prolif,0,0.05
954579.9020461927,82.86000000000773,Timer,timer_menten_prolif,0,0.05
952292.5750114515,82.87000000000774,Timer,timer_menten_prolif,0,0.05
950010.7186818752,82.88000000000774,Timer,timer_menten_prolif,0,0.05
947734.3201094473,82.89000000000775,Timer,timer_menten_prolif,0,0.05
945463.3663751037,82.90000000000775,Timer,timer_menten_prolif,0,0.05
943197.8445828686,82.91000000000776,Timer,timer_menten_prolif,0,0.05
940937.7418470904,82.92000000000776,Timer,timer_menten_prolif,0,0.05
938683.0453541167,82.93000000000777,Timer,timer_menten_prolif,0,0.05
936433.7422985743,82.94000000000777,Timer,timer_menten_prolif,0,0.05
934189.8199037403,82.95000000000778,Timer,timer_menten_prolif,0,0.05
931951.2654215072,82.96000000000778,Timer,timer_menten_prolif,0,0.05
929718.0661323472,82.97000000000779,Timer,timer_menten_prolif,0,0.05
927490.2093452781,82.98000000000779,Timer,timer_menten_prolif,0,0.05
925267.6823978269,82.9900000000078,Timer,timer_menten_prolif,0,0.05
923050.4726559961,83.0000000000078,Timer,timer_menten_prolif,0,0.05
920838.5675142277,83.0100000000078,Timer,timer_menten_prolif,0,0.05
918631.9543953686,83.02000000000781,Timer,timer_menten_prolif,0,0.05
916430.6207506347,83.03000000000782,Timer,timer_menten_prolif,0,0.05
914234.554054147,83.04000000000782,Timer,timer_menten_prolif,0,0.05
912043.7418105738,83.05000000000783,Timer,timer_menten_prolif,0,0.05
909858.171560341,83.06000000000783,Timer,timer_menten_prolif,0,0.05
907677.8308671258,83.07000000000784,Timer,timer_menten_prolif,0,0.05
905502.7073227435,83.08000000000784,Timer,timer_menten_prolif,0,0.05
903332.7885471114,83.09000000000785,Timer,timer_menten_prolif,0,0.05
901168.0621882111,83.10000000000785,Timer,timer_menten_prolif,0,0.05
899008.5159220523,83.11000000000786,Timer,timer_menten_prolif,0,0.05
896854.1374526338,83.12000000000786,Timer,timer_menten_prolif,0,0.05
894704.914511909,83.13000000000787,Timer,timer_menten_prolif,0,0.05
892560.8348597467,83.14000000000787,Timer,timer_menten_prolif,0,0.05
890421.8862838952,83.15000000000788,Timer,timer_menten_prolif,0,0.05
888288.0565999448,83.16000000000788,Timer,timer_menten_prolif,0,0.05
886159.3336361904,83.17000000000789,Timer,timer_menten_prolif,0,0.05
884035.7052686806,83.1800000000079,Timer,timer_menten_prolif,0,0.05
881917.1593990593,83.1900000000079,Timer,timer_menten_prolif,0,0.05
879803.6839527783,83.2000000000079,Timer,timer_menten_prolif,0,0.05
877695.2668828531,83.21000000000791,Timer,timer_menten_prolif,0,0.05
875591.8961698224,83.22000000000791,Timer,timer_menten_prolif,0,0.05
873493.559821707,83.23000000000792,Timer,timer_menten_prolif,0,0.05
871400.24587397,83.24000000000792,Timer,timer_menten_prolif,0,0.05
869311.9423894769,83.25000000000793,Timer,timer_menten_prolif,0,0.05
867228.6374584542,83.26000000000793,Timer,timer_menten_prolif,0,0.05
865150.3191984498,83.27000000000794,Timer,timer_menten_prolif,0,0.05
863076.9757542924,83.28000000000795,Timer,timer_menten_prolif,0,0.05
861008.5952967147,83.29000000000795,Timer,timer_menten_prolif,0,0.05
858945.1660015329,83.30000000000796,Timer,timer_menten_prolif,0,0.05
856886.676111471,83.31000000000796,Timer,timer_menten_prolif,0,0.05
854833.1138787204,83.32000000000797,Timer,timer_menten_prolif,0,0.05
852784.4675824367,83.33000000000797,Timer,timer_menten_prolif,0,0.05
850740.7255286942,83.34000000000798,Timer,timer_menten_prolif,0,0.05
848701.8760504426,83.35000000000798,Timer,timer_menten_prolif,0,0.05
846667.9075074606,83.36000000000799,Timer,timer_menten_prolif,0,0.05
844638.8082863127,83.37000000000799,Timer,timer_menten_prolif,0,0.05
842614.5668003048,83.380000000008,Timer,timer_menten_prolif,0,0.05
840595.1714894385,83.390000000008,Timer,timer_menten_prolif,0,0.05
838580.6108203671,83.400000000008,Timer,timer_menten_prolif,0,0.05
836570.8732863516,83.41000000000801,Timer,timer_menten_prolif,0,0.05
834565.9474016549,83.42000000000802,Timer,timer_menten_prolif,0,0.05
832565.8217041597,83.43000000000802,Timer,timer_menten_prolif,0,0.05
830570.4847745918,83.44000000000803,Timer,timer_menten_prolif,0,0.05
828579.9252112387,83.45000000000803,Timer,timer_menten_prolif,0,0.05
826594.1316386922,83.46000000000804,Timer,timer_menten_prolif,0,0.05
824613.0927078011,83.47000000000804,Timer,timer_menten_prolif,0,0.05
822636.7970956238,83.48000000000805,Timer,timer_menten_prolif,0,0.05
820665.2335053799,83.49000000000805,Timer,timer_menten_prolif,0,0.05
818698.3906664038,83.50000000000806,Timer,timer_menten_prolif,0,0.05
816736.2573340968,83.5,Timer,timer_menten_prolif,0,0.05
814778.8223755746,83.51,Timer,timer_menten_prolif,0,0.05
812826.0744319216,83.52000000000001,Timer,timer_menten_prolif,0,0.05
810878.0024150382,83.53000000000002,Timer,timer_menten_prolif,0,0.05
808934.5951838782,83.54000000000002,Timer,timer_menten_prolif,0,0.05
806995.8416231514,83.55000000000003,Timer,timer_menten_prolif,0,0.05
805061.7306433416,83.56000000000003,Timer,timer_menten_prolif,0,0.05
803132.251180623,83.57000000000004,Timer,timer_menten_prolif,0,0.05
801207.392196814,83.58000000000004,Timer,timer_menten_prolif,0,0.05
799287.1426793438,83.59000000000005,Timer,timer_menten_prolif,0,0.05
797371.4916411871,83.60000000000005,Timer,timer_menten_prolif,0,0.05
795460.4281208182,83.61000000000006,Timer,timer_menten_prolif,0,0.05
793553.9411821632,83.62000000000006,Timer,timer_menten_prolif,0,0.05
791652.0199145484,83.63000000000007,Timer,timer_menten_prolif,0,0.05
789754.6534326486,83.64000000000007,Timer,timer_menten_prolif,0,0.05
787861.830876443,83.65000000000008,Timer,timer_menten_prolif,0,0.05
785973.5414111565,83.66000000000008,Timer,timer_menten_prolif,0,0.05
784089.7742272184,83.67000000000009,Timer,timer_menten_prolif,0,0.05
782210.518540205,83.68000000000009,Timer,timer_menten_prolif,0,0.05
780335.7635907959,83.6900000000001,Timer,timer_menten_prolif,0,0.05
778465.4986447184,83.7000000000001,Timer,timer_menten_prolif,0,0.05
776599.712992702,83.71000000000011,Timer,timer_menten_prolif,0,0.05
774738.3959504239,83.72000000000011,Timer,timer_menten_prolif,0,0.05
772881.5368584634,83.73000000000012,Timer,timer_menten_prolif,0,0.05
771029.1250822472,83.74000000000012,Timer,timer_menten_prolif,0,0.05
769181.1500120035,83.75000000000013,Timer,timer_menten_prolif,0,0.05
767337.6010627081,83.76000000000013,Timer,timer_menten_prolif,0,0.05
765498.4676740353,83.77000000000014,Timer,timer_menten_prolif,0,0.05
763663.7393103114,83.78000000000014,Timer,timer_menten_prolif,0,0.05
761833.4054604599,83.79000000000015,Timer,timer_menten_prolif,0,0.05
760007.455637954,83.80000000000015,Timer,timer_menten_prolif,0,0.05
758185.8793807642,83.81000000000016,Timer,timer_menten_prolif,0,0.05
756368.6662513111,83.82000000000016,Timer,timer_menten_prolif,0,0.05
754555.8058364119,83.83000000000017,Timer,timer_menten_prolif,0,0.05
752747.28774723,83.84000000000017,Timer,timer_menten_prolif,0,0.05
750943.1016192287,83.85000000000018,Timer,timer_menten_prolif,0,0.05
749143.2371121168,83.86000000000018,Timer,timer_menten_prolif,0,0.05
747347.6839098085,83.87000000000019,Timer,timer_menten_prolif,0,0.05
745556.4317203624,83.8800000000002,Timer,timer_menten_prolif,0,0.05
743769.4702759235,83.8900000000002,Timer,timer_menten_prolif,0,0.05
741986.789332697,83.9000000000002,Timer,timer_menten_prolif,0,0.05
740208.378670882,83.91000000000021,Timer,timer_menten_prolif,0,0.05
738434.228094623,83.92000000000021,Timer,timer_menten_prolif,0,0.05
736664.327431964,83.93000000000022,Timer,timer_menten_prolif,0,0.05
734898.6665347959,83.94000000000023,Timer,timer_menten_prolif,0,0.05
733137.2352788069,83.95000000000023,Timer,timer_menten_prolif,0,0.05
731380.0235634298,83.96000000000024,Timer,timer_menten_prolif,0,0.05
729627.0213117993,83.97000000000024,Timer,timer_menten_prolif,0,0.05
727878.218470694,83.98000000000025,Timer,timer_menten_prolif,0,0.05
726133.6050104911,83.99000000000025,Timer,timer_menten_prolif,0,0.05
724393.1709251176,84.00000000000026,Timer,timer_menten_prolif,0,0.05
722656.9062319959,84.01000000000026,Timer,timer_menten_prolif,0,0.05
720924.8009719967,84.02000000000027,Timer,timer_menten_prolif,0,0.05
719196.845209392,84.03000000000027,Timer,timer_menten_prolif,0,0.05
717473.0290317975,84.04000000000028,Timer,timer_menten_prolif,0,0.05
715753.3425501322,84.05000000000028,Timer,timer_menten_prolif,0,0.05
714037.7758985646,84.06000000000029,Timer,timer_menten_prolif,0,0.05
712326.3192344694,84.07000000000029,Timer,timer_menten_prolif,0,0.05
710618.9627386557,84.0800000000003,Timer,timer_menten_prolif,0,0.05
708915.6966145394,84.0900000000003,Timer,timer_menten_prolif,0,0.05
707216.5110885799,84.1000000000003,Timer,timer_menten_prolif,0,0.05
705521.3964101843,84.11000000000031,Timer,timer_menten_prolif,0,0.05
703830.3428520603,84.12000000000032,Timer,timer_menten_prolif,0,0.05
702143.3407101787,84.13000000000032,Timer,timer_menten_prolif,0,0.05
700460.3803029668,84.14000000000033,Timer,timer_menten_prolif,0,0.05
698781.4519714034,84.15000000000033,Timer,timer_menten_prolif,0,0.05
697106.5460794275,84.16000000000034,Timer,timer_menten_prolif,0,0.05
695435.6530136797,84.17000000000034,Timer,timer_menten_prolif,0,0.05
693768.7631834426,84.18000000000035,Timer,timer_menten_prolif,0,0.05
692105.8670206445,84.19000000000035,Timer,timer_menten_prolif,0,0.05
690446.9549797876,84.20000000000036,Timer,timer_menten_prolif,0,0.05
688792.0175378395,84.21000000000036,Timer,timer_menten_prolif,0,0.05
687141.045194196,84.22000000000037,Timer,timer_menten_prolif,0,0.05
685494.0284706897,84.23000000000037,Timer,timer_menten_prolif,0,0.05
683850.9579115642,84.24000000000038,Timer,timer_menten_prolif,0,0.05
682211.8240833391,84.25000000000038,Timer,timer_menten_prolif,0,0.05
680576.6175748031,84.26000000000039,Timer,timer_menten_prolif,0,0.05
678945.3289969658,84.2700000000004,Timer,timer_menten_prolif,0,0.05
677317.948982998,84.2800000000004,Timer,timer_menten_prolif,0,0.05
675694.4681881933,84.2900000000004,Timer,timer_menten_prolif,0,0.05
674074.8772899176,84.30000000000041,Timer,timer_menten_prolif,0,0.05
672459.1669875539,84.31000000000041,Timer,timer_menten_prolif,0,0.05
670847.3280024615,84.32000000000042,Timer,timer_menten_prolif,0,0.05
669239.3510777561,84.33000000000042,Timer,timer_menten_prolif,0,0.05
667635.2269792004,84.34000000000043,Timer,timer_menten_prolif,0,0.05
666034.9464936033,84.35000000000043,Timer,timer_menten_prolif,0,0.05
664438.5004295921,84.36000000000044,Timer,timer_menten_prolif,0,0.05
662845.879617529,84.37000000000045,Timer,timer_menten_prolif,0,0.05
661257.0749095824,84.38000000000045,Timer,timer_menten_prolif,0,0.05
659672.0771796482,84.39000000000046,Timer,timer_menten_prolif,0,0.05
658090.8773232384,84.40000000000046,Timer,timer_menten_prolif,0,0.05
656513.4662569871,84.41000000000047,Timer,timer_menten_prolif,0,0.05
654939.8349193047,84.42000000000047,Timer,timer_menten_prolif,0,0.05
653369.9742697437,84.43000000000048,Timer,timer_menten_prolif,0,0.05
651803.8752890807,84.44000000000048,Timer,timer_menten_prolif,0,0.05
650241.5289821739,84.45000000000049,Timer,timer_menten_prolif,0,0.05
648682.9263721311,84.46000000000049,Timer,timer_menten_prolif,0,0.05
647128.0585038608,84.4700000000005,Timer,timer_menten_prolif,0,0.05
645576.916443736,84.4800000000005,Timer,timer_menten_prolif,0,0.05
644029.4912793492,84.4900000000005,Timer,timer_menten_prolif,0,0.05
642485.7741193405,84.50000000000051,Timer,timer_menten_prolif,0,0.05
640945.7560934692,84.51000000000052,Timer,timer_menten_prolif,0,0.05
639409.428352425,84.52000000000052,Timer,timer_menten_prolif,0,0.05
637876.7820679812,84.53000000000053,Timer,timer_menten_prolif,0,0.05
636347.8084328719,84.54000000000053,Timer,timer_menten_prolif,0,0.05
634822.4986606219,84.55000000000054,Timer,timer_menten_prolif,0,0.05
633300.8439855075,84.56000000000054,Timer,timer_menten_prolif,0,0.05
631782.8356627036,84.57000000000055,Timer,timer_menten_prolif,0,0.05
630268.4649680782,84.58000000000055,Timer,timer_menten_prolif,0,0.05
628757.723198201,84.59000000000056,Timer,timer_menten_prolif,0,0.05
627250.6016702851,84.60000000000056,Timer,timer_menten_prolif,0,0.05
625747.0917221375,84.61000000000057,Timer,timer_menten_prolif,0,0.05
624247.1847121173,84.62000000000057,Timer,timer_menten_prolif,0,0.05
622750.8720190895,84.63000000000058,Timer,timer_menten_prolif,0,0.05
621258.1450427934,84.64000000000058,Timer,timer_menten_prolif,0,0.05
619768.9952027533,84.65000000000059,Timer,timer_menten_prolif,0,0.05
618283.4139388646,84.6600000000006,Timer,timer_menten_prolif,0,0.05
616801.3927115444,84.6700000000006,Timer,timer_menten_prolif,0,0.05
615322.9230014847,84.6800000000006,Timer,timer_menten_prolif,0,0.05
613847.9963095825,84.69000000000061,Timer,timer_menten_prolif,0,0.05
612376.6041569397,84.70000000000061,Timer,timer_menten_prolif,0,0.05
610908.7380850314,84.71000000000062,Timer,timer_menten_prolif,0,0.05
609444.3896555434,84.72000000000062,Timer,timer_menten_prolif,0,0.05
607983.550447973,84.73000000000063,Timer,timer_menten_prolif,0,0.05
606526.2120632809,84.74000000000063,Timer,timer_menten_prolif,0,0.05
605072.3661223417,84.75000000000064,Timer,timer_menten_prolif,0,0.05
603622.0042700918,84.76000000000064,Timer,timer_menten_prolif,0,0.05
602175.1181678197,84.77000000000065,Timer,timer_menten_prolif,0,0.05
600731.6994945675,84.78000000000065,Timer,timer_menten_prolif,0,0.05
599291.7399511216,84.79000000000066,Timer,timer_menten_prolif,0,0.05
597855.2312577951,84.80000000000067,Timer,timer_menten_prolif,0,0.05
596422.1651546677,84.81000000000067,Timer,timer_menten_prolif,0,0.05
594992.5334015833,84.82000000000068,Timer,timer_menten_prolif,0,0.05
593566.327777673,84.83000000000068,Timer,timer_menten_prolif,0,0.05
592143.5400818964,84.84000000000069,Timer,timer_menten_prolif,0,0.05
590724.1621326437,84.85000000000069,Timer,timer_menten_prolif,0,0.05
589308.1857675652,84.8600000000007,Timer,timer_menten_prolif,0,0.05
587895.602843954,84.8700000000007,Timer,timer_menten_prolif,0,0.05
586486.4052385167,84.8800000000007,Timer,timer_menten_prolif,0,0.05
585080.5848472987,84.89000000000071,Timer,timer_menten_prolif,0,0.05
583678.1335854366,84.90000000000072,Timer,timer_menten_prolif,0,0.05
582279.0433872095,84.91000000000072,Timer,timer_menten_prolif,0,0.05
580883.3062063478,84.92000000000073,Timer,timer_menten_prolif,0,0.05
579490.9140155922,84.93000000000073,Timer,timer_menten_prolif,0,0.05
578101.8588068297,84.94000000000074,Timer,timer_menten_prolif,0,0.05
576716.1325910012,84.95000000000074,Timer,timer_menten_prolif,0,0.05
575333.7273980633,84.96000000000075,Timer,timer_menten_prolif,0,0.05
573954.6352769432,84.97000000000075,Timer,timer_menten_prolif,0,0.05
572578.8482954979,84.98000000000076,Timer,timer_menten_prolif,0,0.05
571206.3585404077,84.99000000000076,Timer,timer_menten_prolif,0,0.05
569837.1581176259,85.00000000000077,Timer,timer_menten_prolif,0,0.05
568471.2391516078,85.01000000000077,Timer,timer_menten_prolif,0,0.05
567108.5937852352,85.02000000000078,Timer,timer_menten_prolif,0,0.05
565749.2139904244,85.03000000000078,Timer,timer_menten_prolif,0,0.05
564393.0921930554,85.04000000000079,Timer,timer_menten_prolif,0,0.05
563040.2199669348,85.0500000000008,Timer,timer_menten_prolif,0,0.05
561690.5905345413,85.0600000000008,Timer,timer_menten_prolif,0,0.05
560344.1950708632,85.0700000000008,Timer,timer_menten_prolif,0,0.05
559001.028522555,85.08000000000081,Timer,timer_menten_prolif,0,0.05
557661.0813640467,85.09000000000081,Timer,timer_menten_prolif,0,0.05
556324.3445968879,85.10000000000082,Timer,timer_menten_prolif,0,0.05
554990.8111566954,85.11000000000082,Timer,timer_menten_prolif,0,0.05
553660.4737789042,85.12000000000083,Timer,timer_menten_prolif,0,0.05
552333.3247822975,85.13000000000083,Timer,timer_menten_prolif,0,0.05
551009.3565590933,85.14000000000084,Timer,timer_menten_prolif,0,0.05
549688.561492617,85.15000000000084,Timer,timer_menten_prolif,0,0.05
548370.9319929346,85.16000000000085,Timer,timer_menten_prolif,0,0.05
547056.4604018356,85.17000000000085,Timer,timer_menten_prolif,0,0.05
545745.1392509954,85.18000000000086,Timer,timer_menten_prolif,0,0.05
544436.960945623,85.19000000000086,Timer,timer_menten_prolif,0,0.05
543131.917963276,85.20000000000087,Timer,timer_menten_prolif,0,0.05
541830.0027984708,85.21000000000087,Timer,timer_menten_prolif,0,0.05
540531.2079625765,85.22000000000088,Timer,timer_menten_prolif,0,0.05
539235.5259940226,85.23000000000089,Timer,timer_menten_prolif,0,0.05
537942.949436388,85.24000000000089,Timer,timer_menten_prolif,0,0.05
536653.4708388154,85.2500000000009,Timer,timer_menten_prolif,0,0.05
535367.0827868273,85.2600000000009,Timer,timer_menten_prolif,0,0.05
534083.7778871956,85.2700000000009,Timer,timer_menten_prolif,0,0.05
532803.5487632762,85.28000000000091,Timer,timer_menten_prolif,0,0.05
531526.3880376789,85.29000000000092,Timer,timer_menten_prolif,0,0.05
530252.288359773,85.30000000000092,Timer,timer_menten_prolif,0,0.05
528981.2423982719,85.31000000000093,Timer,timer_menten_prolif,0,0.05
527713.2428395451,85.32000000000093,Timer,timer_menten_prolif,0,0.05
526448.2823866775,85.33000000000094,Timer,timer_menten_prolif,0,0.05
525186.3537602623,85.34000000000094,Timer,timer_menten_prolif,0,0.05
523927.44969868445,85.35000000000095,Timer,timer_menten_prolif,0,0.05
522671.5629578393,85.36000000000095,Timer,timer_menten_prolif,0,0.05
521418.68619819416,85.37000000000096,Timer,timer_menten_prolif,0,0.05
520168.812516908,85.38000000000096,Timer,timer_menten_prolif,0,0.05
518921.934469158,85.39000000000097,Timer,timer_menten_prolif,0,0.05
517678.04491489485,85.40000000000097,Timer,timer_menten_prolif,0,0.05
516437.13671790564,85.41000000000098,Timer,timer_menten_prolif,0,0.05
515199.2027692478,85.42000000000098,Timer,timer_menten_prolif,0,0.05
513964.2359466277,85.43000000000099,Timer,timer_menten_prolif,0,0.05
512732.2291234066,85.44000000000099,Timer,timer_menten_prolif,0,0.05
511503.17517294595,85.450000000001,Timer,timer_menten_prolif,0,0.05
510277.0672014868,85.460000000001,Timer,timer_menten_prolif,0,0.05
509053.89822306635,85.47000000000101,Timer,timer_menten_prolif,0,0.05
507833.6609995751,85.48000000000101,Timer,timer_menten_prolif,0,0.05
506616.3484418305,85.49000000000102,Timer,timer_menten_prolif,0,0.05
505401.9534606495,85.50000000000102,Timer,timer_menten_prolif,0,0.05
504190.4690150013,85.51000000000103,Timer,timer_menten_prolif,0,0.05
502981.8886690063,85.52000000000103,Timer,timer_menten_prolif,0,0.05
501776.20507344895,85.53000000000104,Timer,timer_menten_prolif,0,0.05
500573.4112190835,85.54000000000104,Timer,timer_menten_prolif,0,0.05
499373.5000966643,85.55000000000105,Timer,timer_menten_prolif,0,0.05
498176.4651118964,85.56000000000105,Timer,timer_menten_prolif,0,0.05
496982.2993951456,85.57000000000106,Timer,timer_menten_prolif,0,0.05
495790.99585922173,85.58000000000106,Timer,timer_menten_prolif,0,0.05
494602.54757315083,85.59000000000107,Timer,timer_menten_prolif,0,0.05
493416.94772408064,85.60000000000107,Timer,timer_menten_prolif,0,0.05
492234.1898985731,85.61000000000108,Timer,timer_menten_prolif,0,0.05
491054.2669537895,85.62000000000108,Timer,timer_menten_prolif,0,0.05
489877.1720336792,85.63000000000109,Timer,timer_menten_prolif,0,0.05
488702.89828219125,85.6400000000011,Timer,timer_menten_prolif,0,0.05
487531.4394465791,85.6500000000011,Timer,timer_menten_prolif,0,0.05
486362.78833270347,85.6600000000011,Timer,timer_menten_prolif,0,0.05
485196.93833022483,85.67000000000111,Timer,timer_menten_prolif,0,0.05
484033.88262064883,85.68000000000112,Timer,timer_menten_prolif,0,0.05
482873.6145421885,85.69000000000112,Timer,timer_menten_prolif,0,0.05
481716.1276212492,85.70000000000113,Timer,timer_menten_prolif,0,0.05
480561.41500206385,85.71000000000113,Timer,timer_menten_prolif,0,0.05
479409.47003017185,85.72000000000114,Timer,timer_menten_prolif,0,0.05
478260.2860778334,85.73000000000114,Timer,timer_menten_prolif,0,0.05
477113.8565320233,85.74000000000115,Timer,timer_menten_prolif,0,0.05
475970.1747684516,85.75000000000115,Timer,timer_menten_prolif,0,0.05
474829.2342542398,85.76000000000116,Timer,timer_menten_prolif,0,0.05
473691.02845557546,85.77000000000116,Timer,timer_menten_prolif,0,0.05
472555.550863991,85.78000000000117,Timer,timer_menten_prolif,0,0.05
471422.794969155,85.79000000000117,Timer,timer_menten_prolif,0,0.05
470292.7540440174,85.80000000000118,Timer,timer_menten_prolif,0,0.05
469165.4217381221,85.81000000000118,Timer,timer_menten_prolif,0,0.05
468040.7915845418,85.82000000000119,Timer,timer_menten_prolif,0,0.05
466918.85713525885,85.83000000000119,Timer,timer_menten_prolif,0,0.05
465799.6119608451,85.8400000000012,Timer,timer_menten_prolif,0,0.05
464683.049461666,85.8500000000012,Timer,timer_menten_prolif,0,0.05
463569.16330534953,85.86000000000121,Timer,timer_menten_prolif,0,0.05
462457.94708232634,85.87000000000121,Timer,timer_menten_prolif,0,0.05
461349.394397886,85.88000000000122,Timer,timer_menten_prolif,0,0.05
460243.4988721758,85.89000000000122,Timer,timer_menten_prolif,0,0.05
459140.2541150539,85.90000000000123,Timer,timer_menten_prolif,0,0.05
458039.65377947944,85.91000000000123,Timer,timer_menten_prolif,0,0.05
456941.69152681855,85.92000000000124,Timer,timer_menten_prolif,0,0.05
455846.36103031447,85.93000000000124,Timer,timer_menten_prolif,0,0.05
454753.65597743826,85.94000000000125,Timer,timer_menten_prolif,0,0.05
453663.5701145693,85.95000000000125,Timer,timer_menten_prolif,0,0.05
452576.09715047583,85.96000000000126,Timer,timer_menten_prolif,0,0.05
451491.2308096371,85.97000000000126,Timer,timer_menten_prolif,0,0.05
450408.9648420755,85.98000000000127,Timer,timer_menten_prolif,0,0.05
449329.29301244125,85.99000000000127,Timer,timer_menten_prolif,0,0.05
448252.2091000127,86.00000000000128,Timer,timer_menten_prolif,0,0.05
447177.70689869614,86.01000000000128,Timer,timer_menten_prolif,0,0.05
446105.78021702584,86.02000000000129,Timer,timer_menten_prolif,0,0.05
445036.42292580544,86.0300000000013,Timer,timer_menten_prolif,0,0.05
443969.6288457714,86.0400000000013,Timer,timer_menten_prolif,0,0.05
442905.39182848926,86.0500000000013,Timer,timer_menten_prolif,0,0.05
441843.70574621495,86.06000000000131,Timer,timer_menten_prolif,0,0.05
440784.56448619906,86.07000000000131,Timer,timer_menten_prolif,0,0.05
439727.96195068664,86.08000000000132,Timer,timer_menten_prolif,0,0.05
438673.8920569174,86.09000000000133,Timer,timer_menten_prolif,0,0.05
437622.3487371255,86.10000000000133,Timer,timer_menten_prolif,0,0.05
436573.32592659164,86.11000000000134,Timer,timer_menten_prolif,0,0.05
435526.8175936764,86.12000000000134,Timer,timer_menten_prolif,0,0.05
434482.8177147816,86.13000000000135,Timer,timer_menten_prolif,0,0.05
433441.32028097066,86.14000000000135,Timer,timer_menten_prolif,0,0.05
432402.319298221,86.15000000000136,Timer,timer_menten_prolif,0,0.05
431365.8087874241,86.16000000000136,Timer,timer_menten_prolif,0,0.05
430331.7827843862,86.17000000000137,Timer,timer_menten_prolif,0,0.05
429300.2353364038,86.18000000000137,Timer,timer_menten_prolif,0,0.05
428271.16046081984,86.19000000000138,Timer,timer_menten_prolif,0,0.05
427244.5522653668,86.20000000000138,Timer,timer_menten_prolif,0,0.05
426220.4048408428,86.21000000000139,Timer,timer_menten_prolif,0,0.05
425198.712292613,86.22000000000139,Timer,timer_menten_prolif,0,0.05
424179.4687406091,86.2300000000014,Timer,timer_menten_prolif,0,0.05
423162.6683193295,86.2400000000014,Timer,timer_menten_prolif,0,0.05
422148.3051778396,86.2500000000014,Timer,timer_menten_prolif,0,0.05
421136.3734816945,86.26000000000141,Timer,timer_menten_prolif,0,0.05
420126.8673401611,86.27000000000142,Timer,timer_menten_prolif,0,0.05
419119.7809893144,86.28000000000142,Timer,timer_menten_prolif,0,0.05
418115.10863070085,86.29000000000143,Timer,timer_menten_prolif,0,0.05
417112.84448033385,86.30000000000143,Timer,timer_menten_prolif,0,0.05
416112.98276864726,86.31000000000144,Timer,timer_menten_prolif,0,0.05
415115.51774045045,86.32000000000144,Timer,timer_menten_prolif,0,0.05
414120.4436548813,86.33000000000145,Timer,timer_menten_prolif,0,0.05
413127.7547776761,86.34000000000145,Timer,timer_menten_prolif,0,0.05
412137.44537537347,86.35000000000146,Timer,timer_menten_prolif,0,0.05
411149.5097603891,86.36000000000146,Timer,timer_menten_prolif,0,0.05
410163.9422441986,86.37000000000147,Timer,timer_menten_prolif,0,0.05
409180.7371517855,86.38000000000147,Timer,timer_menten_prolif,0,0.05
408199.8888215623,86.39000000000148,Timer,timer_menten_prolif,0,0.05
407221.3916052912,86.40000000000148,Timer,timer_menten_prolif,0,0.05
406245.23986800585,86.41000000000149,Timer,timer_menten_prolif,0,0.05
405271.42799062445,86.4200000000015,Timer,timer_menten_prolif,0,0.05
404299.950367357,86.4300000000015,Timer,timer_menten_prolif,0,0.05
403330.80140099814,86.4400000000015,Timer,timer_menten_prolif,0,0.05
402363.9755098473,86.45000000000151,Timer,timer_menten_prolif,0,0.05
401399.4671252067,86.46000000000151,Timer,timer_menten_prolif,0,0.05
400437.27069130895,86.47000000000152,Timer,timer_menten_prolif,0,0.05
399477.38066524523,86.48000000000152,Timer,timer_menten_prolif,0,0.05
398519.79151689354,86.49000000000153,Timer,timer_menten_prolif,0,0.05
397564.4977446228,86.50000000000153,Timer,timer_menten_prolif,0,0.05
396611.49384835735,86.51000000000154,Timer,timer_menten_prolif,0,0.05
395660.7743323508,86.52000000000155,Timer,timer_menten_prolif,0,0.05
394712.33372095565,86.53000000000155,Timer,timer_menten_prolif,0,0.05
393766.1665514687,86.54000000000156,Timer,timer_menten_prolif,0,0.05
392822.267374088,86.55000000000156,Timer,timer_menten_prolif,0,0.05
391880.63075186894,86.56000000000157,Timer,timer_menten_prolif,0,0.05
390941.25126068067,86.57000000000157,Timer,timer_menten_prolif,0,0.05
390004.1235021601,86.58000000000158,Timer,timer_menten_prolif,0,0.05
389069.2420757974,86.59000000000158,Timer,timer_menten_prolif,0,0.05
388136.6015954209,86.60000000000159,Timer,timer_menten_prolif,0,0.05
387206.19669028325,86.61000000000159,Timer,timer_menten_prolif,0,0.05
386278.0220025568,86.6200000000016,Timer,timer_menten_prolif,0,0.05
385352.0721873079,86.6300000000016,Timer,timer_menten_prolif,0,0.05
384428.34191247023,86.6400000000016,Timer,timer_menten_prolif,0,0.05
383506.8258588194,86.65000000000161,Timer,timer_menten_prolif,0,0.05
382587.5187189315,86.66000000000162,Timer,timer_menten_prolif,0,0.05
381670.4151996252,86.67000000000162,Timer,timer_menten_prolif,0,0.05
380755.51001992356,86.68000000000163,Timer,timer_menten_prolif,0,0.05
379842.7979115464,86.69000000000163,Timer,timer_menten_prolif,0,0.05
378932.2736189051,86.70000000000164,Timer,timer_menten_prolif,0,0.05
378023.9318990745,86.71000000000164,Timer,timer_menten_prolif,0,0.05
377117.7675217667,86.72000000000165,Timer,timer_menten_prolif,0,0.05
376213.77526860975,86.73000000000165,Timer,timer_menten_prolif,0,0.05
375311.9499295303,86.74000000000166,Timer,timer_menten_prolif,0,0.05
374412.2863143784,86.75000000000166,Timer,timer_menten_prolif,0,0.05
373514.77924231644,86.76000000000167,Timer,timer_menten_prolif,0,0.05
372619.4235448991,86.77000000000167,Timer,timer_menten_prolif,0,0.05
371726.21406603913,86.78000000000168,Timer,timer_menten_prolif,0,0.05
370835.1456619751,86.79000000000168,Timer,timer_menten_prolif,0,0.05
369946.2132012375,86.80000000000169,Timer,timer_menten_prolif,0,0.05
369059.41156456585,86.8100000000017,Timer,timer_menten_prolif,0,0.05
368174.73564486834,86.8200000000017,Timer,timer_menten_prolif,0,0.05
367292.1803474192,86.8300000000017,Timer,timer_menten_prolif,0,0.05
366411.74058956525,86.84000000000171,Timer,timer_menten_prolif,0,0.05
365533.4113007764,86.85000000000171,Timer,timer_menten_prolif,0,0.05
364657.18742261326,86.86000000000172,Timer,timer_menten_prolif,0,0.05
363783.06390869257,86.87000000000172,Timer,timer_menten_prolif,0,0.05
362911.0357246547,86.88000000000173,Timer,timer_menten_prolif,0,0.05
362041.0978481297,86.89000000000173,Timer,timer_menten_prolif,0,0.05
361173.24526975525,86.90000000000174,Timer,timer_menten_prolif,0,0.05
360307.4729949102,86.91000000000174,Timer,timer_menten_prolif,0,0.05
359443.77603469393,86.92000000000175,Timer,timer_menten_prolif,0,0.05
358582.1494149306,86.93000000000175,Timer,timer_menten_prolif,0,0.05
357722.5881733325,86.94000000000176,Timer,timer_menten_prolif,0,0.05
356865.0873594704,86.95000000000176,Timer,timer_menten_prolif,0,0.05
356009.64203474263,86.96000000000177,Timer,timer_menten_prolif,0,0.05
355156.24727234535,86.97000000000178,Timer,timer_menten_prolif,0,0.05
354304.8981572424,86.98000000000178,Timer,timer_menten_prolif,0,0.05
353455.58978661697,86.99000000000179,Timer,timer_menten_prolif,0,0.05
352608.3172722908,87.00000000000179,Timer,timer_menten_prolif,0,0.05
351763.0757324067,87.0100000000018,Timer,timer_menten_prolif,0,0.05
350919.8602991239,87.0200000000018,Timer,timer_menten_prolif,0,0.05
350078.6661162674,87.0300000000018,Timer,timer_menten_prolif,0,0.05
349239.48833930044,87.04000000000181,Timer,timer_menten_prolif,0,0.05
348402.3221352969,87.05000000000182,Timer,timer_menten_prolif,0,0.05
347567.1626829131,87.06000000000182,Timer,timer_menten_prolif,0,0.05
346734.0051723605,87.07000000000183,Timer,timer_menten_prolif,0,0.05
345902.8448053933,87.08000000000183,Timer,timer_menten_prolif,0,0.05
345073.67679559276,87.09000000000184,Timer,timer_menten_prolif,0,0.05
344246.4963674794,87.10000000000184,Timer,timer_menten_prolif,0,0.05
343421.2987572445,87.11000000000185,Timer,timer_menten_prolif,0,0.05
342598.0792124993,87.12000000000185,Timer,timer_menten_prolif,0,0.05
341776.8329922486,87.13000000000186,Timer,timer_menten_prolif,0,0.05
340957.5553668621,87.14000000000186,Timer,timer_menten_prolif,0,0.05
340140.2416180476,87.15000000000187,Timer,timer_menten_prolif,0,0.05
339324.8870388232,87.16000000000187,Timer,timer_menten_prolif,0,0.05
338511.4869334899,87.17000000000188,Timer,timer_menten_prolif,0,0.05
337700.036616888,87.18000000000188,Timer,timer_menten_prolif,0,0.05
336890.53141615697,87.19000000000189,Timer,timer_menten_prolif,0,0.05
336082.96666922537,87.20000000000189,Timer,timer_menten_prolif,0,0.05
335277.3377251655,87.2100000000019,Timer,timer_menten_prolif,0,0.05
334473.6399441854,87.2200000000019,Timer,timer_menten_prolif,0,0.05
333671.8686976008,87.23000000000191,Timer,timer_menten_prolif,0,0.05
332872.0193678076,87.24000000000191,Timer,timer_menten_prolif,0,0.05
332074.08734825335,87.25000000000192,Timer,timer_menten_prolif,0,0.05
331278.0680434095,87.26000000000192,Timer,timer_menten_prolif,0,0.05
330483.95686926227,87.27000000000193,Timer,timer_menten_prolif,0,0.05
329691.74925205717,87.28000000000193,Timer,timer_menten_prolif,0,0.05
328901.4406291726,87.29000000000194,Timer,timer_menten_prolif,0,0.05
328113.0264489638,87.30000000000194,Timer,timer_menten_prolif,0,0.05
327326.5021706774,87.31000000000195,Timer,timer_menten_prolif,0,0.05
326541.86326442414,87.32000000000195,Timer,timer_menten_prolif,0,0.05
325759.10521115083,87.33000000000196,Timer,timer_menten_prolif,0,0.05
324978.2235026129,87.34000000000196,Timer,timer_menten_prolif,0,0.05
324199.2136413468,87.35000000000197,Timer,timer_menten_prolif,0,0.05
323422.07114192675,87.36000000000197,Timer,timer_menten_prolif,0,0.05
322646.79152810224,87.37000000000198,Timer,timer_menten_prolif,0,0.05
321873.3703344837,87.38000000000198,Timer,timer_menten_prolif,0,0.05
321101.80310664396,87.39000000000199,Timer,timer_menten_prolif,0,0.05
320332.0854008198,87.400000000002,Timer,timer_menten_prolif,0,0.05
319564.2127838852,87.410000000002,Timer,timer_menten_prolif,0,0.05
318798.1808333247,87.420000000002,Timer,timer_menten_prolif,0,0.05
318033.9851372065,87.43000000000201,Timer,timer_menten_prolif,0,0.05
317271.62129415676,87.44000000000202,Timer,timer_menten_prolif,0,0.05
316511.08491428953,87.45000000000202,Timer,timer_menten_prolif,0,0.05
315752.37161725695,87.46000000000203,Timer,timer_menten_prolif,0,0.05
314995.4770330165,87.47000000000203,Timer,timer_menten_prolif,0,0.05
314240.3968023169,87.48000000000204,Timer,timer_menten_prolif,0,0.05
313487.12657634873,87.49000000000204,Timer,timer_menten_prolif,0,0.05
312735.6620167189,87.50000000000205,Timer,timer_menten_prolif,0,0.05
311985.99879542476,87.51000000000205,Timer,timer_menten_prolif,0,0.05
311238.1325948285,87.52000000000206,Timer,timer_menten_prolif,0,0.05
310492.05910763104,87.53000000000206,Timer,timer_menten_prolif,0,0.05
309747.7740372866,87.54000000000207,Timer,timer_menten_prolif,0,0.05
309005.2730972046,87.55000000000207,Timer,timer_menten_prolif,0,0.05
308264.5520108049,87.56000000000208,Timer,timer_menten_prolif,0,0.05
307525.60651197104,87.57000000000208,Timer,timer_menten_prolif,0,0.05
306788.4323448064,87.58000000000209,Timer,timer_menten_prolif,0,0.05
306053.02526360855,87.59000000000209,Timer,timer_menten_prolif,0,0.05
305319.3810328442,87.6000000000021,Timer,timer_menten_prolif,0,0.05
304587.4954271234,87.6100000000021,Timer,timer_menten_prolif,0,0.05
303857.36423117475,87.62000000000211,Timer,timer_menten_prolif,0,0.05
303128.98323986196,87.63000000000211,Timer,timer_menten_prolif,0,0.05
302402.3482582079,87.64000000000212,Timer,timer_menten_prolif,0,0.05
301677.4551012125,87.65000000000212,Timer,timer_menten_prolif,0,0.05
300954.2995939404,87.66000000000213,Timer,timer_menten_prolif,0,0.05
300232.87757139385,87.67000000000213,Timer,timer_menten_prolif,0,0.05
299513.184878626,87.68000000000214,Timer,timer_menten_prolif,0,0.05
298795.2173705708,87.69000000000214,Timer,timer_menten_prolif,0,0.05
298078.9709121508,87.70000000000215,Timer,timer_menten_prolif,0,0.05
297364.44137816376,87.71000000000215,Timer,timer_menten_prolif,0,0.05
296651.6246531335,87.72000000000216,Timer,timer_menten_prolif,0,0.05
295940.51663167565,87.73000000000216,Timer,timer_menten_prolif,0,0.05
295231.1132183395,87.74000000000217,Timer,timer_menten_prolif,0,0.05
294523.4103273217,87.75000000000217,Timer,timer_menten_prolif,0,0.05
293817.40388221154,87.76000000000218,Timer,timer_menten_prolif,0,0.05
293113.0898172092,87.77000000000218,Timer,timer_menten_prolif,0,0.05
292410.4640761076,87.78000000000219,Timer,timer_menten_prolif,0,0.05
291709.52261145896,87.7900000000022,Timer,timer_menten_prolif,0,0.05
291010.26138647244,87.8000000000022,Timer,timer_menten_prolif,0,0.05
290312.67637411127,87.8100000000022,Timer,timer_menten_prolif,0,0.05
289616.7635565961,87.82000000000221,Timer,timer_menten_prolif,0,0.05
288922.5189252022,87.83000000000222,Timer,timer_menten_prolif,0,0.05
288229.938481997,87.84000000000222,Timer,timer_menten_prolif,0,0.05
287539.0182383411,87.85000000000223,Timer,timer_menten_prolif,0,0.05
286849.75421412184,87.86000000000223,Timer,timer_menten_prolif,0,0.05
286162.1424397767,87.87000000000224,Timer,timer_menten_prolif,0,0.05
285476.17895536,87.88000000000224,Timer,timer_menten_prolif,0,0.05
284791.85980960494,87.89000000000225,Timer,timer_menten_prolif,0,0.05
284109.1810602822,87.90000000000225,Timer,timer_menten_prolif,0,0.05
283428.1387764189,87.91000000000226,Timer,timer_menten_prolif,0,0.05
282748.7290357492,87.92000000000226,Timer,timer_menten_prolif,0,0.05
282070.9479254688,87.93000000000227,Timer,timer_menten_prolif,0,0.05
281394.7915422041,87.94000000000227,Timer,timer_menten_prolif,0,0.05
280720.25599126064,87.95000000000228,Timer,timer_menten_prolif,0,0.05
280047.3373870714,87.96000000000228,Timer,timer_menten_prolif,0,0.05
279376.03185456817,87.97000000000229,Timer,timer_menten_prolif,0,0.05
278706.33552733285,87.98000000000229,Timer,timer_menten_prolif,0,0.05
278038.2445481502,87.9900000000023,Timer,timer_menten_prolif,0,0.05
277371.7550689721,88.0000000000023,Timer,timer_menten_prolif,0,0.05
276706.86325154256,88.01000000000231,Timer,timer_menten_prolif,0,0.05
276043.56526670104,88.02000000000231,Timer,timer_menten_prolif,0,0.05
275381.8572935763,88.03000000000232,Timer,timer_menten_prolif,0,0.05
274721.7355208067,88.04000000000232,Timer,timer_menten_prolif,0,0.05
274063.1961460807,88.05000000000233,Timer,timer_menten_prolif,0,0.05
273406.23537610547,88.06000000000233,Timer,timer_menten_prolif,0,0.05
272750.84942801733,88.07000000000234,Timer,timer_menten_prolif,0,0.05
272097.0345275137,88.08000000000234,Timer,timer_menten_prolif,0,0.05
271444.78690804867,88.09000000000235,Timer,timer_menten_prolif,0,0.05
270794.10281281784,88.10000000000235,Timer,timer_menten_prolif,0,0.05
270144.9784939967,88.11000000000236,Timer,timer_menten_prolif,0,0.05
269497.4102127181,88.12000000000236,Timer,timer_menten_prolif,0,0.05
268851.39423978433,88.13000000000237,Timer,timer_menten_prolif,0,0.05
268206.9268545433,88.14000000000237,Timer,timer_menten_prolif,0,0.05
267564.00434484764,88.15000000000238,Timer,timer_menten_prolif,0,0.05
266922.62300775986,88.16000000000238,Timer,timer_menten_prolif,0,0.05
266282.7791492373,88.17000000000239,Timer,timer_menten_prolif,0,0.05
265644.46908411325,88.1800000000024,Timer,timer_menten_prolif,0,0.05
265007.68913581106,88.1900000000024,Timer,timer_menten_prolif,0,0.05
264372.4356367732,88.2000000000024,Timer,timer_menten_prolif,0,0.05
263738.7049283311,88.21000000000241,Timer,timer_menten_prolif,0,0.05
263106.4933605161,88.22000000000241,Timer,timer_menten_prolif,0,0.05
262475.7972921202,88.23000000000242,Timer,timer_menten_prolif,0,0.05
261846.61309067506,88.24000000000242,Timer,timer_menten_prolif,0,0.05
261218.93713203518,88.25000000000243,Timer,timer_menten_prolif,0,0.05
260592.76580108714,88.26000000000244,Timer,timer_menten_prolif,0,0.05
259968.09549142222,88.27000000000244,Timer,timer_menten_prolif,0,0.05
259344.92260517582,88.28000000000245,Timer,timer_menten_prolif,0,0.05
258723.2435530959,88.29000000000245,Timer,timer_menten_prolif,0,0.05
258103.05475452053,88.30000000000246,Timer,timer_menten_prolif,0,0.05
257484.3526374609,88.31000000000246,Timer,timer_menten_prolif,0,0.05
256867.133638372,88.32000000000247,Timer,timer_menten_prolif,0,0.05
256251.39420224214,88.33000000000247,Timer,timer_menten_prolif,0,0.05
255637.13078258335,88.34000000000248,Timer,timer_menten_prolif,0,0.05
255024.33984139218,88.35000000000248,Timer,timer_menten_prolif,0,0.05
254413.01784912756,88.36000000000249,Timer,timer_menten_prolif,0,0.05
253803.1612850809,88.37000000000249,Timer,timer_menten_prolif,0,0.05
253194.7666365353,88.3800000000025,Timer,timer_menten_prolif,0,0.05
252587.83039927098,88.3900000000025,Timer,timer_menten_prolif,0,0.05
251982.34907750261,88.4000000000025,Timer,timer_menten_prolif,0,0.05
251378.3191838176,88.41000000000251,Timer,timer_menten_prolif,0,0.05
250775.7372391554,88.42000000000252,Timer,timer_menten_prolif,0,0.05
250174.59977304866,88.43000000000252,Timer,timer_menten_prolif,0,0.05
249574.9033230046,88.44000000000253,Timer,timer_menten_prolif,0,0.05
248976.64443493244,88.45000000000253,Timer,timer_menten_prolif,0,0.05
248379.81966303318,88.46000000000254,Timer,timer_menten_prolif,0,0.05
247784.42556976544,88.47000000000254,Timer,timer_menten_prolif,0,0.05
247190.45872582513,88.48000000000255,Timer,timer_menten_prolif,0,0.05
246597.91571013,88.49000000000255,Timer,timer_menten_prolif,0,0.05
246006.79310982046,88.50000000000256,Timer,timer_menten_prolif,0,0.05
245417.08752017314,88.51000000000256,Timer,timer_menten_prolif,0,0.05
244828.79554463967,88.52000000000257,Timer,timer_menten_prolif,0,0.05
244241.91379480978,88.53000000000257,Timer,timer_menten_prolif,0,0.05
243656.43889039123,88.54000000000258,Timer,timer_menten_prolif,0,0.05
243072.36745918985,88.55000000000258,Timer,timer_menten_prolif,0,0.05
242489.69613710043,88.56000000000259,Timer,timer_menten_prolif,0,0.05
241908.42156808556,88.5700000000026,Timer,timer_menten_prolif,0,0.05
241328.54040411743,88.5800000000026,Timer,timer_menten_prolif,0,0.05
240750.04930520052,88.5900000000026,Timer,timer_menten_prolif,0,0.05
240172.94493933843,88.60000000000261,Timer,timer_menten_prolif,0,0.05
239597.2239825137,88.61000000000261,Timer,timer_menten_prolif,0,0.05
239022.88311866793,88.62000000000262,Timer,timer_menten_prolif,0,0.05
238449.91903977515,88.63000000000262,Timer,timer_menten_prolif,0,0.05
237878.32844568708,88.64000000000263,Timer,timer_menten_prolif,0,0.05
237308.10804408515,88.65000000000263,Timer,timer_menten_prolif,0,0.05
236739.25455058267,88.66000000000264,Timer,timer_menten_prolif,0,0.05
236171.7646886572,88.67000000000264,Timer,timer_menten_prolif,0,0.05
235605.63518963102,88.68000000000265,Timer,timer_menten_prolif,0,0.05
235040.86279265152,88.69000000000266,Timer,timer_menten_prolif,0,0.05
234477.44424485945,88.70000000000266,Timer,timer_menten_prolif,0,0.05
233915.37630098138,88.71000000000267,Timer,timer_menten_prolif,0,0.05
233354.65572353228,88.72000000000267,Timer,timer_menten_prolif,0,0.05
232795.27928281302,88.73000000000268,Timer,timer_menten_prolif,0,0.05
232237.24375685863,88.74000000000268,Timer,timer_menten_prolif,0,0.05
231680.54593141883,88.75000000000269,Timer,timer_menten_prolif,0,0.05
231125.1825999433,88.76000000000269,Timer,timer_menten_prolif,0,0.05
230571.15056375143,88.7700000000027,Timer,timer_menten_prolif,0,0.05
230018.446631546,88.7800000000027,Timer,timer_menten_prolif,0,0.05
229467.06761978054,88.7900000000027,Timer,timer_menten_prolif,0,0.05
228917.0103525331,88.80000000000271,Timer,timer_menten_prolif,0,0.05
228368.27166148712,88.81000000000272,Timer,timer_menten_prolif,0,0.05
227820.84838591263,88.82000000000272,Timer,timer_menten_prolif,0,0.05
227274.73737268872,88.83000000000273,Timer,timer_menten_prolif,0,0.05
226729.93547634373,88.84000000000273,Timer,timer_menten_prolif,0,0.05
226186.43955872324,88.85000000000274,Timer,timer_menten_prolif,0,0.05
225644.24648928276,88.86000000000274,Timer,timer_menten_prolif,0,0.05
225103.3531449738,88.87000000000275,Timer,timer_menten_prolif,0,0.05
224563.75641022524,88.88000000000275,Timer,timer_menten_prolif,0,0.05
224025.45317692446,88.89000000000276,Timer,timer_menten_prolif,0,0.05
223488.44034439896,88.90000000000276,Timer,timer_menten_prolif,0,0.05
222952.71481947278,88.91000000000277,Timer,timer_menten_prolif,0,0.05
222418.27351649228,88.92000000000277,Timer,timer_menten_prolif,0,0.05
221885.11335689283,88.93000000000278,Timer,timer_menten_prolif,0,0.05
221353.23126961675,88.94000000000278,Timer,timer_menten_prolif,0,0.05
220822.6241909586,88.95000000000279,Timer,timer_menten_prolif,0,0.05
220293.28906454658,88.9600000000028,Timer,timer_menten_prolif,0,0.05
219765.2228413243,88.9700000000028,Timer,timer_menten_prolif,0,0.05
219238.4224795325,88.9800000000028,Timer,timer_menten_prolif,0,0.05
218712.8849447614,88.99000000000281,Timer,timer_menten_prolif,0,0.05
218188.60720995677,89.00000000000281,Timer,timer_menten_prolif,0,0.05
217665.58625509348,89.01000000000282,Timer,timer_menten_prolif,0,0.05
217143.81906747512,89.02000000000282,Timer,timer_menten_prolif,0,0.05
216623.30264162,89.03000000000283,Timer,timer_menten_prolif,0,0.05
216104.03397924325,89.04000000000283,Timer,timer_menten_prolif,0,0.05
215586.01008925296,89.05000000000284,Timer,timer_menten_prolif,0,0.05
215069.22798778187,89.06000000000284,Timer,timer_menten_prolif,0,0.05
214553.6846980063,89.07000000000285,Timer,timer_menten_prolif,0,0.05
214039.37725027296,89.08000000000285,Timer,timer_menten_prolif,0,0.05
213526.3026820405,89.09000000000286,Timer,timer_menten_prolif,0,0.05
213014.4580378618,89.10000000000286,Timer,timer_menten_prolif,0,0.05
212503.84036936768,89.11000000000287,Timer,timer_menten_prolif,0,0.05
211994.44673529238,89.12000000000288,Timer,timer_menten_prolif,0,0.05
211486.27420135244,89.13000000000288,Timer,timer_menten_prolif,0,0.05
210979.31984031337,89.14000000000289,Timer,timer_menten_prolif,0,0.05
210473.58073194936,89.15000000000289,Timer,timer_menten_prolif,0,0.05
209969.05396302574,89.1600000000029,Timer,timer_menten_prolif,0,0.05
209465.73662728193,89.1700000000029,Timer,timer_menten_prolif,0,0.05
208963.62582549447,89.1800000000029,Timer,timer_menten_prolif,0,0.05
208462.71866528742,89.19000000000291,Timer,timer_menten_prolif,0,0.05
207963.01226123003,89.20000000000292,Timer,timer_menten_prolif,0,0.05
207464.5037348071,89.21000000000292,Timer,timer_menten_prolif,0,0.05
206967.1902143943,89.22000000000293,Timer,timer_menten_prolif,0,0.05
206471.0688352408,89.23000000000293,Timer,timer_menten_prolif,0,0.05
205976.13673954108,89.24000000000294,Timer,timer_menten_prolif,0,0.05
205482.39107625728,89.25000000000294,Timer,timer_menten_prolif,0,0.05
204989.82900116066,89.26000000000295,Timer,timer_menten_prolif,0,0.05
204498.44767685578,89.27000000000295,Timer,timer_menten_prolif,0,0.05
204008.24427274012,89.28000000000296,Timer,timer_menten_prolif,0,0.05
203519.21596498752,89.29000000000296,Timer,timer_menten_prolif,0,0.05
203031.35993659182,89.30000000000297,Timer,timer_menten_prolif,0,0.05
202544.6733772711,89.31000000000297,Timer,timer_menten_prolif,0,0.05
202059.15348341985,89.32000000000298,Timer,timer_menten_prolif,0,0.05
201574.79745817714,89.33000000000298,Timer,timer_menten_prolif,0,0.05
201091.6025113791,89.34000000000299,Timer,timer_menten_prolif,0,0.05
200609.56585954205,89.35000000000299,Timer,timer_menten_prolif,0,0.05
200128.6847258796,89.360000000003,Timer,timer_menten_prolif,0,0.05
199648.9563402715,89.370000000003,Timer,timer_menten_prolif,0,0.05
199170.37793916248,89.38000000000301,Timer,timer_menten_prolif,0,0.05
198692.94676564718,89.39000000000301,Timer,timer_menten_prolif,0,0.05
198216.66006942157,89.40000000000302,Timer,timer_menten_prolif,0,0.05
197741.5151067667,89.41000000000302,Timer,timer_menten_prolif,0,0.05
197267.50914055173,89.42000000000303,Timer,timer_menten_prolif,0,0.05
196794.63944024435,89.43000000000303,Timer,timer_menten_prolif,0,0.05
196322.90328176442,89.44000000000304,Timer,timer_menten_prolif,0,0.05
195852.29794759117,89.45000000000304,Timer,timer_menten_prolif,0,0.05
195382.82072671113,89.46000000000305,Timer,timer_menten_prolif,0,0.05
194914.46891460184,89.47000000000305,Timer,timer_menten_prolif,0,0.05
194447.23981322482,89.48000000000306,Timer,timer_menten_prolif,0,0.05
193981.1307310791,89.49000000000306,Timer,timer_menten_prolif,0,0.05
193516.13898299204,89.50000000000307,Timer,timer_menten_prolif,0,0.05
193052.26189026737,89.51000000000307,Timer,timer_menten_prolif,0,0.05
192589.49678062322,89.52000000000308,Timer,timer_menten_prolif,0,0.05
192127.84098817658,89.53000000000308,Timer,timer_menten_prolif,0,0.05
191667.2918534275,89.54000000000309,Timer,timer_menten_prolif,0,0.05
191207.8467233416,89.5500000000031,Timer,timer_menten_prolif,0,0.05
190749.5029511105,89.5600000000031,Timer,timer_menten_prolif,0,0.05
190292.2578963086,89.5700000000031,Timer,timer_menten_prolif,0,0.05
189836.1089248361,89.58000000000311,Timer,timer_menten_prolif,0,0.05
189381.05340890144,89.59000000000312,Timer,timer_menten_prolif,0,0.05
188927.0887270057,89.60000000000312,Timer,timer_menten_prolif,0,0.05
188474.21226400248,89.61000000000313,Timer,timer_menten_prolif,0,0.05
188022.42141093122,89.62000000000313,Timer,timer_menten_prolif,0,0.05
187571.7135650859,89.63000000000314,Timer,timer_menten_prolif,0,0.05
187122.08613000705,89.64000000000314,Timer,timer_menten_prolif,0,0.05
186673.5365154539,89.65000000000315,Timer,timer_menten_prolif,0,0.05
186226.06213738912,89.66000000000315,Timer,timer_menten_prolif,0,0.05
185779.66041801835,89.67000000000316,Timer,timer_menten_prolif,0,0.05
185334.328785687,89.68000000000316,Timer,timer_menten_prolif,0,0.05
184890.06467487544,89.69000000000317,Timer,timer_menten_prolif,0,0.05
184446.8655262299,89.70000000000317,Timer,timer_menten_prolif,0,0.05
184004.728786527,89.71000000000318,Timer,timer_menten_prolif,0,0.05
183563.6519086592,89.72000000000318,Timer,timer_menten_prolif,0,0.05
183123.63235165822,89.73000000000319,Timer,timer_menten_prolif,0,0.05
182684.66758064227,89.74000000000319,Timer,timer_menten_prolif,0,0.05
182246.75506675136,89.7500000000032,Timer,timer_menten_prolif,0,0.05
181809.89228721074,89.7600000000032,Timer,timer_menten_prolif,0,0.05
181374.0767252894,89.77000000000321,Timer,timer_menten_prolif,0,0.05
180939.30587028532,89.78000000000321,Timer,timer_menten_prolif,0,0.05
180505.57721753634,89.79000000000322,Timer,timer_menten_prolif,0,0.05
180072.88826841046,89.80000000000322,Timer,timer_menten_prolif,0,0.05
179641.2365301877,89.81000000000323,Timer,timer_menten_prolif,0,0.05
179210.61951615405,89.82000000000323,Timer,timer_menten_prolif,0,0.05
178781.0347455536,89.83000000000324,Timer,timer_menten_prolif,0,0.05
178352.47974357393,89.84000000000324,Timer,timer_menten_prolif,0,0.05
177924.95204134553,89.85000000000325,Timer,timer_menten_prolif,0,0.05
177498.44917597005,89.86000000000325,Timer,timer_menten_prolif,0,0.05
177072.96869035676,89.87000000000326,Timer,timer_menten_prolif,0,0.05
176648.5081333414,89.88000000000326,Timer,timer_menten_prolif,0,0.05
176225.0650596334,89.89000000000327,Timer,timer_menten_prolif,0,0.05
175802.6370298019,89.90000000000327,Timer,timer_menten_prolif,0,0.05
175381.22161026511,89.91000000000328,Timer,timer_menten_prolif,0,0.05
174960.8163733706,89.92000000000328,Timer,timer_menten_prolif,0,0.05
174541.41889713705,89.93000000000329,Timer,timer_menten_prolif,0,0.05
174123.0267654457,89.9400000000033,Timer,timer_menten_prolif,0,0.05
173705.63756796805,89.9500000000033,Timer,timer_menten_prolif,0,0.05
173289.24890015158,89.9600000000033,Timer,timer_menten_prolif,0,0.05
172873.8583632056,89.97000000000331,Timer,timer_menten_prolif,0,0.05
172459.46356408714,89.98000000000332,Timer,timer_menten_prolif,0,0.05
172046.06211563008,89.99000000000332,Timer,timer_menten_prolif,0,0.05
171633.65163619316,90.00000000000333,Timer,timer_menten_prolif,0,0.05
171222.22974991126,90.01000000000333,Timer,timer_menten_prolif,0,0.05
170811.7940866183,90.02000000000334,Timer,timer_menten_prolif,0,0.05
170402.3422818287,90.03000000000334,Timer,timer_menten_prolif,0,0.05
169993.87197672343,90.04000000000335,Timer,timer_menten_prolif,0,0.05
169586.38081813592,90.05000000000335,Timer,timer_menten_prolif,0,0.05
169179.86645867868,90.06000000000336,Timer,timer_menten_prolif,0,0.05
168774.32655641923,90.07000000000336,Timer,timer_menten_prolif,0,0.05
168369.7587750757,90.08000000000337,Timer,timer_menten_prolif,0,0.05
167966.16078398298,90.09000000000337,Timer,timer_menten_prolif,0,0.05
167563.53025806297,90.10000000000338,Timer,timer_menten_prolif,0,0.05
167161.86487781064,90.11000000000338,Timer,timer_menten_prolif,0,0.05
166761.1623292804,90.12000000000339,Timer,timer_menten_prolif,0,0.05
166361.42030418612,90.13000000000339,Timer,timer_menten_prolif,0,0.05
165962.63649965735,90.1400000000034,Timer,timer_menten_prolif,0,0.05
165564.8086183446,90.1500000000034,Timer,timer_menten_prolif,0,0.05
165167.93436843125,90.16000000000341,Timer,timer_menten_prolif,0,0.05
164772.0114635956,90.17000000000341,Timer,timer_menten_prolif,0,0.05
164377.03762299713,90.18000000000342,Timer,timer_menten_prolif,0,0.05
163983.01057126303,90.19000000000342,Timer,timer_menten_prolif,0,0.05
163589.92803853744,90.20000000000343,Timer,timer_menten_prolif,0,0.05
163197.78776036587,90.21000000000343,Timer,timer_menten_prolif,0,0.05
162806.58747770084,90.22000000000344,Timer,timer_menten_prolif,0,0.05
162416.32493693306,90.23000000000344,Timer,timer_menten_prolif,0,0.05
162026.9978898581,90.24000000000345,Timer,timer_menten_prolif,0,0.05
161638.60409366293,90.25000000000345,Timer,timer_menten_prolif,0,0.05
161251.14131095156,90.26000000000346,Timer,timer_menten_prolif,0,0.05
160864.60730965168,90.27000000000346,Timer,timer_menten_prolif,0,0.05
160478.99986305315,90.28000000000347,Timer,timer_menten_prolif,0,0.05
160094.31674979045,90.29000000000347,Timer,timer_menten_prolif,0,0.05
159710.55575382579,90.30000000000348,Timer,timer_menten_prolif,0,0.05
159327.7146644378,90.31000000000348,Timer,timer_menten_prolif,0,0.05
158945.79127624113,90.32000000000349,Timer,timer_menten_prolif,0,0.05
158564.78338909312,90.3300000000035,Timer,timer_menten_prolif,0,0.05
158184.68880814596,90.3400000000035,Timer,timer_menten_prolif,0,0.05
157805.50534381613,90.3500000000035,Timer,timer_menten_prolif,0,0.05
157427.23081177124,90.36000000000351,Timer,timer_menten_prolif,0,0.05
157049.86303292765,90.37000000000351,Timer,timer_menten_prolif,0,0.05
156673.3998334585,90.38000000000352,Timer,timer_menten_prolif,0,0.05
156297.8390446974,90.39000000000352,Timer,timer_menten_prolif,0,0.05
155923.17850320163,90.40000000000353,Timer,timer_menten_prolif,0,0.05
155549.4160507173,90.41000000000354,Timer,timer_menten_prolif,0,0.05
155176.54953416696,90.42000000000354,Timer,timer_menten_prolif,0,0.05
154804.57680565843,90.43000000000355,Timer,timer_menten_prolif,0,0.05
154433.49572246335,90.44000000000355,Timer,timer_menten_prolif,0,0.05
154063.30414694978,90.45000000000356,Timer,timer_menten_prolif,0,0.05
153693.99994663373,90.46000000000356,Timer,timer_menten_prolif,0,0.05
153325.58099414635,90.47000000000357,Timer,timer_menten_prolif,0,0.05
152958.04516722143,90.48000000000357,Timer,timer_menten_prolif,0,0.05
152591.39034871268,90.49000000000358,Timer,timer_menten_prolif,0,0.05
152225.61442653934,90.50000000000358,Timer,timer_menten_prolif,0,0.05
151860.71529366734,90.51000000000359,Timer,timer_menten_prolif,0,0.05
151496.69084813,90.52000000000359,Timer,timer_menten_prolif,0,0.05
151133.5389930031,90.5300000000036,Timer,timer_menten_prolif,0,0.05
150771.2576363922,90.5400000000036,Timer,timer_menten_prolif,0,0.05
150409.84469145595,90.5500000000036,Timer,timer_menten_prolif,0,0.05
150049.29807632492,90.56000000000361,Timer,timer_menten_prolif,0,0.05
149689.61571412493,90.57000000000362,Timer,timer_menten_prolif,0,0.05
149330.7955329702,90.58000000000362,Timer,timer_menten_prolif,0,0.05
148972.83546594507,90.59000000000363,Timer,timer_menten_prolif,0,0.05
148615.73345109174,90.60000000000363,Timer,timer_menten_prolif,0,0.05
148259.48743144405,90.61000000000364,Timer,timer_menten_prolif,0,0.05
147904.0953549107,90.62000000000364,Timer,timer_menten_prolif,0,0.05
147549.55517434498,90.63000000000365,Timer,timer_menten_prolif,0,0.05
147195.86484751105,90.64000000000365,Timer,timer_menten_prolif,0,0.05
146843.02233707215,90.65000000000366,Timer,timer_menten_prolif,0,0.05
146491.0256105846,90.66000000000366,Timer,timer_menten_prolif,0,0.05
146139.872640515,90.67000000000367,Timer,timer_menten_prolif,0,0.05
145789.56140413915,90.68000000000367,Timer,timer_menten_prolif,0,0.05
145440.08988360668,90.69000000000368,Timer,timer_menten_prolif,0,0.05
145091.45606590773,90.70000000000368,Timer,timer_menten_prolif,0,0.05
144743.65794286085,90.71000000000369,Timer,timer_menten_prolif,0,0.05
144396.69351111614,90.7200000000037,Timer,timer_menten_prolif,0,0.05
144050.56077214662,90.7300000000037,Timer,timer_menten_prolif,0,0.05
143705.25773217756,90.7400000000037,Timer,timer_menten_prolif,0,0.05
143360.78240223526,90.75000000000371,Timer,timer_menten_prolif,0,0.05
143017.13279811718,90.76000000000371,Timer,timer_menten_prolif,0,0.05
142674.30694038002,90.77000000000372,Timer,timer_menten_prolif,0,0.05
142332.30285435123,90.78000000000372,Timer,timer_menten_prolif,0,0.05
141991.11857009173,90.79000000000373,Timer,timer_menten_prolif,0,0.05
141650.7521223629,90.80000000000373,Timer,timer_menten_prolif,0,0.05
141311.20155065384,90.81000000000374,Timer,timer_menten_prolif,0,0.05
140972.46489915616,90.82000000000374,Timer,timer_menten_prolif,0,0.05
140634.54021675256,90.83000000000375,Timer,timer_menten_prolif,0,0.05
140297.42555703723,90.84000000000376,Timer,timer_menten_prolif,0,0.05
139961.1189782476,90.85000000000376,Timer,timer_menten_prolif,0,0.05
139625.61854327223,90.86000000000377,Timer,timer_menten_prolif,0,0.05
139290.92231965438,90.87000000000377,Timer,timer_menten_prolif,0,0.05
138957.02837957232,90.88000000000378,Timer,timer_menten_prolif,0,0.05
138623.93479982798,90.89000000000378,Timer,timer_menten_prolif,0,0.05
138291.63966187806,90.90000000000379,Timer,timer_menten_prolif,0,0.05
137960.1410517304,90.91000000000379,Timer,timer_menten_prolif,0,0.05
137629.43705999723,90.9200000000038,Timer,timer_menten_prolif,0,0.05
137299.52578187326,90.9300000000038,Timer,timer_menten_prolif,0,0.05
136970.40531712145,90.9400000000038,Timer,timer_menten_prolif,0,0.05
136642.07377006547,90.95000000000381,Timer,timer_menten_prolif,0,0.05
136314.52924961524,90.96000000000382,Timer,timer_menten_prolif,0,0.05
135987.7698691588,90.97000000000382,Timer,timer_menten_prolif,0,0.05
135661.79374663119,90.98000000000383,Timer,timer_menten_prolif,0,0.05
135336.59900448122,90.99000000000383,Timer,timer_menten_prolif,0,0.05
135012.18376966042,91.00000000000384,Timer,timer_menten_prolif,0,0.05
134688.54617362272,91.01000000000384,Timer,timer_menten_prolif,0,0.05
134365.68435232673,91.02000000000385,Timer,timer_menten_prolif,0,0.05
134043.59644615627,91.03000000000385,Timer,timer_menten_prolif,0,0.05
133722.28059997398,91.04000000000386,Timer,timer_menten_prolif,0,0.05
133401.73496309138,91.05000000000386,Timer,timer_menten_prolif,0,0.05
133081.95768925772,91.06000000000387,Timer,timer_menten_prolif,0,0.05
132762.9469366771,91.07000000000387,Timer,timer_menten_prolif,0,0.05
132444.70086797205,91.08000000000388,Timer,timer_menten_prolif,0,0.05
132127.2176501262,91.09000000000388,Timer,timer_menten_prolif,0,0.05
131810.49545454216,91.10000000000389,Timer,timer_menten_prolif,0,0.05
131494.5324570069,91.1100000000039,Timer,timer_menten_prolif,0,0.05
131179.326837681,91.1200000000039,Timer,timer_menten_prolif,0,0.05
130864.87678108751,91.1300000000039,Timer,timer_menten_prolif,0,0.05
130551.1804761347,91.14000000000391,Timer,timer_menten_prolif,0,0.05
130238.23611610508,91.15000000000391,Timer,timer_menten_prolif,0,0.05
129926.04189851579,91.16000000000392,Timer,timer_menten_prolif,0,0.05
129614.59602525056,91.17000000000392,Timer,timer_menten_prolif,0,0.05
129303.89670250384,91.18000000000393,Timer,timer_menten_prolif,0,0.05
128993.9421407701,91.19000000000393,Timer,timer_menten_prolif,0,0.05
128684.7305548331,91.20000000000394,Timer,timer_menten_prolif,0,0.05
128376.26016378106,91.21000000000394,Timer,timer_menten_prolif,0,0.05
128068.5291910427,91.22000000000395,Timer,timer_menten_prolif,0,0.05
127761.53586416368,91.23000000000395,Timer,timer_menten_prolif,0,0.05
127455.2784149998,91.24000000000396,Timer,timer_menten_prolif,0,0.05
127149.75507964572,91.25000000000396,Timer,timer_menten_prolif,0,0.05
126844.96409842427,91.26000000000397,Timer,timer_menten_prolif,0,0.05
126540.90371587581,91.27000000000398,Timer,timer_menten_prolif,0,0.05
126237.5721807603,91.28000000000398,Timer,timer_menten_prolif,0,0.05
125934.96774613281,91.29000000000399,Timer,timer_menten_prolif,0,0.05
125633.08866907709,91.30000000000399,Timer,timer_menten_prolif,0,0.05
125331.9332109197,91.310000000004,Timer,timer_menten_prolif,0,0.05
125031.4996371553,91.320000000004,Timer,timer_menten_prolif,0,0.05
124731.78621743602,91.330000000004,Timer,timer_menten_prolif,0,0.05
124432.79122556109,91.34000000000401,Timer,timer_menten_prolif,0,0.05
124134.51293946741,91.35000000000402,Timer,timer_menten_prolif,0,0.05
123836.94964133285,91.36000000000402,Timer,timer_menten_prolif,0,0.05
123540.09961728823,91.37000000000403,Timer,timer_menten_prolif,0,0.05
123243.96115763707,91.38000000000403,Timer,timer_menten_prolif,0,0.05
122948.53255678089,91.39000000000404,Timer,timer_menten_prolif,0,0.05
122653.81211320922,91.40000000000404,Timer,timer_menten_prolif,0,0.05
122359.79812948927,91.41000000000405,Timer,timer_menten_prolif,0,0.05
122066.48891225581,91.42000000000405,Timer,timer_menten_prolif,0,0.05
121773.88277230001,91.43000000000406,Timer,timer_menten_prolif,0,0.05
121481.97802433616,91.44000000000406,Timer,timer_menten_prolif,0,0.05
121190.77298714992,91.45000000000407,Timer,timer_menten_prolif,0,0.05
120900.26598356533,91.46000000000407,Timer,timer_menten_prolif,0,0.05
120610.45534042598,91.47000000000408,Timer,timer_menten_prolif,0,0.05
120321.33938858483,91.48000000000408,Timer,timer_menten_prolif,0,0.05
120032.91646289418,91.49000000000409,Timer,timer_menten_prolif,0,0.05
119745.18490228186,91.50000000000409,Timer,timer_menten_prolif,0,0.05
119458.14304956644,91.5100000000041,Timer,timer_menten_prolif,0,0.05
119171.78925153826,91.5200000000041,Timer,timer_menten_prolif,0,0.05
118886.1218589684,91.53000000000411,Timer,timer_menten_prolif,0,0.05
118601.1392265801,91.54000000000411,Timer,timer_menten_prolif,0,0.05
118316.83971303895,91.55000000000412,Timer,timer_menten_prolif,0,0.05
118033.22168094298,91.56000000000412,Timer,timer_menten_prolif,0,0.05
117750.28349688441,91.57000000000413,Timer,timer_menten_prolif,0,0.05
117468.02353131611,91.58000000000413,Timer,timer_menten_prolif,0,0.05
117186.44015856556,91.59000000000414,Timer,timer_menten_prolif,0,0.05
116905.53175688343,91.60000000000414,Timer,timer_menten_prolif,0,0.05
116625.29670840662,91.61000000000415,Timer,timer_menten_prolif,0,0.05
116345.73339914852,91.62000000000415,Timer,timer_menten_prolif,0,0.05
116066.84021898927,91.63000000000416,Timer,timer_menten_prolif,0,0.05
115788.61556172176,91.64000000000416,Timer,timer_menten_prolif,0,0.05
115511.05782496945,91.65000000000417,Timer,timer_menten_prolif,0,0.05
115234.165410138,91.66000000000417,Timer,timer_menten_prolif,0,0.05
114957.93672249834,91.67000000000418,Timer,timer_menten_prolif,0,0.05
114682.37017114265,91.68000000000418,Timer,timer_menten_prolif,0,0.05
114407.4641689749,91.69000000000419,Timer,timer_menten_prolif,0,0.05
114133.21713270119,91.7000000000042,Timer,timer_menten_prolif,0,0.05
113859.62748286141,91.7100000000042,Timer,timer_menten_prolif,0,0.05
113586.69364379313,91.7200000000042,Timer,timer_menten_prolif,0,0.05
113314.41404352852,91.73000000000421,Timer,timer_menten_prolif,0,0.05
113042.7871139069,91.74000000000422,Timer,timer_menten_prolif,0,0.05
112771.8112905251,91.75000000000422,Timer,timer_menten_prolif,0,0.05
112501.4850127279,91.76000000000423,Timer,timer_menten_prolif,0,0.05
112231.80672359894,91.77000000000423,Timer,timer_menten_prolif,0,0.05
111962.77486997962,91.78000000000424,Timer,timer_menten_prolif,0,0.05
111694.38790247389,91.79000000000424,Timer,timer_menten_prolif,0,0.05
111426.64427529549,91.80000000000425,Timer,timer_menten_prolif,0,0.05
111159.54244640822,91.81000000000425,Timer,timer_menten_prolif,0,0.05
110893.08087747048,91.82000000000426,Timer,timer_menten_prolif,0,0.05
110627.25803382616,91.83000000000426,Timer,timer_menten_prolif,0,0.05
110362.07238449552,91.84000000000427,Timer,timer_menten_prolif,0,0.05
110097.52240218307,91.85000000000427,Timer,timer_menten_prolif,0,0.05
109833.60656331942,91.86000000000428,Timer,timer_menten_prolif,0,0.05
109570.32334786284,91.87000000000428,Timer,timer_menten_prolif,0,0.05
109307.67123946515,91.88000000000429,Timer,timer_menten_prolif,0,0.05
109045.64872541121,91.89000000000429,Timer,timer_menten_prolif,0,0.05
108784.25429660978,91.9000000000043,Timer,timer_menten_prolif,0,0.05
108523.48644758463,91.9100000000043,Timer,timer_menten_prolif,0,0.05
108263.34367647229,91.92000000000431,Timer,timer_menten_prolif,0,0.05
108003.82448509714,91.93000000000431,Timer,timer_menten_prolif,0,0.05
107744.92737873297,91.94000000000432,Timer,timer_menten_prolif,0,0.05
107486.65086629085,91.95000000000432,Timer,timer_menten_prolif,0,0.05
107228.99346025416,91.96000000000433,Timer,timer_menten_prolif,0,0.05
106971.95367666992,91.97000000000433,Timer,timer_menten_prolif,0,0.05
106715.53003513973,91.98000000000434,Timer,timer_menten_prolif,0,0.05
106459.72105881103,91.99000000000434,Timer,timer_menten_prolif,0,0.05
106204.52527446853,92.00000000000435,Timer,timer_menten_prolif,0,0.05
105949.94121228764,92.01000000000435,Timer,timer_menten_prolif,0,0.05
105695.96740601448,92.02000000000436,Timer,timer_menten_prolif,0,0.05
105442.6023929106,92.03000000000436,Timer,timer_menten_prolif,0,0.05
105189.8447137416,92.04000000000437,Timer,timer_menten_prolif,0,0.05
104937.69291276851,92.05000000000437,Timer,timer_menten_prolif,0,0.05
104686.14553773907,92.06000000000438,Timer,timer_menten_prolif,0,0.05
104435.20113996274,92.07000000000438,Timer,timer_menten_prolif,0,0.05
104184.85827411935,92.08000000000439,Timer,timer_menten_prolif,0,0.05
103935.11549836985,92.0900000000044,Timer,timer_menten_prolif,0,0.05
103685.97137434044,92.1000000000044,Timer,timer_menten_prolif,0,0.05
103437.424467103,92.1100000000044,Timer,timer_menten_prolif,0,0.05
103189.4733451666,92.12000000000441,Timer,timer_menten_prolif,0,0.05
102942.11658046878,92.13000000000442,Timer,timer_menten_prolif,0,0.05
102695.35274843601,92.14000000000442,Timer,timer_menten_prolif,0,0.05
102449.18042784196,92.15000000000443,Timer,timer_menten_prolif,0,0.05
102203.59820085588,92.16000000000443,Timer,timer_menten_prolif,0,0.05
101958.6046530623,92.17000000000444,Timer,timer_menten_prolif,0,0.05
101714.19837343393,92.18000000000444,Timer,timer_menten_prolif,0,0.05
101470.37795432346,92.19000000000445,Timer,timer_menten_prolif,0,0.05
101227.14199145499,92.20000000000445,Timer,timer_menten_prolif,0,0.05
100984.48908397075,92.21000000000446,Timer,timer_menten_prolif,0,0.05
100742.41783433489,92.22000000000446,Timer,timer_menten_prolif,0,0.05
100500.92684832533,92.23000000000447,Timer,timer_menten_prolif,0,0.05
100260.01473508544,92.24000000000447,Timer,timer_menten_prolif,0,0.05
100019.68010709036,92.25000000000448,Timer,timer_menten_prolif,0,0.05
99779.92158013882,92.26000000000448,Timer,timer_menten_prolif,0,0.05
99540.73777334488,92.27000000000449,Timer,timer_menten_prolif,0,0.05
99302.12730917221,92.28000000000449,Timer,timer_menten_prolif,0,0.05
99064.08881337887,92.2900000000045,Timer,timer_menten_prolif,0,0.05
98826.6209149586,92.3000000000045,Timer,timer_menten_prolif,0,0.05
98589.72224622095,92.31000000000451,Timer,timer_menten_prolif,0,0.05
98353.39144275174,92.32000000000451,Timer,timer_menten_prolif,0,0.05
98117.627143405,92.33000000000452,Timer,timer_menten_prolif,0,0.05
97882.42799029483,92.34000000000452,Timer,timer_menten_prolif,0,0.05
97647.79262881853,92.35000000000453,Timer,timer_menten_prolif,0,0.05
97413.71970763837,92.36000000000453,Timer,timer_menten_prolif,0,0.05
97180.20787857773,92.37000000000454,Timer,timer_menten_prolif,0,0.05
96947.25579672618,92.38000000000454,Timer,timer_menten_prolif,0,0.05
96714.8621203951,92.39000000000455,Timer,timer_menten_prolif,0,0.05
96483.02551110963,92.40000000000455,Timer,timer_menten_prolif,0,0.05
96251.74463360073,92.41000000000456,Timer,timer_menten_prolif,0,0.05
96021.01815581792,92.42000000000456,Timer,timer_menten_prolif,0,0.05
95790.84474894473,92.43000000000457,Timer,timer_menten_prolif,0,0.05
95561.22308725427,92.44000000000457,Timer,timer_menten_prolif,0,0.05
95332.15184823668,92.45000000000458,Timer,timer_menten_prolif,0,0.05
95103.6297125502,92.46000000000458,Timer,timer_menten_prolif,0,0.05
94875.65536401336,92.47000000000459,Timer,timer_menten_prolif,0,0.05
94648.22748959712,92.4800000000046,Timer,timer_menten_prolif,0,0.05
94421.34477942839,92.4900000000046,Timer,timer_menten_prolif,0,0.05
94195.00592683541,92.5000000000046,Timer,timer_menten_prolif,0,0.05
93969.20962816765,92.51000000000461,Timer,timer_menten_prolif,0,0.05
93743.95458294256,92.52000000000461,Timer,timer_menten_prolif,0,0.05
93519.239493793,92.53000000000462,Timer,timer_menten_prolif,0,0.05
93295.0630664595,92.54000000000462,Timer,timer_menten_prolif,0,0.05
93071.42400978255,92.55000000000463,Timer,timer_menten_prolif,0,0.05
92848.32103569902,92.56000000000464,Timer,timer_menten_prolif,0,0.05
92625.75285933964,92.57000000000464,Timer,timer_menten_prolif,0,0.05
92403.718198741,92.58000000000465,Timer,timer_menten_prolif,0,0.05
92182.21577508064,92.59000000000465,Timer,timer_menten_prolif,0,0.05
91961.24431259929,92.60000000000466,Timer,timer_menten_prolif,0,0.05
91740.80253859324,92.61000000000466,Timer,timer_menten_prolif,0,0.05
91520.88918340675,92.62000000000467,Timer,timer_menten_prolif,0,0.05
91301.50298042432,92.63000000000467,Timer,timer_menten_prolif,0,0.05
91082.6426660633,92.64000000000468,Timer,timer_menten_prolif,0,0.05
90864.3069798781,92.65000000000468,Timer,timer_menten_prolif,0,0.05
90646.49466433942,92.66000000000469,Timer,timer_menten_prolif,0,0.05
90429.20446489645,92.67000000000469,Timer,timer_menten_prolif,0,0.05
90212.4351300441,92.6800000000047,Timer,timer_menten_prolif,0,0.05
89996.1854112747,92.6900000000047,Timer,timer_menten_prolif,0,0.05
89780.45406307041,92.7000000000047,Timer,timer_menten_prolif,0,0.05
89565.23984289593,92.71000000000471,Timer,timer_menten_prolif,0,0.05
89350.54151119078,92.72000000000472,Timer,timer_menten_prolif,0,0.05
89136.35783141709,92.73000000000472,Timer,timer_menten_prolif,0,0.05
88922.68757006322,92.74000000000473,Timer,timer_menten_prolif,0,0.05
88709.52949638038,92.75000000000473,Timer,timer_menten_prolif,0,0.05
88496.88238265825,92.76000000000474,Timer,timer_menten_prolif,0,0.05
88284.74500412721,92.77000000000474,Timer,timer_menten_prolif,0,0.05
88073.11613895101,92.78000000000475,Timer,timer_menten_prolif,0,0.05
87861.99456821938,92.79000000000475,Timer,timer_menten_prolif,0,0.05
87651.37907594079,92.80000000000476,Timer,timer_menten_prolif,0,0.05
87441.26844903514,92.81000000000476,Timer,timer_menten_prolif,0,0.05
87231.66147750555,92.82000000000477,Timer,timer_menten_prolif,0,0.05
87022.55695399284,92.83000000000477,Timer,timer_menten_prolif,0,0.05
86813.95367412364,92.84000000000478,Timer,timer_menten_prolif,0,0.05
86605.85043641558,92.85000000000478,Timer,timer_menten_prolif,0,0.05
86398.24604226417,92.86000000000479,Timer,timer_menten_prolif,0,0.05
86191.13929593551,92.8700000000048,Timer,timer_menten_prolif,0,0.05
85984.52900455927,92.8800000000048,Timer,timer_menten_prolif,0,0.05
85778.41397812139,92.8900000000048,Timer,timer_menten_prolif,0,0.05
85572.79302955042,92.90000000000481,Timer,timer_menten_prolif,0,0.05
85367.66497455738,92.91000000000481,Timer,timer_menten_prolif,0,0.05
85163.02863162465,92.92000000000482,Timer,timer_menten_prolif,0,0.05
84958.88282211403,92.93000000000482,Timer,timer_menten_prolif,0,0.05
84755.2263702105,92.94000000000483,Timer,timer_menten_prolif,0,0.05
84552.05810291517,92.95000000000483,Timer,timer_menten_prolif,0,0.05
84349.3768500384,92.96000000000484,Timer,timer_menten_prolif,0,0.05
84147.18144419255,92.97000000000484,Timer,timer_menten_prolif,0,0.05
83945.470720818,92.98000000000485,Timer,timer_menten_prolif,0,0.05
83744.24351822931,92.99000000000485,Timer,timer_menten_prolif,0,0.05
83543.49867733897,93.00000000000486,Timer,timer_menten_prolif,0,0.05
83343.23504191816,93.01000000000487,Timer,timer_menten_prolif,0,0.05
83143.45145850765,93.02000000000487,Timer,timer_menten_prolif,0,0.05
82944.14677641087,93.03000000000488,Timer,timer_menten_prolif,0,0.05
82745.31984768694,93.04000000000488,Timer,timer_menten_prolif,0,0.05
82546.96952714401,93.05000000000489,Timer,timer_menten_prolif,0,0.05
82349.09467233208,93.06000000000489,Timer,timer_menten_prolif,0,0.05
82151.694143852,93.0700000000049,Timer,timer_menten_prolif,0,0.05
81954.76680456116,93.0800000000049,Timer,timer_menten_prolif,0,0.05
81758.31152017566,93.0900000000049,Timer,timer_menten_prolif,0,0.05
81562.32715916625,93.10000000000491,Timer,timer_menten_prolif,0,0.05
81366.81259271316,93.11000000000492,Timer,timer_menten_prolif,0,0.05
81171.76669469918,93.12000000000492,Timer,timer_menten_prolif,0,0.05
80977.1883417027,93.13000000000493,Timer,timer_menten_prolif,0,0.05
80783.07641299107,93.14000000000493,Timer,timer_menten_prolif,0,0.05
80589.4297905136,93.15000000000494,Timer,timer_menten_prolif,0,0.05
80396.24735889497,93.16000000000494,Timer,timer_menten_prolif,0,0.05
80203.52800542815,93.17000000000495,Timer,timer_menten_prolif,0,0.05
80011.27062006775,93.18000000000495,Timer,timer_menten_prolif,0,0.05
79819.474095769,93.19000000000496,Timer,timer_menten_prolif,0,0.05
79628.13732810001,93.20000000000496,Timer,timer_menten_prolif,0,0.05
79437.25921461804,93.21000000000497,Timer,timer_menten_prolif,0,0.05
79246.83865590586,93.22000000000497,Timer,timer_menten_prolif,0,0.05
79056.87455517797,93.23000000000498,Timer,timer_menten_prolif,0,0.05
78867.36581827395,93.24000000000498,Timer,timer_menten_prolif,0,0.05
78678.31135365175,93.25000000000499,Timer,timer_menten_prolif,0,0.05
78489.71007238103,93.260000000005,Timer,timer_menten_prolif,0,0.05
78301.56088813652,93.270000000005,Timer,timer_menten_prolif,0,0.05
78113.86271719132,93.280000000005,Timer,timer_menten_prolif,0,0.05
77926.61447841025,93.29000000000501,Timer,timer_menten_prolif,0,0.05
77739.81509324315,93.30000000000501,Timer,timer_menten_prolif,0,0.05
77553.46348571827,93.31000000000502,Timer,timer_menten_prolif,0,0.05
77367.5585836142,93.32000000000502,Timer,timer_menten_prolif,0,0.05
77182.09931533123,93.33000000000503,Timer,timer_menten_prolif,0,0.05
76997.08461264468,93.34000000000503,Timer,timer_menten_prolif,0,0.05
76812.51340990089,93.35000000000504,Timer,timer_menten_prolif,0,0.05
76628.38464399714,93.36000000000504,Timer,timer_menten_prolif,0,0.05
76444.69725437523,93.37000000000505,Timer,timer_menten_prolif,0,0.05
76261.45018301494,93.38000000000505,Timer,timer_menten_prolif,0,0.05
76078.6423744277,93.39000000000506,Timer,timer_menten_prolif,0,0.05
75896.27277564997,93.40000000000506,Timer,timer_menten_prolif,0,0.05
75714.34033623696,93.41000000000507,Timer,timer_menten_prolif,0,0.05
75532.84400825604,93.42000000000507,Timer,timer_menten_prolif,0,0.05
75351.78274628037,93.43000000000508,Timer,timer_menten_prolif,0,0.05
75171.15550796878,93.44000000000509,Timer,timer_menten_prolif,0,0.05
74990.96125308018,93.45000000000509,Timer,timer_menten_prolif,0,0.05
74811.19894330969,93.4600000000051,Timer,timer_menten_prolif,0,0.05
74631.86754325562,93.4700000000051,Timer,timer_menten_prolif,0,0.05
74452.96601999542,93.4800000000051,Timer,timer_menten_prolif,0,0.05
74274.4933430794,93.49000000000511,Timer,timer_menten_prolif,0,0.05
74096.44848452449,93.50000000000512,Timer,timer_menten_prolif,0,0.05
73918.83041880801,93.51000000000512,Timer,timer_menten_prolif,0,0.05
73741.63812286138,93.52000000000513,Timer,timer_menten_prolif,0,0.05
73564.87057606387,93.53000000000513,Timer,timer_menten_prolif,0,0.05
73388.5267602364,93.54000000000514,Timer,timer_menten_prolif,0,0.05
73212.60565963527,93.55000000000514,Timer,timer_menten_prolif,0,0.05
73037.10626103201,93.56000000000515,Timer,timer_menten_prolif,0,0.05
72862.02755440018,93.57000000000515,Timer,timer_menten_prolif,0,0.05
72687.36853065575,93.58000000000516,Timer,timer_menten_prolif,0,0.05
72513.12818378964,93.59000000000516,Timer,timer_menten_prolif,0,0.05
72339.3055102017,93.60000000000517,Timer,timer_menten_prolif,0,0.05
72165.89950869461,93.61000000000517,Timer,timer_menten_prolif,0,0.05
71992.90918046786,93.62000000000518,Timer,timer_menten_prolif,0,0.05
71820.33352911164,93.63000000000518,Timer,timer_menten_prolif,0,0.05
71648.17156060081,93.64000000000519,Timer,timer_menten_prolif,0,0.05
71476.42228328878,93.65000000000519,Timer,timer_menten_prolif,0,0.05
71305.08470790142,93.6600000000052,Timer,timer_menten_prolif,0,0.05
71134.15784753108,93.6700000000052,Timer,timer_menten_prolif,0,0.05
70963.64071763045,93.68000000000521,Timer,timer_menten_prolif,0,0.05
70793.53233659154,93.69000000000521,Timer,timer_menten_prolif,0,0.05
70623.8317245444,93.70000000000522,Timer,timer_menten_prolif,0,0.05
70454.53790377593,93.71000000000522,Timer,timer_menten_prolif,0,0.05
70285.6498991742,93.72000000000523,Timer,timer_menten_prolif,0,0.05
70117.16673796182,93.73000000000523,Timer,timer_menten_prolif,0,0.05
69949.08744969011,93.74000000000524,Timer,timer_menten_prolif,0,0.05
69781.41106623318,93.75000000000524,Timer,timer_menten_prolif,0,0.05
69614.13662178203,93.76000000000525,Timer,timer_menten_prolif,0,0.05
69447.26315283863,93.77000000000525,Timer,timer_menten_prolif,0,0.05
69280.78969821,93.78000000000526,Timer,timer_menten_prolif,0,0.05
69114.71529900236,93.79000000000526,Timer,timer_menten_prolif,0,0.05
68949.03899861519,93.80000000000527,Timer,timer_menten_prolif,0,0.05
68783.75984291559,93.81000000000527,Timer,timer_menten_prolif,0,0.05
68618.87688054383,93.82000000000528,Timer,timer_menten_prolif,0,0.05
68454.38916122673,93.83000000000528,Timer,timer_menten_prolif,0,0.05
68290.29573753182,93.84000000000529,Timer,timer_menten_prolif,0,0.05
68126.59566429499,93.8500000000053,Timer,timer_menten_prolif,0,0.05
67963.2879986148,93.8600000000053,Timer,timer_menten_prolif,0,0.05
67800.37179984675,93.8700000000053,Timer,timer_menten_prolif,0,0.05
67637.84612959746,93.88000000000531,Timer,timer_menten_prolif,0,0.05
67475.71005171907,93.89000000000532,Timer,timer_menten_prolif,0,0.05
67313.96263230342,93.90000000000532,Timer,timer_menten_prolif,0,0.05
67152.6029396763,93.91000000000533,Timer,timer_menten_prolif,0,0.05
66991.63004439182,93.92000000000533,Timer,timer_menten_prolif,0,0.05
66831.04301922652,93.93000000000534,Timer,timer_menten_prolif,0,0.05
66670.84093989823,93.94000000000534,Timer,timer_menten_prolif,0,0.05
66511.02288338891,93.95000000000535,Timer,timer_menten_prolif,0,0.05
66351.58792897522,93.96000000000535,Timer,timer_menten_prolif,0,0.05
66192.53515832376,93.97000000000536,Timer,timer_menten_prolif,0,0.05
66033.86365529976,93.98000000000536,Timer,timer_menten_prolif,0,0.05
65875.57250596157,93.99000000000537,Timer,timer_menten_prolif,0,0.05
65717.66079855499,94.00000000000537,Timer,timer_menten_prolif,0,0.05
65560.1276235079,94.01000000000538,Timer,timer_menten_prolif,0,0.05
65402.97207342449,94.02000000000538,Timer,timer_menten_prolif,0,0.05
65246.19324307983,94.03000000000539,Timer,timer_menten_prolif,0,0.05
65089.79022941432,94.04000000000539,Timer,timer_menten_prolif,0,0.05
64933.76213152802,94.0500000000054,Timer,timer_menten_prolif,0,0.05
64778.108050948314,94.0600000000054,Timer,timer_menten_prolif,0,0.05
64622.827091568375,94.07000000000541,Timer,timer_menten_prolif,0,0.05
64467.91835850187,94.08000000000541,Timer,timer_menten_prolif,0,0.05
64313.38095948518,94.09000000000542,Timer,timer_menten_prolif,0,0.05
64159.214004391135,94.10000000000542,Timer,timer_menten_prolif,0,0.05
64005.41660522368,94.11000000000543,Timer,timer_menten_prolif,0,0.05
63851.987876112355,94.12000000000543,Timer,timer_menten_prolif,0,0.05
63698.926933307055,94.13000000000544,Timer,timer_menten_prolif,0,0.05
63546.23289517252,94.14000000000544,Timer,timer_menten_prolif,0,0.05
63393.904882182986,94.15000000000545,Timer,timer_menten_prolif,0,0.05
63241.942016916786,94.16000000000545,Timer,timer_menten_prolif,0,0.05
63090.34342405099,94.17000000000546,Timer,timer_menten_prolif,0,0.05
62939.10823035594,94.18000000000546,Timer,timer_menten_prolif,0,0.05
62788.235565456474,94.19000000000547,Timer,timer_menten_prolif,0,0.05
62637.72455990706,94.20000000000547,Timer,timer_menten_prolif,0,0.05
62487.57434668542,94.21000000000548,Timer,timer_menten_prolif,0,0.05
62337.784060933605,94.22000000000548,Timer,timer_menten_prolif,0,0.05
62188.35283986438,94.23000000000549,Timer,timer_menten_prolif,0,0.05
62039.279822756005,94.2400000000055,Timer,timer_menten_prolif,0,0.05
61890.56415094694,94.2500000000055,Timer,timer_menten_prolif,0,0.05
61742.204967830665,94.2600000000055,Timer,timer_menten_prolif,0,0.05
61594.201418850455,94.27000000000551,Timer,timer_menten_prolif,0,0.05
61446.55265149406,94.28000000000551,Timer,timer_menten_prolif,0,0.05
61299.257815288554,94.29000000000552,Timer,timer_menten_prolif,0,0.05
61152.31606179508,94.30000000000553,Timer,timer_menten_prolif,0,0.05
61005.726544945006,94.31000000000553,Timer,timer_menten_prolif,0,0.05
60859.488420644964,94.32000000000554,Timer,timer_menten_prolif,0,0.05
60713.60084619924,94.33000000000554,Timer,timer_menten_prolif,0,0.05
60568.06298130153,94.34000000000555,Timer,timer_menten_prolif,0,0.05
60422.87398765758,94.35000000000555,Timer,timer_menten_prolif,0,0.05
60278.03302898005,94.36000000000556,Timer,timer_menten_prolif,0,0.05
60133.53927098347,94.37000000000556,Timer,timer_menten_prolif,0,0.05
59989.39188137914,94.38000000000557,Timer,timer_menten_prolif,0,0.05
59845.590029870014,94.39000000000557,Timer,timer_menten_prolif,0,0.05
59702.13288814566,94.40000000000558,Timer,timer_menten_prolif,0,0.05
59559.01962987718,94.41000000000558,Timer,timer_menten_prolif,0,0.05
59416.24943071208,94.42000000000559,Timer,timer_menten_prolif,0,0.05
59273.821468269205,94.43000000000559,Timer,timer_menten_prolif,0,0.05
59131.73492296816,94.4400000000056,Timer,timer_menten_prolif,0,0.05
58989.98897580743,94.4500000000056,Timer,timer_menten_prolif,0,0.05
58848.58281033048,94.4600000000056,Timer,timer_menten_prolif,0,0.05
58707.51561204082,94.47000000000561,Timer,timer_menten_prolif,0,0.05
58566.78656839202,94.48000000000562,Timer,timer_menten_prolif,0,0.05
58426.394868782816,94.49000000000562,Timer,timer_menten_prolif,0,0.05
58286.339704552156,94.50000000000563,Timer,timer_menten_prolif,0,0.05
58146.62026897425,94.51000000000563,Timer,timer_menten_prolif,0,0.05
58007.23575725364,94.52000000000564,Timer,timer_menten_prolif,0,0.05
57868.18536652026,94.53000000000564,Timer,timer_menten_prolif,0,0.05
57729.46829582454,94.54000000000565,Timer,timer_menten_prolif,0,0.05
57591.0837461324,94.55000000000565,Timer,timer_menten_prolif,0,0.05
57453.03092074113,94.56000000000566,Timer,timer_menten_prolif,0,0.05
57315.30902456131,94.57000000000566,Timer,timer_menten_prolif,0,0.05
57177.917264027055,94.58000000000567,Timer,timer_menten_prolif,0,0.05
57040.85484776439,94.59000000000567,Timer,timer_menten_prolif,0,0.05
56904.120986294176,94.60000000000568,Timer,timer_menten_prolif,0,0.05
56767.71489202732,94.61000000000568,Timer,timer_menten_prolif,0,0.05
56631.63577926005,94.62000000000569,Timer,timer_menten_prolif,0,0.05
56495.88286416905,94.6300000000057,Timer,timer_menten_prolif,0,0.05
56360.45536480672,94.6400000000057,Timer,timer_menten_prolif,0,0.05
56225.352501096364,94.6500000000057,Timer,timer_menten_prolif,0,0.05
56090.57349482739,94.66000000000571,Timer,timer_menten_prolif,0,0.05
55956.11756965056,94.67000000000571,Timer,timer_menten_prolif,0,0.05
55821.98395114581,94.68000000000572,Timer,timer_menten_prolif,0,0.05
55688.17186735034,94.69000000000572,Timer,timer_menten_prolif,0,0.05
55554.680546990916,94.70000000000573,Timer,timer_menten_prolif,0,0.05
55421.50922115982,94.71000000000573,Timer,timer_menten_prolif,0,0.05
55288.65712279053,94.72000000000574,Timer,timer_menten_prolif,0,0.05
55156.12348665306,94.73000000000575,Timer,timer_menten_prolif,0,0.05
55023.907549349344,94.74000000000575,Timer,timer_menten_prolif,0,0.05
54892.008549308535,94.75000000000576,Timer,timer_menten_prolif,0,0.05
54760.4257267824,94.76000000000576,Timer,timer_menten_prolif,0,0.05
54629.15832384066,94.77000000000577,Timer,timer_menten_prolif,0,0.05
54498.205584366355,94.78000000000577,Timer,timer_menten_prolif,0,0.05
54367.566754051135,94.79000000000578,Timer,timer_menten_prolif,0,0.05
54237.2410803907,94.80000000000578,Timer,timer_menten_prolif,0,0.05
54107.22781316238,94.81000000000579,Timer,timer_menten_prolif,0,0.05
53977.52620342691,94.82000000000579,Timer,timer_menten_prolif,0,0.05
53848.13550389621,94.8300000000058,Timer,timer_menten_prolif,0,0.05
53719.0549692801,94.8400000000058,Timer,timer_menten_prolif,0,0.05
53590.283856072965,94.8500000000058,Timer,timer_menten_prolif,0,0.05
53461.821422549154,94.86000000000581,Timer,timer_menten_prolif,0,0.05
53333.66692875854,94.87000000000582,Timer,timer_menten_prolif,0,0.05
53205.81963652197,94.88000000000582,Timer,timer_menten_prolif,0,0.05
53078.27880942677,94.89000000000583,Timer,timer_menten_prolif,0,0.05
52951.043712822226,94.90000000000583,Timer,timer_menten_prolif,0,0.05
52824.11361381506,94.91000000000584,Timer,timer_menten_prolif,0,0.05
52697.48778126497,94.92000000000584,Timer,timer_menten_prolif,0,0.05
52571.165485923295,94.93000000000585,Timer,timer_menten_prolif,0,0.05
52445.14600065298,94.94000000000585,Timer,timer_menten_prolif,0,0.05
52319.428599149935,94.95000000000586,Timer,timer_menten_prolif,0,0.05
52194.01255728214,94.96000000000586,Timer,timer_menten_prolif,0,0.05
52068.89715265155,94.97000000000587,Timer,timer_menten_prolif,0,0.05
51944.08166458969,94.98000000000587,Timer,timer_menten_prolif,0,0.05
51819.5653741533,94.99000000000588,Timer,timer_menten_prolif,0,0.05
51695.347564119926,95.00000000000588,Timer,timer_menten_prolif,0,0.05
51571.42751898356,95.01000000000589,Timer,timer_menten_prolif,0,0.05
51447.804524950254,95.0200000000059,Timer,timer_menten_prolif,0,0.05
51324.477869933755,95.0300000000059,Timer,timer_menten_prolif,0,0.05
51201.44684355109,95.0400000000059,Timer,timer_menten_prolif,0,0.05
51078.71073711823,95.05000000000591,Timer,timer_menten_prolif,0,0.05
50956.26884418815,95.06000000000591,Timer,timer_menten_prolif,0,0.05
50834.12045928807,95.07000000000592,Timer,timer_menten_prolif,0,0.05
50712.264878709386,95.08000000000592,Timer,timer_menten_prolif,0,0.05
50590.70140056244,95.09000000000593,Timer,timer_menten_prolif,0,0.05
50469.42932463818,95.10000000000593,Timer,timer_menten_prolif,0,0.05
50348.44795240386,95.11000000000594,Timer,timer_menten_prolif,0,0.05
50227.75658699887,95.12000000000594,Timer,timer_menten_prolif,0,0.05
50107.35453323036,95.13000000000595,Timer,timer_menten_prolif,0,0.05
49987.24109756912,95.14000000000595,Timer,timer_menten_prolif,0,0.05
49867.41558814522,95.15000000000596,Timer,timer_menten_prolif,0,0.05
49747.877314743826,95.16000000000597,Timer,timer_menten_prolif,0,0.05
49628.62558880095,95.17000000000597,Timer,timer_menten_prolif,0,0.05
49509.65972360861,95.18000000000598,Timer,timer_menten_prolif,0,0.05
49390.979034253236,95.19000000000598,Timer,timer_menten_prolif,0,0.05
49272.58283677591,95.20000000000599,Timer,timer_menten_prolif,0,0.05
49154.47044921326,95.21000000000599,Timer,timer_menten_prolif,0,0.05
49036.64119123486,95.220000000006,Timer,timer_menten_prolif,0,0.05
48919.09438413918,95.230000000006,Timer,timer_menten_prolif,0,0.05
48801.829350849366,95.240000000006,Timer,timer_menten_prolif,0,0.05
48684.84541590919,95.25000000000601,Timer,timer_menten_prolif,0,0.05
48568.14190547891,95.26000000000602,Timer,timer_menten_prolif,0,0.05
48451.71814733108,95.27000000000602,Timer,timer_menten_prolif,0,0.05
48335.57347084652,95.28000000000603,Timer,timer_menten_prolif,0,0.05
48219.70720701013,95.29000000000603,Timer,timer_menten_prolif,0,0.05
48104.11868840677,95.30000000000604,Timer,timer_menten_prolif,0,0.05
47988.807249813806,95.31000000000604,Timer,timer_menten_prolif,0,0.05
47873.772226697256,95.32000000000605,Timer,timer_menten_prolif,0,0.05
47759.01295638962,95.33000000000605,Timer,timer_menten_prolif,0,0.05
47644.52877787485,95.34000000000606,Timer,timer_menten_prolif,0,0.05
47530.3190317196,95.35000000000606,Timer,timer_menten_prolif,0,0.05
47416.38306006923,95.36000000000607,Timer,timer_menten_prolif,0,0.05
47302.72020664379,95.37000000000607,Timer,timer_menten_prolif,0,0.05
47189.32981673403,95.38000000000608,Timer,timer_menten_prolif,0,0.05
47076.21123719741,95.39000000000608,Timer,timer_menten_prolif,0,0.05
46963.36381645403,95.40000000000609,Timer,timer_menten_prolif,0,0.05
46850.78690448274,95.4100000000061,Timer,timer_menten_prolif,0,0.05
46738.47985281699,95.4200000000061,Timer,timer_menten_prolif,0,0.05
46626.442014809974,95.4300000000061,Timer,timer_menten_prolif,0,0.05
46514.67274531309,95.44000000000611,Timer,timer_menten_prolif,0,0.05
46403.1714002486,95.45000000000611,Timer,timer_menten_prolif,0,0.05
46291.93733736647,95.46000000000612,Timer,timer_menten_prolif,0,0.05
46180.969915954556,95.47000000000612,Timer,timer_menten_prolif,0,0.05
46070.26849683467,95.48000000000613,Timer,timer_menten_prolif,0,0.05
45959.83244235875,95.49000000000613,Timer,timer_menten_prolif,0,0.05
45849.66111640491,95.50000000000614,Timer,timer_menten_prolif,0,0.05
45739.75388437361,95.51000000000614,Timer,timer_menten_prolif,0,0.05
45630.11011318376,95.52000000000615,Timer,timer_menten_prolif,0,0.05
45520.72917126877,95.53000000000615,Timer,timer_menten_prolif,0,0.05
45411.61042857278,95.54000000000616,Timer,timer_menten_prolif,0,0.05
45302.753256546624,95.55000000000616,Timer,timer_menten_prolif,0,0.05
45194.15702878825,95.56000000000617,Timer,timer_menten_prolif,0,0.05
45085.82111932272,95.57000000000617,Timer,timer_menten_prolif,0,0.05
44977.74490413282,95.58000000000618,Timer,timer_menten_prolif,0,0.05
44869.927760696126,95.59000000000619,Timer,timer_menten_prolif,0,0.05
44762.369067980675,95.60000000000619,Timer,timer_menten_prolif,0,0.05
44655.068206441305,95.6100000000062,Timer,timer_menten_prolif,0,0.05
44548.0245580158,95.6200000000062,Timer,timer_menten_prolif,0,0.05
44441.237506121164,95.6300000000062,Timer,timer_menten_prolif,0,0.05
44334.70643564986,95.64000000000621,Timer,timer_menten_prolif,0,0.05
44228.43073296597,95.65000000000622,Timer,timer_menten_prolif,0,0.05
44122.4097859015,95.66000000000622,Timer,timer_menten_prolif,0,0.05
44016.642983752565,95.67000000000623,Timer,timer_menten_prolif,0,0.05
43911.12971768531,95.68000000000623,Timer,timer_menten_prolif,0,0.05
43805.86938000466,95.69000000000624,Timer,timer_menten_prolif,0,0.05
43700.861364126395,95.70000000000624,Timer,timer_menten_prolif,0,0.05
43596.10506520066,95.71000000000625,Timer,timer_menten_prolif,0,0.05
43491.59987982556,95.72000000000625,Timer,timer_menten_prolif,0,0.05
43387.34520604343,95.73000000000626,Timer,timer_menten_prolif,0,0.05
43283.34044333713,95.74000000000626,Timer,timer_menten_prolif,0,0.05
43179.584992626405,95.75000000000627,Timer,timer_menten_prolif,0,0.05
43076.07825626418,95.76000000000627,Timer,timer_menten_prolif,0,0.05
42972.81963803287,95.77000000000628,Timer,timer_menten_prolif,0,0.05
42869.80854314069,95.78000000000628,Timer,timer_menten_prolif,0,0.05
42767.044378217994,95.79000000000629,Timer,timer_menten_prolif,0,0.05
42664.52655131354,95.80000000000629,Timer,timer_menten_prolif,0,0.05
42562.254471890876,95.8100000000063,Timer,timer_menten_prolif,0,0.05
42460.22755131142,95.8200000000063,Timer,timer_menten_prolif,0,0.05
42358.44520209248,95.83000000000631,Timer,timer_menten_prolif,0,0.05
42256.90683753378,95.84000000000631,Timer,timer_menten_prolif,0,0.05
42155.61187276839,95.85000000000632,Timer,timer_menten_prolif,0,0.05
42054.55972432928,95.86000000000632,Timer,timer_menten_prolif,0,0.05
41953.749810145746,95.87000000000633,Timer,timer_menten_prolif,0,0.05
41853.18154953989,95.88000000000633,Timer,timer_menten_prolif,0,0.05
41752.854363222985,95.89000000000634,Timer,timer_menten_prolif,0,0.05
41652.767673291964,95.90000000000634,Timer,timer_menten_prolif,0,0.05
41552.92090322582,95.91000000000635,Timer,timer_menten_prolif,0,0.05
41453.313477882046,95.92000000000635,Timer,timer_menten_prolif,0,0.05
41353.94482349306,95.93000000000636,Timer,timer_menten_prolif,0,0.05
41254.814367662664,95.94000000000636,Timer,timer_menten_prolif,0,0.05
41155.92153936243,95.95000000000637,Timer,timer_menten_prolif,0,0.05
41057.265769385114,95.96000000000637,Timer,timer_menten_prolif,0,0.05
40958.84648980001,95.97000000000638,Timer,timer_menten_prolif,0,0.05
40860.6631331915,95.98000000000638,Timer,timer_menten_prolif,0,0.05
40762.715134017664,95.99000000000639,Timer,timer_menten_prolif,0,0.05
40665.00192809041,96.0000000000064,Timer,timer_menten_prolif,0,0.05
40567.52295257203,96.0100000000064,Timer,timer_menten_prolif,0,0.05
40470.27764597176,96.0200000000064,Timer,timer_menten_prolif,0,0.05
40373.26544814234,96.03000000000641,Timer,timer_menten_prolif,0,0.05
40276.48580027655,96.04000000000642,Timer,timer_menten_prolif,0,0.05
40179.93814490379,96.05000000000642,Timer,timer_menten_prolif,0,0.05
40083.62192588668,96.06000000000643,Timer,timer_menten_prolif,0,0.05
39987.53658841751,96.07000000000643,Timer,timer_menten_prolif,0,0.05
39891.6815790149,96.08000000000644,Timer,timer_menten_prolif,0,0.05
39796.0563455203,96.09000000000644,Timer,timer_menten_prolif,0,0.05
39700.66033745618,96.10000000000645,Timer,timer_menten_prolif,0,0.05
39605.493005754455,96.11000000000645,Timer,timer_menten_prolif,0,0.05
39510.5538017206,96.12000000000646,Timer,timer_menten_prolif,0,0.05
39415.84217850028,96.13000000000646,Timer,timer_menten_prolif,0,0.05
39321.35759054845,96.14000000000647,Timer,timer_menten_prolif,0,0.05
39227.09949362593,96.15000000000647,Timer,timer_menten_prolif,0,0.05
39133.06734479618,96.16000000000648,Timer,timer_menten_prolif,0,0.05
39039.2606024219,96.17000000000648,Timer,timer_menten_prolif,0,0.05
38945.67872616174,96.18000000000649,Timer,timer_menten_prolif,0,0.05
38852.321176966965,96.19000000000649,Timer,timer_menten_prolif,0,0.05
38759.187417078145,96.2000000000065,Timer,timer_menten_prolif,0,0.05
38666.27691002182,96.2100000000065,Timer,timer_menten_prolif,0,0.05
38573.589120607176,96.22000000000651,Timer,timer_menten_prolif,0,0.05
38481.12351492273,96.23000000000651,Timer,timer_menten_prolif,0,0.05
38388.87956060358,96.24000000000652,Timer,timer_menten_prolif,0,0.05
38296.85672679472,96.25000000000652,Timer,timer_menten_prolif,0,0.05
38205.0544829229,96.26000000000653,Timer,timer_menten_prolif,0,0.05
38113.47230020325,96.27000000000653,Timer,timer_menten_prolif,0,0.05
38022.10965111686,96.28000000000654,Timer,timer_menten_prolif,0,0.05
37930.96600940755,96.29000000000654,Timer,timer_menten_prolif,0,0.05
37840.04085007868,96.30000000000655,Timer,timer_menten_prolif,0,0.05
37749.333649389904,96.31000000000655,Timer,timer_menten_prolif,0,0.05
37658.843884853944,96.32000000000656,Timer,timer_menten_prolif,0,0.05
37568.57103523342,96.33000000000656,Timer,timer_menten_prolif,0,0.05
37478.5145805376,96.34000000000657,Timer,timer_menten_prolif,0,0.05
37388.67400201919,96.35000000000657,Timer,timer_menten_prolif,0,0.05
37299.04878217108,96.36000000000658,Timer,timer_menten_prolif,0,0.05
37209.63840472321,96.37000000000658,Timer,timer_menten_prolif,0,0.05
37120.44235484707,96.38000000000659,Timer,timer_menten_prolif,0,0.05
37031.460119318865,96.3900000000066,Timer,timer_menten_prolif,0,0.05
36942.69118505668,96.4000000000066,Timer,timer_menten_prolif,0,0.05
36854.13504074725,96.4100000000066,Timer,timer_menten_prolif,0,0.05
36765.791176301296,96.42000000000661,Timer,timer_menten_prolif,0,0.05
36677.659082850536,96.43000000000661,Timer,timer_menten_prolif,0,0.05
36589.738252744486,96.44000000000662,Timer,timer_menten_prolif,0,0.05
36502.02817954737,96.45000000000663,Timer,timer_menten_prolif,0,0.05
36414.52835803501,96.46000000000663,Timer,timer_menten_prolif,0,0.05
36327.23828419171,96.47000000000664,Timer,timer_menten_prolif,0,0.05
36240.15745520715,96.48000000000664,Timer,timer_menten_prolif,0,0.05
36153.28536947325,96.49000000000665,Timer,timer_menten_prolif,0,0.05
36066.62152658108,96.50000000000665,Timer,timer_menten_prolif,0,0.05
35980.16542731774,96.51000000000666,Timer,timer_menten_prolif,0,0.05
35893.91657388474,96.52000000000666,Timer,timer_menten_prolif,0,0.05
35807.87447037507,96.53000000000667,Timer,timer_menten_prolif,0,0.05
35722.03862033301,96.54000000000667,Timer,timer_menten_prolif,0,0.05
35636.40852933889,96.55000000000668,Timer,timer_menten_prolif,0,0.05
35550.98370415612,96.56000000000668,Timer,timer_menten_prolif,0,0.05
35465.76365272816,96.57000000000669,Timer,timer_menten_prolif,0,0.05
35380.74788417542,96.58000000000669,Timer,timer_menten_prolif,0,0.05
35295.93590879231,96.5900000000067,Timer,timer_menten_prolif,0,0.05
35211.32723804412,96.6000000000067,Timer,timer_menten_prolif,0,0.05
35126.921384564026,96.6100000000067,Timer,timer_menten_prolif,0,0.05
35042.717862150006,96.62000000000671,Timer,timer_menten_prolif,0,0.05
34958.71618576185,96.63000000000672,Timer,timer_menten_prolif,0,0.05
34874.91587151808,96.64000000000672,Timer,timer_menten_prolif,0,0.05
34791.31643669295,96.65000000000673,Timer,timer_menten_prolif,0,0.05
34707.91739971334,96.66000000000673,Timer,timer_menten_prolif,0,0.05
34624.718280155794,96.67000000000674,Timer,timer_menten_prolif,0,0.05
34541.718598743406,96.68000000000674,Timer,timer_menten_prolif,0,0.05
34458.91787812011,96.69000000000675,Timer,timer_menten_prolif,0,0.05
34376.31564195615,96.70000000000675,Timer,timer_menten_prolif,0,0.05
34293.91141348217,96.71000000000676,Timer,timer_menten_prolif,0,0.05
34211.70471804022,96.72000000000676,Timer,timer_menten_prolif,0,0.05
34129.69508210782,96.73000000000677,Timer,timer_menten_prolif,0,0.05
34047.882033294954,96.74000000000677,Timer,timer_menten_prolif,0,0.05
33966.26510034121,96.75000000000678,Timer,timer_menten_prolif,0,0.05
33884.843813112835,96.76000000000678,Timer,timer_menten_prolif,0,0.05
33803.617702599804,96.77000000000679,Timer,timer_menten_prolif,0,0.05
33722.58630091288,96.7800000000068,Timer,timer_menten_prolif,0,0.05
33641.74914128072,96.7900000000068,Timer,timer_menten_prolif,0,0.05
33561.10575804689,96.8000000000068,Timer,timer_menten_prolif,0,0.05
33480.65568666699,96.81000000000681,Timer,timer_menten_prolif,0,0.05
33400.39846370574,96.82000000000681,Timer,timer_menten_prolif,0,0.05
33320.333626833955,96.83000000000682,Timer,timer_menten_prolif,0,0.05
33240.46071482573,96.84000000000682,Timer,timer_menten_prolif,0,0.05
33160.77926755546,96.85000000000683,Timer,timer_menten_prolif,0,0.05
33081.288827383236,96.86000000000683,Timer,timer_menten_prolif,0,0.05
33001.98893621558,96.87000000000684,Timer,timer_menten_prolif,0,0.05
32922.87913658802,96.88000000000685,Timer,timer_menten_prolif,0,0.05
32843.95897281863,96.89000000000685,Timer,timer_menten_prolif,0,0.05
32765.227990315747,96.90000000000686,Timer,timer_menten_prolif,0,0.05
32686.685735575134,96.91000000000686,Timer,timer_menten_prolif,0,0.05
32608.331756177206,96.92000000000687,Timer,timer_menten_prolif,0,0.05
32530.165600784225,96.93000000000687,Timer,timer_menten_prolif,0,0.05
32452.18681913748,96.94000000000688,Timer,timer_menten_prolif,0,0.05
32374.394962054546,96.95000000000688,Timer,timer_menten_prolif,0,0.05
32296.789581426376,96.96000000000689,Timer,timer_menten_prolif,0,0.05
32219.37023021462,96.97000000000689,Timer,timer_menten_prolif,0,0.05
32142.136462448732,96.9800000000069,Timer,timer_menten_prolif,0,0.05
32065.087833223224,96.9900000000069,Timer,timer_menten_prolif,0,0.05
31988.223898694825,97.0000000000069,Timer,timer_menten_prolif,0,0.05
31911.54421607971,97.01000000000691,Timer,timer_menten_prolif,0,0.05
31835.04834365069,97.02000000000692,Timer,timer_menten_prolif,0,0.05
31758.735842489754,97.03000000000692,Timer,timer_menten_prolif,0,0.05
31682.606271960998,97.04000000000693,Timer,timer_menten_prolif,0,0.05
31606.65919331397,97.05000000000693,Timer,timer_menten_prolif,0,0.05
31530.894169086125,97.06000000000694,Timer,timer_menten_prolif,0,0.05
31455.31076286172,97.07000000000694,Timer,timer_menten_prolif,0,0.05
31379.908539269178,97.08000000000695,Timer,timer_menten_prolif,0,0.05
31304.68706397833,97.09000000000695,Timer,timer_menten_prolif,0,0.05
31229.64590369779,97.10000000000696,Timer,timer_menten_prolif,0,0.05
31154.784626172237,97.11000000000696,Timer,timer_menten_prolif,0,0.05
31080.10280017973,97.12000000000697,Timer,timer_menten_prolif,0,0.05
31005.599995529046,97.13000000000697,Timer,timer_menten_prolif,0,0.05
30931.275783056968,97.14000000000698,Timer,timer_menten_prolif,0,0.05
30857.129734625596,97.15000000000698,Timer,timer_menten_prolif,0,0.05
30783.161423119695,97.16000000000699,Timer,timer_menten_prolif,0,0.05
30709.370422443968,97.170000000007,Timer,timer_menten_prolif,0,0.05
30635.7563075204,97.180000000007,Timer,timer_menten_prolif,0,0.05
30562.318654437295,97.190000000007,Timer,timer_menten_prolif,0,0.05
30489.057041689266,97.20000000000701,Timer,timer_menten_prolif,0,0.05
30415.971045990962,97.21000000000701,Timer,timer_menten_prolif,0,0.05
30343.06024636196,97.22000000000702,Timer,timer_menten_prolif,0,0.05
30270.324222829313,97.23000000000702,Timer,timer_menten_prolif,0,0.05
30197.762556424896,97.24000000000703,Timer,timer_menten_prolif,0,0.05
30125.37482918288,97.25000000000703,Timer,timer_menten_prolif,0,0.05
30053.160624137134,97.26000000000704,Timer,timer_menten_prolif,0,0.05
29981.119525318623,97.27000000000704,Timer,timer_menten_prolif,0,0.05
29909.251117752843,97.28000000000705,Timer,timer_menten_prolif,0,0.05
29837.554987457217,97.29000000000705,Timer,timer_menten_prolif,0,0.05
29766.03072143854,97.30000000000706,Timer,timer_menten_prolif,0,0.05
29694.67790769034,97.31000000000707,Timer,timer_menten_prolif,0,0.05
29623.49613519037,97.32000000000707,Timer,timer_menten_prolif,0,0.05
29552.484993897942,97.33000000000708,Timer,timer_menten_prolif,0,0.05
29481.644074751413,97.34000000000708,Timer,timer_menten_prolif,0,0.05
29410.97296966555,97.35000000000709,Timer,timer_menten_prolif,0,0.05
29340.471272043607,97.36000000000709,Timer,timer_menten_prolif,0,0.05
29270.138576593996,97.3700000000071,Timer,timer_menten_prolif,0,0.05
29199.974477232354,97.3800000000071,Timer,timer_menten_prolif,0,0.05
29129.978569807463,97.3900000000071,Timer,timer_menten_prolif,0,0.05
29060.15045113514,97.40000000000711,Timer,timer_menten_prolif,0,0.05
28990.489718995705,97.41000000000712,Timer,timer_menten_prolif,0,0.05
28920.995972131495,97.42000000000712,Timer,timer_menten_prolif,0,0.05
28851.668810244402,97.43000000000713,Timer,timer_menten_prolif,0,0.05
28782.507833993368,97.44000000000713,Timer,timer_menten_prolif,0,0.05
28713.51264499189,97.45000000000714,Timer,timer_menten_prolif,0,0.05
28644.68284580556,97.46000000000714,Timer,timer_menten_prolif,0,0.05
28576.018039949548,97.47000000000715,Timer,timer_menten_prolif,0,0.05
28507.51783188614,97.48000000000715,Timer,timer_menten_prolif,0,0.05
28439.18182702222,97.49000000000716,Timer,timer_menten_prolif,0,0.05
28371.009631706827,97.50000000000716,Timer,timer_menten_prolif,0,0.05
28303.000853228616,97.51000000000717,Timer,timer_menten_prolif,0,0.05
28235.15509981341,97.52000000000717,Timer,timer_menten_prolif,0,0.05
28167.471982017512,97.53000000000718,Timer,timer_menten_prolif,0,0.05
28099.951110097056,97.54000000000718,Timer,timer_menten_prolif,0,0.05
28032.592094081097,97.55000000000719,Timer,timer_menten_prolif,0,0.05
27965.39454597421,97.5600000000072,Timer,timer_menten_prolif,0,0.05
27898.35807870859,97.5700000000072,Timer,timer_menten_prolif,0,0.05
27831.48230614161,97.5800000000072,Timer,timer_menten_prolif,0,0.05
27764.766843053396,97.59000000000721,Timer,timer_menten_prolif,0,0.05
27698.21130514443,97.60000000000721,Timer,timer_menten_prolif,0,0.05
27631.815309033103,97.61000000000722,Timer,timer_menten_prolif,0,0.05
27565.5784722533,97.62000000000722,Timer,timer_menten_prolif,0,0.05
27499.500413251997,97.63000000000723,Timer,timer_menten_prolif,0,0.05
27433.580751386813,97.64000000000723,Timer,timer_menten_prolif,0,0.05
27367.819106923598,97.65000000000724,Timer,timer_menten_prolif,0,0.05
27302.215101034024,97.66000000000724,Timer,timer_menten_prolif,0,0.05
27236.768355793127,97.67000000000725,Timer,timer_menten_prolif,0,0.05
27171.478494176947,97.68000000000725,Timer,timer_menten_prolif,0,0.05
27106.345140060046,97.69000000000726,Timer,timer_menten_prolif,0,0.05
27041.36791821311,97.70000000000726,Timer,timer_menten_prolif,0,0.05
26976.546454300533,97.71000000000727,Timer,timer_menten_prolif,0,0.05
26911.88037487799,97.72000000000727,Timer,timer_menten_prolif,0,0.05
26847.36930739002,97.73000000000728,Timer,timer_menten_prolif,0,0.05
26783.012883767107,97.74000000000729,Timer,timer_menten_prolif,0,0.05
26718.810731118472,97.75000000000729,Timer,timer_menten_prolif,0,0.05
26654.762478998266,97.7600000000073,Timer,timer_menten_prolif,0,0.05
26590.867758473563,97.7700000000073,Timer,timer_menten_prolif,0,0.05
26527.126201492978,97.7800000000073,Timer,timer_menten_prolif,0,0.05
26463.537440884298,97.79000000000731,Timer,timer_menten_prolif,0,0.05
26400.101110352178,97.80000000000732,Timer,timer_menten_prolif,0,0.05
26336.816844475852,97.81000000000732,Timer,timer_menten_prolif,0,0.05
26273.6842787068,97.82000000000733,Timer,timer_menten_prolif,0,0.05
26210.703049366428,97.83000000000733,Timer,timer_menten_prolif,0,0.05
26147.872793643764,97.84000000000734,Timer,timer_menten_prolif,0,0.05
26085.193149593157,97.85000000000734,Timer,timer_menten_prolif,0,0.05
26022.663756131922,97.86000000000735,Timer,timer_menten_prolif,0,0.05
25960.284253038073,97.87000000000735,Timer,timer_menten_prolif,0,0.05
25898.05428094797,97.88000000000736,Timer,timer_menten_prolif,0,0.05
25835.97348135404,97.89000000000736,Timer,timer_menten_prolif,0,0.05
25774.04149660243,97.90000000000737,Timer,timer_menten_prolif,0,0.05
25712.257969890714,97.91000000000737,Timer,timer_menten_prolif,0,0.05
25650.622545265567,97.92000000000738,Timer,timer_menten_prolif,0,0.05
25589.134867620465,97.93000000000738,Timer,timer_menten_prolif,0,0.05
25527.794583291405,97.94000000000739,Timer,timer_menten_prolif,0,0.05
25466.601342826623,97.95000000000739,Timer,timer_menten_prolif,0,0.05
25405.554790107046,97.9600000000074,Timer,timer_menten_prolif,0,0.05
25344.65457349181,97.9700000000074,Timer,timer_menten_prolif,0,0.05
25283.900342180717,97.98000000000741,Timer,timer_menten_prolif,0,0.05
25223.29174621198,97.99000000000741,Timer,timer_menten_prolif,0,0.05
25162.828436460066,98.00000000000742,Timer,timer_menten_prolif,0,0.05
25102.51006463349,98.01000000000742,Timer,timer_menten_prolif,0,0.05
25042.33628327263,98.02000000000743,Timer,timer_menten_prolif,0,0.05
24982.306745747537,98.03000000000743,Timer,timer_menten_prolif,0,0.05
24922.42110625575,98.04000000000744,Timer,timer_menten_prolif,0,0.05
24862.679019820087,98.05000000000744,Timer,timer_menten_prolif,0,0.05
24803.080142286486,98.06000000000745,Timer,timer_menten_prolif,0,0.05
24743.624130321787,98.07000000000745,Timer,timer_menten_prolif,0,0.05
24684.310641411546,98.08000000000746,Timer,timer_menten_prolif,0,0.05
24625.13933385787,98.09000000000746,Timer,timer_menten_prolif,0,0.05
24566.109866777195,98.10000000000747,Timer,timer_menten_prolif,0,0.05
24507.2219000981,98.11000000000747,Timer,timer_menten_prolif,0,0.05
24448.475094559144,98.12000000000748,Timer,timer_menten_prolif,0,0.05
24389.86911170665,98.13000000000748,Timer,timer_menten_prolif,0,0.05
24331.403613892508,98.14000000000749,Timer,timer_menten_prolif,0,0.05
24273.078266077573,98.1500000000075,Timer,timer_menten_prolif,0,0.05
24214.892733526438,98.1600000000075,Timer,timer_menten_prolif,0,0.05
24156.84667883372,98.1700000000075,Timer,timer_menten_prolif,0,0.05
24098.939767644868,98.18000000000751,Timer,timer_menten_prolif,0,0.05
24041.171666404858,98.19000000000752,Timer,timer_menten_prolif,0,0.05
23983.542042356137,98.20000000000752,Timer,timer_menten_prolif,0,0.05
23926.05056353652,98.21,Timer,timer_menten_prolif,0,0.05
23868.701002412883,98.22,Timer,timer_menten_prolif,0,0.05
23811.48897998213,98.23,Timer,timer_menten_prolif,0,0.05
23754.4141699498,98.24000000000001,Timer,timer_menten_prolif,0,0.05
23697.47624451466,98.25000000000001,Timer,timer_menten_prolif,0,0.05
23640.674876678135,98.26000000000002,Timer,timer_menten_prolif,0,0.05
23584.00974024455,98.27000000000002,Timer,timer_menten_prolif,0,0.05
23527.480509818753,98.28000000000003,Timer,timer_menten_prolif,0,0.05
23471.08686080434,98.29000000000003,Timer,timer_menten_prolif,0,0.05
23414.82846940268,98.30000000000004,Timer,timer_menten_prolif,0,0.05
23358.70501261084,98.31000000000004,Timer,timer_menten_prolif,0,0.05
23302.716168220108,98.32000000000005,Timer,timer_menten_prolif,0,0.05
23246.861614814443,98.33000000000006,Timer,timer_menten_prolif,0,0.05
23191.14103176887,98.34000000000006,Timer,timer_menten_prolif,0,0.05
23135.55409924798,98.35000000000007,Timer,timer_menten_prolif,0,0.05
23080.100498204243,98.36000000000007,Timer,timer_menten_prolif,0,0.05
23024.77991037668,98.37000000000008,Timer,timer_menten_prolif,0,0.05
22969.592018289062,98.38000000000008,Timer,timer_menten_prolif,0,0.05
22914.536505248645,98.39000000000009,Timer,timer_menten_prolif,0,0.05
22859.61305534443,98.40000000000009,Timer,timer_menten_prolif,0,0.05
22804.821353445855,98.4100000000001,Timer,timer_menten_prolif,0,0.05
22750.1610852011,98.4200000000001,Timer,timer_menten_prolif,0,0.05
22695.631937035792,98.4300000000001,Timer,timer_menten_prolif,0,0.05
22641.23359615135,98.44000000000011,Timer,timer_menten_prolif,0,0.05
22586.965750523697,98.45000000000012,Timer,timer_menten_prolif,0,0.05
22532.828088901602,98.46000000000012,Timer,timer_menten_prolif,0,0.05
22478.820300805448,98.47000000000013,Timer,timer_menten_prolif,0,0.05
22424.94207652557,98.48000000000013,Timer,timer_menten_prolif,0,0.05
22371.19310712105,98.49000000000014,Timer,timer_menten_prolif,0,0.05
22317.573084418145,98.50000000000014,Timer,timer_menten_prolif,0,0.05
22264.081701008843,98.51000000000015,Timer,timer_menten_prolif,0,0.05
22210.718650249673,98.52000000000015,Timer,timer_menten_prolif,0,0.05
22157.48362626007,98.53000000000016,Timer,timer_menten_prolif,0,0.05
22104.376323921202,98.54000000000016,Timer,timer_menten_prolif,0,0.05
22051.396438874526,98.55000000000017,Timer,timer_menten_prolif,0,0.05
21998.54366752033,98.56000000000017,Timer,timer_menten_prolif,0,0.05
21945.817707016606,98.57000000000018,Timer,timer_menten_prolif,0,0.05
21893.21825527746,98.58000000000018,Timer,timer_menten_prolif,0,0.05
21840.745010972038,98.59000000000019,Timer,timer_menten_prolif,0,0.05
21788.39767352306,98.6000000000002,Timer,timer_menten_prolif,0,0.05
21736.175943105507,98.6100000000002,Timer,timer_menten_prolif,0,0.05
21684.079520645468,98.6200000000002,Timer,timer_menten_prolif,0,0.05
21632.10810781867,98.63000000000021,Timer,timer_menten_prolif,0,0.05
21580.261407049402,98.64000000000021,Timer,timer_menten_prolif,0,0.05
21528.53912150916,98.65000000000022,Timer,timer_menten_prolif,0,0.05
21476.94095511534,98.66000000000022,Timer,timer_menten_prolif,0,0.05
21425.46661253018,98.67000000000023,Timer,timer_menten_prolif,0,0.05
21374.115799159357,98.68000000000023,Timer,timer_menten_prolif,0,0.05
21322.88822115091,98.69000000000024,Timer,timer_menten_prolif,0,0.05
21271.783585394005,98.70000000000024,Timer,timer_menten_prolif,0,0.05
21220.80159951767,98.71000000000025,Timer,timer_menten_prolif,0,0.05
21169.941971889762,98.72000000000025,Timer,timer_menten_prolif,0,0.05
21119.204411615712,98.73000000000026,Timer,timer_menten_prolif,0,0.05
21068.58862853742,98.74000000000026,Timer,timer_menten_prolif,0,0.05
21018.094333232053,98.75000000000027,Timer,timer_menten_prolif,0,0.05
20967.721237011032,98.76000000000028,Timer,timer_menten_prolif,0,0.05
20917.46905191886,98.77000000000028,Timer,timer_menten_prolif,0,0.05
20867.337490731978,98.78000000000029,Timer,timer_menten_prolif,0,0.05
20817.32626695779,98.79000000000029,Timer,timer_menten_prolif,0,0.05
20767.435094833545,98.8000000000003,Timer,timer_menten_prolif,0,0.05
20717.66368932521,98.8100000000003,Timer,timer_menten_prolif,0,0.05
20668.011766126565,98.8200000000003,Timer,timer_menten_prolif,0,0.05
20618.47904165808,98.83000000000031,Timer,timer_menten_prolif,0,0.05
20569.06523306589,98.84000000000032,Timer,timer_menten_prolif,0,0.05
20519.770058220864,98.85000000000032,Timer,timer_menten_prolif,0,0.05
20470.59323571759,98.86000000000033,Timer,timer_menten_prolif,0,0.05
20421.534484873337,98.87000000000033,Timer,timer_menten_prolif,0,0.05
20372.593525727207,98.88000000000034,Timer,timer_menten_prolif,0,0.05
20323.77007903914,98.89000000000034,Timer,timer_menten_prolif,0,0.05
20275.063866288918,98.90000000000035,Timer,timer_menten_prolif,0,0.05
20226.474609675395,98.91000000000035,Timer,timer_menten_prolif,0,0.05
20178.00203211545,98.92000000000036,Timer,timer_menten_prolif,0,0.05
20129.645857243264,98.93000000000036,Timer,timer_menten_prolif,0,0.05
20081.40580940927,98.94000000000037,Timer,timer_menten_prolif,0,0.05
20033.281613679417,98.95000000000037,Timer,timer_menten_prolif,0,0.05
19985.27299583435,98.96000000000038,Timer,timer_menten_prolif,0,0.05
19937.379682368504,98.97000000000038,Timer,timer_menten_prolif,0,0.05
19889.60140048932,98.98000000000039,Timer,timer_menten_prolif,0,0.05
19841.937878116543,98.99000000000039,Timer,timer_menten_prolif,0,0.05
19794.38884388134,99.0000000000004,Timer,timer_menten_prolif,0,0.05
19746.954027125597,99.0100000000004,Timer,timer_menten_prolif,0,0.05
19699.633157901153,99.02000000000041,Timer,timer_menten_prolif,0,0.05
19652.42596696915,99.03000000000041,Timer,timer_menten_prolif,0,0.05
19605.332185799227,99.04000000000042,Timer,timer_menten_prolif,0,0.05
19558.351546568876,99.05000000000042,Timer,timer_menten_prolif,0,0.05
19511.48378216284,99.06000000000043,Timer,timer_menten_prolif,0,0.05
19464.72862617233,99.07000000000043,Timer,timer_menten_prolif,0,0.05
19418.085812894475,99.08000000000044,Timer,timer_menten_prolif,0,0.05
19371.555077331737,99.09000000000044,Timer,timer_menten_prolif,0,0.05
19325.136155191212,99.10000000000045,Timer,timer_menten_prolif,0,0.05
19278.82878288414,99.11000000000045,Timer,timer_menten_prolif,0,0.05
19232.63269752526,99.12000000000046,Timer,timer_menten_prolif,0,0.05
19186.547636932417,99.13000000000046,Timer,timer_menten_prolif,0,0.05
19140.573339625866,99.14000000000047,Timer,timer_menten_prolif,0,0.05
19094.70954482785,99.15000000000047,Timer,timer_menten_prolif,0,0.05
19048.95599246218,99.16000000000048,Timer,timer_menten_prolif,0,0.05
19003.312423153653,99.17000000000048,Timer,timer_menten_prolif,0,0.05
18957.77857822767,99.18000000000049,Timer,timer_menten_prolif,0,0.05
18912.354199709836,99.1900000000005,Timer,timer_menten_prolif,0,0.05
18867.03903032552,99.2000000000005,Timer,timer_menten_prolif,0,0.05
18821.832813499484,99.2100000000005,Timer,timer_menten_prolif,0,0.05
18776.735293355534,99.22000000000051,Timer,timer_menten_prolif,0,0.05
18731.746214716186,99.23000000000052,Timer,timer_menten_prolif,0,0.05
18686.865323102338,99.24000000000052,Timer,timer_menten_prolif,0,0.05
18642.092364732966,99.25000000000053,Timer,timer_menten_prolif,0,0.05
18597.427086524876,99.26000000000053,Timer,timer_menten_prolif,0,0.05
18552.86923609247,99.27000000000054,Timer,timer_menten_prolif,0,0.05
18508.418561747465,99.28000000000054,Timer,timer_menten_prolif,0,0.05
18464.07481249873,99.29000000000055,Timer,timer_menten_prolif,0,0.05
18419.83773805208,99.30000000000055,Timer,timer_menten_prolif,0,0.05
18375.707088810195,99.31000000000056,Timer,timer_menten_prolif,0,0.05
18331.68261587238,99.32000000000056,Timer,timer_menten_prolif,0,0.05
18287.764071034508,99.33000000000057,Timer,timer_menten_prolif,0,0.05
18243.951206788945,99.34000000000057,Timer,timer_menten_prolif,0,0.05
18200.243776324514,99.35000000000058,Timer,timer_menten_prolif,0,0.05
18156.64153352639,99.36000000000058,Timer,timer_menten_prolif,0,0.05
18113.14423297613,99.37000000000059,Timer,timer_menten_prolif,0,0.05
18069.75162995172,99.38000000000059,Timer,timer_menten_prolif,0,0.05
18026.463480427596,99.3900000000006,Timer,timer_menten_prolif,0,0.05
17983.279541074684,99.4000000000006,Timer,timer_menten_prolif,0,0.05
17940.19956926051,99.41000000000061,Timer,timer_menten_prolif,0,0.05
17897.223323049388,99.42000000000061,Timer,timer_menten_prolif,0,0.05
17854.3505612025,99.43000000000062,Timer,timer_menten_prolif,0,0.05
17811.58104317807,99.44000000000062,Timer,timer_menten_prolif,0,0.05
17768.91452913159,99.45000000000063,Timer,timer_menten_prolif,0,0.05
17726.35077991616,99.46000000000063,Timer,timer_menten_prolif,0,0.05
17683.889557082555,99.47000000000064,Timer,timer_menten_prolif,0,0.05
17641.53062287964,99.48000000000064,Timer,timer_menten_prolif,0,0.05
17599.273740254623,99.49000000000065,Timer,timer_menten_prolif,0,0.05
17557.11867285359,99.50000000000065,Timer,timer_menten_prolif,0,0.05
17515.065185021667,99.51000000000066,Timer,timer_menten_prolif,0,0.05
17473.113041803517,99.52000000000066,Timer,timer_menten_prolif,0,0.05
17431.262008943766,99.53000000000067,Timer,timer_menten_prolif,0,0.05
17389.511852887597,99.54000000000067,Timer,timer_menten_prolif,0,0.05
17347.862340781117,99.55000000000068,Timer,timer_menten_prolif,0,0.05
17306.31324047193,99.56000000000068,Timer,timer_menten_prolif,0,0.05
17264.864320509667,99.57000000000069,Timer,timer_menten_prolif,0,0.05
17223.515350146787,99.5800000000007,Timer,timer_menten_prolif,0,0.05
17182.266099339005,99.5900000000007,Timer,timer_menten_prolif,0,0.05
17141.116338746047,99.6000000000007,Timer,timer_menten_prolif,0,0.05
17100.065839732302,99.61000000000071,Timer,timer_menten_prolif,0,0.05
17059.11437436766,99.62000000000072,Timer,timer_menten_prolif,0,0.05
17018.2617154283,99.63000000000072,Timer,timer_menten_prolif,0,0.05
16977.50763639738,99.64000000000073,Timer,timer_menten_prolif,0,0.05
16936.851911465914,99.65000000000073,Timer,timer_menten_prolif,0,0.05
16896.29431553372,99.66000000000074,Timer,timer_menten_prolif,0,0.05
16855.834624210423,99.67000000000074,Timer,timer_menten_prolif,0,0.05
16815.472613816215,99.68000000000075,Timer,timer_menten_prolif,0,0.05
16775.20806138293,99.69000000000075,Timer,timer_menten_prolif,0,0.05
16735.040744655,99.70000000000076,Timer,timer_menten_prolif,0,0.05
16694.97044209112,99.71000000000076,Timer,timer_menten_prolif,0,0.05
16654.99693286425,99.72000000000077,Timer,timer_menten_prolif,0,0.05
16615.119996863716,99.73000000000077,Timer,timer_menten_prolif,0,0.05
16575.339414696027,99.74000000000078,Timer,timer_menten_prolif,0,0.05
16535.654967686307,99.75000000000078,Timer,timer_menten_prolif,0,0.05
16496.06643787939,99.76000000000079,Timer,timer_menten_prolif,0,0.05
16456.573608041053,99.77000000000079,Timer,timer_menten_prolif,0,0.05
16417.17626165931,99.7800000000008,Timer,timer_menten_prolif,0,0.05
16377.8741829459,99.7900000000008,Timer,timer_menten_prolif,0,0.05
16338.66715683928,99.80000000000081,Timer,timer_menten_prolif,0,0.05
16299.554969004066,99.81000000000081,Timer,timer_menten_prolif,0,0.05
16260.537405832383,99.82000000000082,Timer,timer_menten_prolif,0,0.05
16221.614254445536,99.83000000000082,Timer,timer_menten_prolif,0,0.05
16182.78530269561,99.84000000000083,Timer,timer_menten_prolif,0,0.05
16144.050339171958,99.85000000000083,Timer,timer_menten_prolif,0,0.05
16105.409153197994,99.86000000000084,Timer,timer_menten_prolif,0,0.05
16066.86153483193,99.87000000000084,Timer,timer_menten_prolif,0,0.05
16028.40727486953,99.88000000000085,Timer,timer_menten_prolif,0,0.05
15990.046164845779,99.89000000000085,Timer,timer_menten_prolif,0,0.05
15951.777997042725,99.90000000000086,Timer,timer_menten_prolif,0,0.05
15913.602564486777,99.91000000000086,Timer,timer_menten_prolif,0,0.05
15875.51966094783,99.92000000000087,Timer,timer_menten_prolif,0,0.05
15837.52908094315,99.93000000000087,Timer,timer_menten_prolif,0,0.05
15799.630619739124,99.94000000000088,Timer,timer_menten_prolif,0,0.05
15761.824073359017,99.95000000000088,Timer,timer_menten_prolif,0,0.05
15724.109238582423,99.96000000000089,Timer,timer_menten_prolif,0,0.05
15686.485912942619,99.9700000000009,Timer,timer_menten_prolif,0,0.05
15648.95389473132,99.9800000000009,Timer,timer_menten_prolif,0,0.05
15611.512983000663,99.9900000000009,Timer,timer_menten_prolif,0,0.05
15574.162977570551,100.00000000000091,Timer,timer_menten_prolif,0,0.05
15536.903679030725,100.01000000000091,Timer,timer_menten_prolif,0,0.05
15499.734888736155,100.02000000000092,Timer,timer_menten_prolif,0,0.05
15462.656408812672,100.03000000000092,Timer,timer_menten_prolif,0,0.05
15425.66804215925,100.04000000000093,Timer,timer_menten_prolif,0,0.05
15388.769592454755,100.05000000000094,Timer,timer_menten_prolif,0,0.05
15351.960864162973,100.06000000000094,Timer,timer_menten_prolif,0,0.05
15315.2416625259,100.07000000000095,Timer,timer_menten_prolif,0,0.05
15278.611793570248,100.08000000000095,Timer,timer_menten_prolif,0,0.05
15242.071064110096,100.09000000000096,Timer,timer_menten_prolif,0,0.05
15205.619281753045,100.10000000000096,Timer,timer_menten_prolif,0,0.05
15169.256254907978,100.11000000000097,Timer,timer_menten_prolif,0,0.05
15132.98179277679,100.12000000000097,Timer,timer_menten_prolif,0,0.05
15096.795705361412,100.13000000000098,Timer,timer_menten_prolif,0,0.05
15060.697803466883,100.14000000000098,Timer,timer_menten_prolif,0,0.05
15024.687898707703,100.15000000000099,Timer,timer_menten_prolif,0,0.05
14988.76580351491,100.16000000000099,Timer,timer_menten_prolif,0,0.05
14952.931331132639,100.170000000001,Timer,timer_menten_prolif,0,0.05
14917.184295620047,100.180000000001,Timer,timer_menten_prolif,0,0.05
14881.524511857035,100.190000000001,Timer,timer_menten_prolif,0,0.05
14845.951795549887,100.20000000000101,Timer,timer_menten_prolif,0,0.05
14810.4659632449,100.21000000000102,Timer,timer_menten_prolif,0,0.05
14775.066832314962,100.22000000000102,Timer,timer_menten_prolif,0,0.05
14739.754220968096,100.23000000000103,Timer,timer_menten_prolif,0,0.05
14704.527948252377,100.24000000000103,Timer,timer_menten_prolif,0,0.05
14669.38783405973,100.25000000000104,Timer,timer_menten_prolif,0,0.05
14634.333699129842,100.26000000000104,Timer,timer_menten_prolif,0,0.05
14599.365365055857,100.27000000000105,Timer,timer_menten_prolif,0,0.05
14564.482654300598,100.28000000000105,Timer,timer_menten_prolif,0,0.05
14529.685390184615,100.29000000000106,Timer,timer_menten_prolif,0,0.05
14494.973396893976,100.30000000000106,Timer,timer_menten_prolif,0,0.05
14460.346499487021,100.31000000000107,Timer,timer_menten_prolif,0,0.05
14425.804523899309,100.32000000000107,Timer,timer_menten_prolif,0,0.05
14391.347296948665,100.33000000000108,Timer,timer_menten_prolif,0,0.05
14356.974646339415,100.34000000000108,Timer,timer_menten_prolif,0,0.05
14322.686400654584,100.35000000000109,Timer,timer_menten_prolif,0,0.05
14288.482389375939,100.3600000000011,Timer,timer_menten_prolif,0,0.05
14254.3624428886,100.3700000000011,Timer,timer_menten_prolif,0,0.05
14220.326392483268,100.3800000000011,Timer,timer_menten_prolif,0,0.05
14186.3740703615,100.39000000000111,Timer,timer_menten_prolif,0,0.05
14152.505309641016,100.40000000000111,Timer,timer_menten_prolif,0,0.05
14118.719944361077,100.41000000000112,Timer,timer_menten_prolif,0,0.05
14085.017809484645,100.42000000000112,Timer,timer_menten_prolif,0,0.05
14051.398740906989,100.43000000000113,Timer,timer_menten_prolif,0,0.05
14017.862575462015,100.44000000000113,Timer,timer_menten_prolif,0,0.05
13984.409150926906,100.45000000000114,Timer,timer_menten_prolif,0,0.05
13951.03830602784,100.46000000000114,Timer,timer_menten_prolif,0,0.05
13917.749880445834,100.47000000000115,Timer,timer_menten_prolif,0,0.05
13884.543714822648,100.48000000000116,Timer,timer_menten_prolif,0,0.05
13851.419650769283,100.49000000000116,Timer,timer_menten_prolif,0,0.05
13818.37753087057,100.50000000000117,Timer,timer_menten_prolif,0,0.05
13785.417198689807,100.51000000000117,Timer,timer_menten_prolif,0,0.05
13752.538498776259,100.52000000000118,Timer,timer_menten_prolif,0,0.05
13719.741276671579,100.53000000000118,Timer,timer_menten_prolif,0,0.05
13687.025378916314,100.54000000000119,Timer,timer_menten_prolif,0,0.05
13654.39065305651,100.55000000000119,Timer,timer_menten_prolif,0,0.05
13621.836947651944,100.5600000000012,Timer,timer_menten_prolif,0,0.05
13589.364112282667,100.5700000000012,Timer,timer_menten_prolif,0,0.05
13556.971997553981,100.5800000000012,Timer,timer_menten_prolif,0,0.05
13524.660455104531,100.59000000000121,Timer,timer_menten_prolif,0,0.05
13492.42933761346,100.60000000000122,Timer,timer_menten_prolif,0,0.05
13460.278498807584,100.61000000000122,Timer,timer_menten_prolif,0,0.05
13428.20779346873,100.62000000000123,Timer,timer_menten_prolif,0,0.05
13396.217077442587,100.63000000000123,Timer,timer_menten_prolif,0,0.05
13364.306207646976,100.64000000000124,Timer,timer_menten_prolif,0,0.05
13332.4750420763,100.65000000000124,Timer,timer_menten_prolif,0,0.05
13300.723439810805,100.66000000000125,Timer,timer_menten_prolif,0,0.05
13269.05126102451,100.67000000000125,Timer,timer_menten_prolif,0,0.05
13237.458366993154,100.68000000000126,Timer,timer_menten_prolif,0,0.05
13205.944620102298,100.69000000000126,Timer,timer_menten_prolif,0,0.05
13174.50988385635,100.70000000000127,Timer,timer_menten_prolif,0,0.05
13143.154022888215,100.71000000000127,Timer,timer_menten_prolif,0,0.05
13111.876902964916,100.72000000000128,Timer,timer_menten_prolif,0,0.05
13080.678390997231,100.73000000000128,Timer,timer_menten_prolif,0,0.05
13049.558355048473,100.74000000000129,Timer,timer_menten_prolif,0,0.05
13018.5166643433,100.7500000000013,Timer,timer_menten_prolif,0,0.05
12987.553189276725,100.7600000000013,Timer,timer_menten_prolif,0,0.05
12956.667801423791,100.7700000000013,Timer,timer_menten_prolif,0,0.05
12925.860373547928,100.78000000000131,Timer,timer_menten_prolif,0,0.05
12895.130779610263,100.79000000000131,Timer,timer_menten_prolif,0,0.05
12864.478894779138,100.80000000000132,Timer,timer_menten_prolif,0,0.05
12833.904595439584,100.81000000000132,Timer,timer_menten_prolif,0,0.05
12803.407759202972,100.82000000000133,Timer,timer_menten_prolif,0,0.05
12772.988264917998,100.83000000000133,Timer,timer_menten_prolif,0,0.05
12742.645992679718,100.84000000000134,Timer,timer_menten_prolif,0,0.05
12712.38082383886,100.85000000000134,Timer,timer_menten_prolif,0,0.05
12682.192641012452,100.86000000000135,Timer,timer_menten_prolif,0,0.05
12652.08132809406,100.87000000000135,Timer,timer_menten_prolif,0,0.05
12622.046770264114,100.88000000000136,Timer,timer_menten_prolif,0,0.05
12592.088854000904,100.89000000000136,Timer,timer_menten_prolif,0,0.05
12562.207467091404,100.90000000000137,Timer,timer_menten_prolif,0,0.05
12532.402498641019,100.91000000000138,Timer,timer_menten_prolif,0,0.05
12502.673839084855,100.92000000000138,Timer,timer_menten_prolif,0,0.05
12473.02138019872,100.93000000000139,Timer,timer_menten_prolif,0,0.05
12443.445015110214,100.94000000000139,Timer,timer_menten_prolif,0,0.05
12413.944638310135,100.9500000000014,Timer,timer_menten_prolif,0,0.05
12384.520145664414,100.9600000000014,Timer,timer_menten_prolif,0,0.05
12355.171434424694,100.9700000000014,Timer,timer_menten_prolif,0,0.05
12325.89840324013,100.98000000000141,Timer,timer_menten_prolif,0,0.05
12296.700952169203,100.99000000000142,Timer,timer_menten_prolif,0,0.05
12267.578982691595,101.00000000000142,Timer,timer_menten_prolif,0,0.05
12238.532397720173,101.01000000000143,Timer,timer_menten_prolif,0,0.05
12209.561101613523,101.02000000000143,Timer,timer_menten_prolif,0,0.05
12180.665000187812,101.03000000000144,Timer,timer_menten_prolif,0,0.05
12151.844000729041,101.04000000000144,Timer,timer_menten_prolif,0,0.05
12123.098012005643,101.05000000000145,Timer,timer_menten_prolif,0,0.05
12094.426944281107,101.06000000000145,Timer,timer_menten_prolif,0,0.05
12065.830709326712,101.07000000000146,Timer,timer_menten_prolif,0,0.05
12037.309220434447,101.08000000000146,Timer,timer_menten_prolif,0,0.05
12008.862392429892,101.09000000000147,Timer,timer_menten_prolif,0,0.05
11980.490141685419,101.10000000000147,Timer,timer_menten_prolif,0,0.05
11952.192386133345,101.11000000000148,Timer,timer_menten_prolif,0,0.05
11923.969045279333,101.12000000000148,Timer,timer_menten_prolif,0,0.05
11895.820040215836,101.13000000000149,Timer,timer_menten_prolif,0,0.05
11867.74529363562,101.14000000000149,Timer,timer_menten_prolif,0,0.05
11839.744729845046,101.1500000000015,Timer,timer_menten_prolif,0,0.05
11811.818274778641,101.1600000000015,Timer,timer_menten_prolif,0,0.05
11783.965856012743,101.17000000000151,Timer,timer_menten_prolif,0,0.05
11756.187402779575,101.18000000000151,Timer,timer_menten_prolif,0,0.05
11728.48284598146,101.19000000000152,Timer,timer_menten_prolif,0,0.05
11700.852118205032,101.20000000000152,Timer,timer_menten_prolif,0,0.05
11673.29515373454,101.21000000000153,Timer,timer_menten_prolif,0,0.05
11645.811888567725,101.22000000000153,Timer,timer_menten_prolif,0,0.05
11618.402260430252,101.23000000000154,Timer,timer_menten_prolif,0,0.05
11591.066208790297,101.24000000000154,Timer,timer_menten_prolif,0,0.05
11563.80367487342,101.25000000000155,Timer,timer_menten_prolif,0,0.05
11536.61460167755,101.26000000000155,Timer,timer_menten_prolif,0,0.05
11509.498933986488,101.27000000000156,Timer,timer_menten_prolif,0,0.05
11482.45661838599,101.28000000000156,Timer,timer_menten_prolif,0,0.05
11455.48760327997,101.29000000000157,Timer,timer_menten_prolif,0,0.05
11428.591838905199,101.30000000000157,Timer,timer_menten_prolif,0,0.05
11401.769277346793,101.31000000000158,Timer,timer_menten_prolif,0,0.05
11375.0198725538,101.32000000000158,Timer,timer_menten_prolif,0,0.05
11348.3435803537,101.33000000000159,Timer,timer_menten_prolif,0,0.05
11321.74035846677,101.3400000000016,Timer,timer_menten_prolif,0,0.05
11295.210166525389,101.3500000000016,Timer,timer_menten_prolif,0,0.05
11268.752966088457,101.3600000000016,Timer,timer_menten_prolif,0,0.05
11242.368720657372,101.37000000000161,Timer,timer_menten_prolif,0,0.05
11216.057395692118,101.38000000000162,Timer,timer_menten_prolif,0,0.05
11189.81895862686,101.39000000000162,Timer,timer_menten_prolif,0,0.05
11163.653378882504,101.40000000000163,Timer,timer_menten_prolif,0,0.05
11137.56062788804,101.41000000000163,Timer,timer_menten_prolif,0,0.05
11111.540679095702,101.42000000000164,Timer,timer_menten_prolif,0,0.05
11085.593507996913,101.43000000000164,Timer,timer_menten_prolif,0,0.05
11059.719092138797,101.44000000000165,Timer,timer_menten_prolif,0,0.05
11033.917411140636,101.45000000000165,Timer,timer_menten_prolif,0,0.05
11008.188446705593,101.46000000000166,Timer,timer_menten_prolif,0,0.05
10982.532182641427,101.47000000000166,Timer,timer_menten_prolif,0,0.05
10956.948604878358,101.48000000000167,Timer,timer_menten_prolif,0,0.05
10931.43770148427,101.49000000000167,Timer,timer_menten_prolif,0,0.05
10905.999462681451,101.50000000000168,Timer,timer_menten_prolif,0,0.05
10880.63388086341,101.51000000000168,Timer,timer_menten_prolif,0,0.05
10855.340950605252,101.52000000000169,Timer,timer_menten_prolif,0,0.05
10830.120668680462,101.53000000000169,Timer,timer_menten_prolif,0,0.05
10804.97303408917,101.5400000000017,Timer,timer_menten_prolif,0,0.05
10779.89804806884,101.5500000000017,Timer,timer_menten_prolif,0,0.05
10754.895714111153,101.56000000000171,Timer,timer_menten_prolif,0,0.05
10729.966037979033,101.57000000000171,Timer,timer_menten_prolif,0,0.05
10705.109027723676,101.58000000000172,Timer,timer_menten_prolif,0,0.05
10680.32469370169,101.59000000000172,Timer,timer_menten_prolif,0,0.05
10655.613048591918,101.60000000000173,Timer,timer_menten_prolif,0,0.05
10630.974107380192,101.61000000000173,Timer,timer_menten_prolif,0,0.05
10606.407887402109,101.62000000000174,Timer,timer_menten_prolif,0,0.05
10581.914408377159,101.63000000000174,Timer,timer_menten_prolif,0,0.05
10557.493692410015,101.64000000000175,Timer,timer_menten_prolif,0,0.05
10533.145764007215,101.65000000000175,Timer,timer_menten_prolif,0,0.05
10508.870650093897,101.66000000000176,Timer,timer_menten_prolif,0,0.05
10484.668380030516,101.67000000000176,Timer,timer_menten_prolif,0,0.05
10460.538985629617,101.68000000000177,Timer,timer_menten_prolif,0,0.05
10436.482501169336,101.69000000000177,Timer,timer_menten_prolif,0,0.05
10412.498963360085,101.70000000000178,Timer,timer_menten_prolif,0,0.05
10388.588411422263,101.71000000000178,Timer,timer_menten_prolif,0,0.05
10364.750887100457,101.72000000000179,Timer,timer_menten_prolif,0,0.05
10340.986434666056,101.7300000000018,Timer,timer_menten_prolif,0,0.05
10317.29510093308,101.7400000000018,Timer,timer_menten_prolif,0,0.05
10293.676935273954,101.7500000000018,Timer,timer_menten_prolif,0,0.05
10270.131989635247,101.76000000000181,Timer,timer_menten_prolif,0,0.05
10246.660318553411,101.77000000000182,Timer,timer_menten_prolif,0,0.05
10223.261979158942,101.78000000000182,Timer,timer_menten_prolif,0,0.05
10199.937031131947,101.79000000000183,Timer,timer_menten_prolif,0,0.05
10176.685536814446,101.80000000000183,Timer,timer_menten_prolif,0,0.05
10153.507561198861,101.81000000000184,Timer,timer_menten_prolif,0,0.05
10130.403171933112,101.82000000000184,Timer,timer_menten_prolif,0,0.05
10107.37243933473,101.83000000000185,Timer,timer_menten_prolif,0,0.05
10084.41543640488,101.84000000000185,Timer,timer_menten_prolif,0,0.05
10061.532238842288,101.85000000000186,Timer,timer_menten_prolif,0,0.05
10038.722925057045,101.86000000000186,Timer,timer_menten_prolif,0,0.05
10015.987576155392,101.87000000000187,Timer,timer_menten_prolif,0,0.05
9993.326275900745,101.88000000000187,Timer,timer_menten_prolif,0,0.05
9970.739110849674,101.89000000000188,Timer,timer_menten_prolif,0,0.05
9948.22617031421,101.90000000000188,Timer,timer_menten_prolif,0,0.05
9925.787546369049,101.91000000000189,Timer,timer_menten_prolif,0,0.05
9903.42333386295,101.92000000000189,Timer,timer_menten_prolif,0,0.05
9881.133630429966,101.9300000000019,Timer,timer_menten_prolif,0,0.05
9858.918536500461,101.9400000000019,Timer,timer_menten_prolif,0,0.05
9836.77815531198,101.9500000000019,Timer,timer_menten_prolif,0,0.05
9814.712592859789,101.96000000000191,Timer,timer_menten_prolif,0,0.05
9792.721957896116,101.97000000000192,Timer,timer_menten_prolif,0,0.05
9770.806362058593,101.98000000000192,Timer,timer_menten_prolif,0,0.05
9748.965919815739,101.99000000000193,Timer,timer_menten_prolif,0,0.05
9727.200748474053,102.00000000000193,Timer,timer_menten_prolif,0,0.05
9705.510968185476,102.01000000000194,Timer,timer_menten_prolif,0,0.05
9683.896701954542,102.02000000000194,Timer,timer_menten_prolif,0,0.05
9662.35807564526,102.03000000000195,Timer,timer_menten_prolif,0,0.05
9640.89521798698,102.04000000000195,Timer,timer_menten_prolif,0,0.05
9619.508260472894,102.05000000000196,Timer,timer_menten_prolif,0,0.05
9598.197337441949,102.06000000000196,Timer,timer_menten_prolif,0,0.05
9576.962586152693,102.07000000000197,Timer,timer_menten_prolif,0,0.05
9555.804146730165,102.08000000000197,Timer,timer_menten_prolif,0,0.05
9534.722162168333,102.09000000000198,Timer,timer_menten_prolif,0,0.05
9513.71677833213,102.10000000000198,Timer,timer_menten_prolif,0,0.05
9492.78814395905,102.11000000000199,Timer,timer_menten_prolif,0,0.05
9471.936410660319,102.120000000002,Timer,timer_menten_prolif,0,0.05
9451.161732913606,102.130000000002,Timer,timer_menten_prolif,0,0.05
9430.464267915002,102.140000000002,Timer,timer_menten_prolif,0,0.05
9409.84417575123,102.15000000000201,Timer,timer_menten_prolif,0,0.05
9389.301619400776,102.16000000000201,Timer,timer_menten_prolif,0,0.05
9368.83676468759,102.17000000000202,Timer,timer_menten_prolif,0,0.05
9348.449780276535,102.18000000000202,Timer,timer_menten_prolif,0,0.05
9328.14083766825,102.19000000000203,Timer,timer_menten_prolif,0,0.05
9307.910111193456,102.20000000000203,Timer,timer_menten_prolif,0,0.05
9287.757778006648,102.21000000000204,Timer,timer_menten_prolif,0,0.05
9267.684018052169,102.22000000000205,Timer,timer_menten_prolif,0,0.05
9247.689013893967,102.23000000000205,Timer,timer_menten_prolif,0,0.05
9227.772950959225,102.24000000000206,Timer,timer_menten_prolif,0,0.05
9207.936017465348,102.25000000000206,Timer,timer_menten_prolif,0,0.05
9188.178404380484,102.26000000000207,Timer,timer_menten_prolif,0,0.05
9168.500305410033,102.27000000000207,Timer,timer_menten_prolif,0,0.05
9148.901916982395,102.28000000000208,Timer,timer_menten_prolif,0,0.05
9129.383438233977,102.29000000000208,Timer,timer_menten_prolif,0,0.05
9109.945070993417,102.30000000000209,Timer,timer_menten_prolif,0,0.05
9090.587019702969,102.31000000000209,Timer,timer_menten_prolif,0,0.05
9071.30949126798,102.3200000000021,Timer,timer_menten_prolif,0,0.05
9052.112695328246,102.3300000000021,Timer,timer_menten_prolif,0,0.05
9032.996844123385,102.3400000000021,Timer,timer_menten_prolif,0,0.05
9013.962152457065,102.35000000000211,Timer,timer_menten_prolif,0,0.05
8995.008837672427,102.36000000000212,Timer,timer_menten_prolif,0,0.05
8976.137119626575,102.37000000000212,Timer,timer_menten_prolif,0,0.05
8957.347220664082,102.38000000000213,Timer,timer_menten_prolif,0,0.05
8938.639365589528,102.39000000000213,Timer,timer_menten_prolif,0,0.05
8920.013781522706,102.40000000000214,Timer,timer_menten_prolif,0,0.05
8901.470697827033,102.41000000000214,Timer,timer_menten_prolif,0,0.05
8883.010346337789,102.42000000000215,Timer,timer_menten_prolif,0,0.05
8864.632961194944,102.43000000000215,Timer,timer_menten_prolif,0,0.05
8846.338778804231,102.44000000000216,Timer,timer_menten_prolif,0,0.05
8828.128037799223,102.45000000000216,Timer,timer_menten_prolif,0,0.05
8810.000979002216,102.46000000000217,Timer,timer_menten_prolif,0,0.05
8791.957845383933,102.47000000000217,Timer,timer_menten_prolif,0,0.05
8773.998882021438,102.48000000000218,Timer,timer_menten_prolif,0,0.05
8756.12433586827,102.49000000000218,Timer,timer_menten_prolif,0,0.05
8738.334455825821,102.50000000000219,Timer,timer_menten_prolif,0,0.05
8720.62949284113,102.5100000000022,Timer,timer_menten_prolif,0,0.05
8703.009699749105,102.5200000000022,Timer,timer_menten_prolif,0,0.05
8685.475331220332,102.5300000000022,Timer,timer_menten_prolif,0,0.05
8668.026643707455,102.54000000000221,Timer,timer_menten_prolif,0,0.05
8650.66389539013,102.54,Timer,timer_menten_prolif,0,0.05
8633.387347733289,102.55000000000001,Timer,timer_menten_prolif,0,0.05
8616.197259022847,102.56000000000002,Timer,timer_menten_prolif,0,0.05
8599.093893560603,102.57000000000002,Timer,timer_menten_prolif,0,0.05
8582.077515702742,102.58000000000003,Timer,timer_menten_prolif,0,0.05
8565.148391186796,102.59000000000003,Timer,timer_menten_prolif,0,0.05
8548.306787077823,102.60000000000004,Timer,timer_menten_prolif,0,0.05
8531.552971681525,102.61000000000004,Timer,timer_menten_prolif,0,0.05
8514.887214461021,102.62000000000005,Timer,timer_menten_prolif,0,0.05
8498.309785986012,102.63000000000005,Timer,timer_menten_prolif,0,0.05
8481.820957834983,102.64000000000006,Timer,timer_menten_prolif,0,0.05
8465.421002518236,102.65000000000006,Timer,timer_menten_prolif,0,0.05
8449.110193396282,102.66000000000007,Timer,timer_menten_prolif,0,0.05
8432.888804593005,102.67000000000007,Timer,timer_menten_prolif,0,0.05
8416.757110908366,102.68000000000008,Timer,timer_menten_prolif,0,0.05
8400.715387728329,102.69000000000008,Timer,timer_menten_prolif,0,0.05
8384.763910932441,102.70000000000009,Timer,timer_menten_prolif,0,0.05
8368.902956802407,102.7100000000001,Timer,timer_menten_prolif,0,0.05
8353.132801921107,102.7200000000001,Timer,timer_menten_prolif,0,0.05
8337.45372307449,102.7300000000001,Timer,timer_menten_prolif,0,0.05
8321.865997153389,102.74000000000011,Timer,timer_menten_prolif,0,0.05
8306.369901047186,102.75000000000011,Timer,timer_menten_prolif,0,0.05
8290.965711539626,102.76000000000012,Timer,timer_menten_prolif,0,0.05
8275.653705200086,102.77000000000012,Timer,timer_menten_prolif,0,0.05
8260.434158273047,102.78000000000013,Timer,timer_menten_prolif,0,0.05
8245.307346565543,102.79000000000013,Timer,timer_menten_prolif,0,0.05
8230.273545331982,102.80000000000014,Timer,timer_menten_prolif,0,0.05
8215.333029156816,102.81000000000014,Timer,timer_menten_prolif,0,0.05
8200.486071834686,102.82000000000015,Timer,timer_menten_prolif,0,0.05
8185.732946248396,102.83000000000015,Timer,timer_menten_prolif,0,0.05
8171.0739242444515,102.84000000000016,Timer,timer_menten_prolif,0,0.05
8156.509276506242,102.85000000000016,Timer,timer_menten_prolif,0,0.05
8142.039272425001,102.86000000000017,Timer,timer_menten_prolif,0,0.05
8127.664179968293,102.87000000000018,Timer,timer_menten_prolif,0,0.05
8113.3842655462495,102.88000000000018,Timer,timer_menten_prolif,0,0.05
8099.199793875619,102.89000000000019,Timer,timer_menten_prolif,0,0.05
8085.11102784122,102.90000000000019,Timer,timer_menten_prolif,0,0.05
8071.11822835541,102.9100000000002,Timer,timer_menten_prolif,0,0.05
8057.221654215142,102.9200000000002,Timer,timer_menten_prolif,0,0.05
8043.42156195662,102.9300000000002,Timer,timer_menten_prolif,0,0.05
8029.718205708175,102.94000000000021,Timer,timer_menten_prolif,0,0.05
8016.111837040276,102.95000000000022,Timer,timer_menten_prolif,0,0.05
8002.602704813913,102.96000000000022,Timer,timer_menten_prolif,0,0.05
7989.1910550265875,102.97000000000023,Timer,timer_menten_prolif,0,0.05
7975.877130655873,102.98000000000023,Timer,timer_menten_prolif,0,0.05
7962.66117150165,102.99000000000024,Timer,timer_menten_prolif,0,0.05
7949.543414025207,103.00000000000024,Timer,timer_menten_prolif,0,0.05
7936.524091187179,103.01000000000025,Timer,timer_menten_prolif,0,0.05
7923.603432283179,103.02000000000025,Timer,timer_menten_prolif,0,0.05
7910.781662776778,103.03000000000026,Timer,timer_menten_prolif,0,0.05
7898.059004131703,103.04000000000026,Timer,timer_menten_prolif,0,0.05
7885.435673641896,103.05000000000027,Timer,timer_menten_prolif,0,0.05
7872.911884258892,103.06000000000027,Timer,timer_menten_prolif,0,0.05
7860.487844418056,103.07000000000028,Timer,timer_menten_prolif,0,0.05
7848.163757862865,103.08000000000028,Timer,timer_menten_prolif,0,0.05
7835.939823467742,103.09000000000029,Timer,timer_menten_prolif,0,0.05
7823.816235059003,103.10000000000029,Timer,timer_menten_prolif,0,0.05
7811.793181234223,103.1100000000003,Timer,timer_menten_prolif,0,0.05
7799.870845180127,103.1200000000003,Timer,timer_menten_prolif,0,0.05
7788.0494044890675,103.13000000000031,Timer,timer_menten_prolif,0,0.05
7776.329030974195,103.14000000000031,Timer,timer_menten_prolif,0,0.05
7764.709890482858,103.15000000000032,Timer,timer_menten_prolif,0,0.05
7753.192142709182,103.16000000000032,Timer,timer_menten_prolif,0,0.05
7741.77594100555,103.17000000000033,Timer,timer_menten_prolif,0,0.05
7730.4614321923455,103.18000000000033,Timer,timer_menten_prolif,0,0.05
7719.248756367217,103.19000000000034,Timer,timer_menten_prolif,0,0.05
7708.138046713495,103.20000000000034,Timer,timer_menten_prolif,0,0.05
7697.129429307062,103.21000000000035,Timer,timer_menten_prolif,0,0.05
7686.223022923014,103.22000000000035,Timer,timer_menten_prolif,0,0.05
7675.418938841749,103.23000000000036,Timer,timer_menten_prolif,0,0.05
7664.7172806537765,103.24000000000036,Timer,timer_menten_prolif,0,0.05
7654.118144064571,103.25000000000037,Timer,timer_menten_prolif,0,0.05
7643.621616699187,103.26000000000037,Timer,timer_menten_prolif,0,0.05
7633.227777905764,103.27000000000038,Timer,timer_menten_prolif,0,0.05
7622.936698559333,103.28000000000038,Timer,timer_menten_prolif,0,0.05
7612.748440866168,103.29000000000039,Timer,timer_menten_prolif,0,0.05
7602.663058166952,103.3000000000004,Timer,timer_menten_prolif,0,0.05
7592.6805947404555,103.3100000000004,Timer,timer_menten_prolif,0,0.05
7582.8010856079845,103.3200000000004,Timer,timer_menten_prolif,0,0.05
7573.024556337802,103.33000000000041,Timer,timer_menten_prolif,0,0.05
7563.351022849525,103.34000000000042,Timer,timer_menten_prolif,0,0.05
7553.780491219783,103.35000000000042,Timer,timer_menten_prolif,0,0.05
7544.3129574888335,103.36000000000043,Timer,timer_menten_prolif,0,0.05
7534.948407466871,103.37000000000043,Timer,timer_menten_prolif,0,0.05
7525.68681654204,103.38000000000044,Timer,timer_menten_prolif,0,0.05
7516.528149489963,103.39000000000044,Timer,timer_menten_prolif,0,0.05
7507.472360283547,103.40000000000045,Timer,timer_menten_prolif,0,0.05
7498.519391904403,103.41000000000045,Timer,timer_menten_prolif,0,0.05
7489.66917615626,103.42000000000046,Timer,timer_menten_prolif,0,0.05
7480.9216334796565,103.43000000000046,Timer,timer_menten_prolif,0,0.05
7472.276672767943,103.44000000000047,Timer,timer_menten_prolif,0,0.05
7463.734191185782,103.45000000000047,Timer,timer_menten_prolif,0,0.05
7455.294073989858,103.46000000000048,Timer,timer_menten_prolif,0,0.05
7446.956194350869,103.47000000000048,Timer,timer_menten_prolif,0,0.05
7438.720413178484,103.48000000000049,Timer,timer_menten_prolif,0,0.05
7430.586578948778,103.49000000000049,Timer,timer_menten_prolif,0,0.05
7422.554527534305,103.5000000000005,Timer,timer_menten_prolif,0,0.05
7414.624082036198,103.5100000000005,Timer,timer_menten_prolif,0,0.05
7406.795052620316,103.52000000000051,Timer,timer_menten_prolif,0,0.05
7399.067236355726,103.53000000000051,Timer,timer_menten_prolif,0,0.05
7391.440417056023,103.54000000000052,Timer,timer_menten_prolif,0,0.05
7383.914365124425,103.55000000000052,Timer,timer_menten_prolif,0,0.05
7376.488837404888,103.56000000000053,Timer,timer_menten_prolif,0,0.05
7369.163577031817,103.57000000000053,Timer,timer_menten_prolif,0,0.05
7361.938313284309,103.58000000000054,Timer,timer_menten_prolif,0,0.05
7354.812761446866,103.59000000000054,Timer,timer_menten_prolif,0,0.05
7347.786622684371,103.60000000000055,Timer,timer_menten_prolif,0,0.05
7340.859583896471,103.61000000000055,Timer,timer_menten_prolif,0,0.05
7334.031317589646,103.62000000000056,Timer,timer_menten_prolif,0,0.05
7327.301481760143,103.63000000000056,Timer,timer_menten_prolif,0,0.05
7320.669719790883,103.64000000000057,Timer,timer_menten_prolif,0,0.05
7314.135660312894,103.65000000000057,Timer,timer_menten_prolif,0,0.05
7307.698917101454,103.66000000000058,Timer,timer_menten_prolif,0,0.05
7301.359088985218,103.67000000000058,Timer,timer_menten_prolif,0,0.05
7295.115759752601,103.68000000000059,Timer,timer_menten_prolif,0,0.05
7288.968498038228,103.6900000000006,Timer,timer_menten_prolif,0,0.05
7282.916857241387,103.7000000000006,Timer,timer_menten_prolif,0,0.05
7276.960375462829,103.7100000000006,Timer,timer_menten_prolif,0,0.05
7271.0985754189805,103.72000000000061,Timer,timer_menten_prolif,0,0.05
7265.330964362092,103.73000000000062,Timer,timer_menten_prolif,0,0.05
7259.657034021178,103.74000000000062,Timer,timer_menten_prolif,0,0.05
7254.076260564882,103.75000000000063,Timer,timer_menten_prolif,0,0.05
7248.588104530472,103.76000000000063,Timer,timer_menten_prolif,0,0.05
7243.192010777508,103.77000000000064,Timer,timer_menten_prolif,0,0.05
7237.887408455843,103.78000000000064,Timer,timer_menten_prolif,0,0.05
7232.6737109926835,103.79000000000065,Timer,timer_menten_prolif,0,0.05
7227.550316039988,103.80000000000065,Timer,timer_menten_prolif,0,0.05
7222.516605461122,103.81000000000066,Timer,timer_menten_prolif,0,0.05
7217.571945322496,103.82000000000066,Timer,timer_menten_prolif,0,0.05
7212.715685920786,103.83000000000067,Timer,timer_menten_prolif,0,0.05
7207.9471617518975,103.84000000000067,Timer,timer_menten_prolif,0,0.05
7203.265691524074,103.85000000000068,Timer,timer_menten_prolif,0,0.05
7198.670578178566,103.86000000000068,Timer,timer_menten_prolif,0,0.05
7194.161108938445,103.87000000000069,Timer,timer_menten_prolif,0,0.05
7189.736555322054,103.88000000000069,Timer,timer_menten_prolif,0,0.05
7185.396173178915,103.8900000000007,Timer,timer_menten_prolif,0,0.05
7181.1392027409,103.9000000000007,Timer,timer_menten_prolif,0,0.05
7176.964868696148,103.91000000000071,Timer,timer_menten_prolif,0,0.05
7172.872380244642,103.92000000000071,Timer,timer_menten_prolif,0,0.05
7168.860931158764,103.93000000000072,Timer,timer_menten_prolif,0,0.05
7164.929699867424,103.94000000000072,Timer,timer_menten_prolif,0,0.05
7161.077849553394,103.95000000000073,Timer,timer_menten_prolif,0,0.05
7157.304528251183,103.96000000000073,Timer,timer_menten_prolif,0,0.05
7153.608868935738,103.97000000000074,Timer,timer_menten_prolif,0,0.05
7149.989989639218,103.98000000000074,Timer,timer_menten_prolif,0,0.05
7146.446993574496,103.99000000000075,Timer,timer_menten_prolif,0,0.05
7142.978969269441,104.00000000000075,Timer,timer_menten_prolif,0,0.05
7139.584990689622,104.01000000000076,Timer,timer_menten_prolif,0,0.05
7136.264117386028,104.02000000000076,Timer,timer_menten_prolif,0,0.05
7133.015394627251,104.03000000000077,Timer,timer_menten_prolif,0,0.05
7129.837853664039,104.04000000000077,Timer,timer_menten_prolif,0,0.05
7126.730511698347,104.05000000000078,Timer,timer_menten_prolif,0,0.05
7123.692372239699,104.06000000000078,Timer,timer_menten_prolif,0,0.05
7120.7224252135575,104.07000000000079,Timer,timer_menten_prolif,0,0.05
7117.81964716903,104.0800000000008,Timer,timer_menten_prolif,0,0.05
7114.983001468407,104.0900000000008,Timer,timer_menten_prolif,0,0.05
7112.211438488925,104.1000000000008,Timer,timer_menten_prolif,0,0.05
7109.503895823701,104.11000000000081,Timer,timer_menten_prolif,0,0.05
7106.8592985052055,104.12000000000081,Timer,timer_menten_prolif,0,0.05
7104.2765594599805,104.13000000000082,Timer,timer_menten_prolif,0,0.05
7101.754579436514,104.14000000000082,Timer,timer_menten_prolif,0,0.05
7099.2922472304,104.15000000000083,Timer,timer_menten_prolif,0,0.05
7096.888439937367,104.16000000000084,Timer,timer_menten_prolif,0,0.05
7094.542023205278,104.17000000000084,Timer,timer_menten_prolif,0,0.05
7092.251852307296,104.18000000000085,Timer,timer_menten_prolif,0,0.05
7090.01677158153,104.19000000000085,Timer,timer_menten_prolif,0,0.05
7087.83561455553,104.20000000000086,Timer,timer_menten_prolif,0,0.05
7085.707204389176,104.21000000000086,Timer,timer_menten_prolif,0,0.05
7083.630354134084,104.22000000000087,Timer,timer_menten_prolif,0,0.05
7081.603867958256,104.23000000000087,Timer,timer_menten_prolif,0,0.05
7079.626540714429,104.24000000000088,Timer,timer_menten_prolif,0,0.05
7077.697157833896,104.25000000000088,Timer,timer_menten_prolif,0,0.05
7075.81449591891,104.26000000000089,Timer,timer_menten_prolif,0,0.05
7073.977323019983,104.27000000000089,Timer,timer_menten_prolif,0,0.05
7072.184399708651,104.2800000000009,Timer,timer_menten_prolif,0,0.05
7070.43447903422,104.2900000000009,Timer,timer_menten_prolif,0,0.05
7068.726306234501,104.3000000000009,Timer,timer_menten_prolif,0,0.05
7067.058619402058,104.31000000000091,Timer,timer_menten_prolif,0,0.05
7065.430149790034,104.32000000000092,Timer,timer_menten_prolif,0,0.05
7063.839622692849,104.33000000000092,Timer,timer_menten_prolif,0,0.05
7062.2857577727755,104.34000000000093,Timer,timer_menten_prolif,0,0.05
7060.767268638081,104.35000000000093,Timer,timer_menten_prolif,0,0.05
7059.282863555374,104.36000000000094,Timer,timer_menten_prolif,0,0.05
7057.83124578404,104.37000000000094,Timer,timer_menten_prolif,0,0.05
7056.411114345494,104.38000000000095,Timer,timer_menten_prolif,0,0.05
7055.021164579401,104.39000000000095,Timer,timer_menten_prolif,0,0.05
7053.660087570579,104.40000000000096,Timer,timer_menten_prolif,0,0.05
7052.326570927679,104.41000000000096,Timer,timer_menten_prolif,0,0.05
7051.019299142619,104.42000000000097,Timer,timer_menten_prolif,0,0.05
7049.736953945117,104.43000000000097,Timer,timer_menten_prolif,0,0.05
7048.478215429297,104.44000000000098,Timer,timer_menten_prolif,0,0.05
7047.2417621164,104.45000000000098,Timer,timer_menten_prolif,0,0.05
7046.026270627901,104.46000000000099,Timer,timer_menten_prolif,0,0.05
7044.830416483892,104.470000000001,Timer,timer_menten_prolif,0,0.05
7043.652874479342,104.480000000001,Timer,timer_menten_prolif,0,0.05
7042.492319075875,104.490000000001,Timer,timer_menten_prolif,0,0.05
7041.347425302469,104.50000000000101,Timer,timer_menten_prolif,0,0.05
7040.216868688436,104.51000000000101,Timer,timer_menten_prolif,0,0.05
7039.099325505381,104.52000000000102,Timer,timer_menten_prolif,0,0.05
7037.993473322056,104.53000000000102,Timer,timer_menten_prolif,0,0.05
7036.897991393472,104.54000000000103,Timer,timer_menten_prolif,0,0.05
7035.81156107057,104.55000000000103,Timer,timer_menten_prolif,0,0.05
7034.732866413999,104.56000000000104,Timer,timer_menten_prolif,0,0.05
7033.660594322177,104.57000000000104,Timer,timer_menten_prolif,0,0.05
7032.593434945872,104.58000000000105,Timer,timer_menten_prolif,0,0.05
7031.530082125984,104.59000000000106,Timer,timer_menten_prolif,0,0.05
7030.469233787904,104.60000000000106,Timer,timer_menten_prolif,0,0.05
7029.409592308993,104.61000000000107,Timer,timer_menten_prolif,0,0.05
7028.3498647872475,104.62000000000107,Timer,timer_menten_prolif,0,0.05
7027.288763621207,104.63000000000108,Timer,timer_menten_prolif,0,0.05
7026.22500685296,104.64000000000108,Timer,timer_menten_prolif,0,0.05
7025.157318544589,104.65000000000109,Timer,timer_menten_prolif,0,0.05
7024.084429169304,104.66000000000109,Timer,timer_menten_prolif,0,0.05
7023.005075833333,104.6700000000011,Timer,timer_menten_prolif,0,0.05
7021.918002333261,104.6800000000011,Timer,timer_menten_prolif,0,0.05
7020.821960209645,104.6900000000011,Timer,timer_menten_prolif,0,0.05
7019.715708880063,104.70000000000111,Timer,timer_menten_prolif,0,0.05
7018.598015997025,104.71000000000112,Timer,timer_menten_prolif,0,0.05
7017.467657827618,104.72000000000112,Timer,timer_menten_prolif,0,0.05
7016.323419185533,104.73000000000113,Timer,timer_menten_prolif,0,0.05
7015.1640935823425,104.74000000000113,Timer,timer_menten_prolif,0,0.05
7013.988484540996,104.75000000000114,Timer,timer_menten_prolif,0,0.05
7012.795405518162,104.76000000000114,Timer,timer_menten_prolif,0,0.05
7011.583680258003,104.77000000000115,Timer,timer_menten_prolif,0,0.05
7010.352143150861,104.78000000000115,Timer,timer_menten_prolif,0,0.05
7009.0996387050145,104.79000000000116,Timer,timer_menten_prolif,0,0.05
7007.825022240559,104.80000000000116,Timer,timer_menten_prolif,0,0.05
7006.527161030874,104.81000000000117,Timer,timer_menten_prolif,0,0.05
7005.204934151408,104.82000000000117,Timer,timer_menten_prolif,0,0.05
7003.857232813407,104.83000000000118,Timer,timer_menten_prolif,0,0.05
7002.482960657957,104.84000000000118,Timer,timer_menten_prolif,0,0.05
7001.081032749906,104.85000000000119,Timer,timer_menten_prolif,0,0.05
6999.65037704405,104.8600000000012,Timer,timer_menten_prolif,0,0.05
6998.189935061899,104.8700000000012,Timer,timer_menten_prolif,0,0.05
6996.698661769158,104.8800000000012,Timer,timer_menten_prolif,0,0.05
6995.175525876599,104.89000000000121,Timer,timer_menten_prolif,0,0.05
6993.619509991568,104.90000000000121,Timer,timer_menten_prolif,0,0.05
6992.029609287074,104.91000000000122,Timer,timer_menten_prolif,0,0.05
6990.404833698762,104.92000000000122,Timer,timer_menten_prolif,0,0.05
6988.744208040838,104.93000000000123,Timer,timer_menten_prolif,0,0.05
6987.046771953395,104.94000000000123,Timer,timer_menten_prolif,0,0.05
6985.311580165217,104.95000000000124,Timer,timer_menten_prolif,0,0.05
6983.537702404717,104.96000000000124,Timer,timer_menten_prolif,0,0.05
6981.724222016561,104.97000000000125,Timer,timer_menten_prolif,0,0.05
6979.870238654742,104.98000000000125,Timer,timer_menten_prolif,0,0.05
6977.974867873079,104.99000000000126,Timer,timer_menten_prolif,0,0.05
6976.037241153317,105.00000000000126,Timer,timer_menten_prolif,0,0.05
6974.056506125926,105.01000000000127,Timer,timer_menten_prolif,0,0.05
6972.031825941653,105.02000000000127,Timer,timer_menten_prolif,0,0.05
6969.962379099263,105.03000000000128,Timer,timer_menten_prolif,0,0.05
6967.84736057838,105.04000000000129,Timer,timer_menten_prolif,0,0.05
6965.685982498863,105.05000000000129,Timer,timer_menten_prolif,0,0.05
6963.477473681951,105.0600000000013,Timer,timer_menten_prolif,0,0.05
6961.2210798464075,105.0700000000013,Timer,timer_menten_prolif,0,0.05
6958.916062440503,105.0800000000013,Timer,timer_menten_prolif,0,0.05
6956.56169838223,105.09000000000131,Timer,timer_menten_prolif,0,0.05
6954.157283083594,105.10000000000132,Timer,timer_menten_prolif,0,0.05
6951.702129103487,105.11000000000132,Timer,timer_menten_prolif,0,0.05
6949.195566226349,105.12000000000133,Timer,timer_menten_prolif,0,0.05
6946.636941550585,105.13000000000133,Timer,timer_menten_prolif,0,0.05
6944.02561956625,105.14000000000134,Timer,timer_menten_prolif,0,0.05
6941.360982221989,105.15000000000134,Timer,timer_menten_prolif,0,0.05
6938.642428550675,105.16000000000135,Timer,timer_menten_prolif,0,0.05
6935.869372396875,105.17000000000135,Timer,timer_menten_prolif,0,0.05
6933.041246071205,105.18000000000136,Timer,timer_menten_prolif,0,0.05
6930.157499381438,105.19000000000136,Timer,timer_menten_prolif,0,0.05
6927.217599239637,105.20000000000137,Timer,timer_menten_prolif,0,0.05
6924.221029602629,105.21000000000137,Timer,timer_menten_prolif,0,0.05
6921.167291398615,105.22000000000138,Timer,timer_menten_prolif,0,0.05
6918.055902439885,105.23000000000138,Timer,timer_menten_prolif,0,0.05
6914.886397360586,105.24000000000139,Timer,timer_menten_prolif,0,0.05
6911.658330762497,105.25000000000139,Timer,timer_menten_prolif,0,0.05
6908.371274541158,105.2600000000014,Timer,timer_menten_prolif,0,0.05
6905.024816168239,105.2700000000014,Timer,timer_menten_prolif,0,0.05
6901.618560091474,105.28000000000141,Timer,timer_menten_prolif,0,0.05
6898.152127652842,105.29000000000141,Timer,timer_menten_prolif,0,0.05
6894.625156997472,105.30000000000142,Timer,timer_menten_prolif,0,0.05
6891.037302973244,105.31000000000142,Timer,timer_menten_prolif,0,0.05
6887.388237021084,105.32000000000143,Timer,timer_menten_prolif,0,0.05
6883.67764775636,105.33000000000143,Timer,timer_menten_prolif,0,0.05
6879.905241777758,105.34000000000144,Timer,timer_menten_prolif,0,0.05
6876.070741077432,105.35000000000144,Timer,timer_menten_prolif,0,0.05
6872.173883986063,105.36000000000145,Timer,timer_menten_prolif,0,0.05
6868.214425122155,105.37000000000145,Timer,timer_menten_prolif,0,0.05
6864.192135270836,105.38000000000146,Timer,timer_menten_prolif,0,0.05
6860.106801255581,105.39000000000146,Timer,timer_menten_prolif,0,0.05
6855.958225802857,105.40000000000147,Timer,timer_menten_prolif,0,0.05
6851.746227470356,105.41000000000147,Timer,timer_menten_prolif,0,0.05
6847.470641247888,105.42000000000148,Timer,timer_menten_prolif,0,0.05
6843.131317423891,105.43000000000148,Timer,timer_menten_prolif,0,0.05
6838.728121554115,105.44000000000149,Timer,timer_menten_prolif,0,0.05
6834.26093447092,105.4500000000015,Timer,timer_menten_prolif,0,0.05
6829.7296521239905,105.4600000000015,Timer,timer_menten_prolif,0,0.05
6825.134185414915,105.4700000000015,Timer,timer_menten_prolif,0,0.05
6820.474460025617,105.48000000000151,Timer,timer_menten_prolif,0,0.05
6815.750416240657,105.49000000000152,Timer,timer_menten_prolif,0,0.05
6810.96200939717,105.50000000000152,Timer,timer_menten_prolif,0,0.05
6806.109209485583,105.51000000000153,Timer,timer_menten_prolif,0,0.05
6801.192000229846,105.52000000000153,Timer,timer_menten_prolif,0,0.05
6796.210379357249,105.53000000000154,Timer,timer_menten_prolif,0,0.05
6791.1643584110425,105.54000000000154,Timer,timer_menten_prolif,0,0.05
6786.053962558006,105.55000000000155,Timer,timer_menten_prolif,0,0.05
6780.87923039097,105.56000000000155,Timer,timer_menten_prolif,0,0.05
6775.640213726292,105.57000000000156,Timer,timer_menten_prolif,0,0.05
6770.336977599981,105.58000000000156,Timer,timer_menten_prolif,0,0.05
6764.969601001743,105.59000000000157,Timer,timer_menten_prolif,0,0.05
6759.538174889369,105.60000000000157,Timer,timer_menten_prolif,0,0.05
6754.042802787317,105.61000000000158,Timer,timer_menten_prolif,0,0.05
6748.48360055081,105.62000000000158,Timer,timer_menten_prolif,0,0.05
6742.860696158343,105.63000000000159,Timer,timer_menten_prolif,0,0.05
6737.174229499653,105.64000000000159,Timer,timer_menten_prolif,0,0.05
6731.424352159298,105.6500000000016,Timer,timer_menten_prolif,0,0.05
6725.611227243278,105.6600000000016,Timer,timer_menten_prolif,0,0.05
6719.735030281516,105.67000000000161,Timer,timer_menten_prolif,0,0.05
6713.795947704892,105.68000000000161,Timer,timer_menten_prolif,0,0.05
6707.7941765235055,105.69000000000162,Timer,timer_menten_prolif,0,0.05
6701.729924485968,105.70000000000162,Timer,timer_menten_prolif,0,0.05
6695.60340986333,105.71000000000163,Timer,timer_menten_prolif,0,0.05
6689.414861231329,105.72000000000163,Timer,timer_menten_prolif,0,0.05
6683.164517251176,105.73000000000164,Timer,timer_menten_prolif,0,0.05
6676.852626449052,105.74000000000164,Timer,timer_menten_prolif,0,0.05
6670.479446994532,105.75000000000165,Timer,timer_menten_prolif,0,0.05
6664.045246478133,105.76000000000165,Timer,timer_menten_prolif,0,0.05
6657.550301801139,105.77000000000166,Timer,timer_menten_prolif,0,0.05
6650.994900407459,105.78000000000166,Timer,timer_menten_prolif,0,0.05
6644.379338129271,105.79000000000167,Timer,timer_menten_prolif,0,0.05
6637.7039191639,105.80000000000167,Timer,timer_menten_prolif,0,0.05
6630.968956251676,105.81000000000168,Timer,timer_menten_prolif,0,0.05
6624.17477048284,105.82000000000168,Timer,timer_menten_prolif,0,0.05
6617.32169110716,105.83000000000169,Timer,timer_menten_prolif,0,0.05
6610.410055346577,105.8400000000017,Timer,timer_menten_prolif,0,0.05
6603.440208211085,105.8500000000017,Timer,timer_menten_prolif,0,0.05
6596.412502318187,105.8600000000017,Timer,timer_menten_prolif,0,0.05
6589.327297716127,105.87000000000171,Timer,timer_menten_prolif,0,0.05
6582.184961503388,105.88000000000171,Timer,timer_menten_prolif,0,0.05
6574.985866055579,105.89000000000172,Timer,timer_menten_prolif,0,0.05
6567.730391279647,105.90000000000173,Timer,timer_menten_prolif,0,0.05
6560.4189239265,105.91000000000173,Timer,timer_menten_prolif,0,0.05
6553.051857084371,105.92000000000174,Timer,timer_menten_prolif,0,0.05
6545.629589995728,105.93000000000174,Timer,timer_menten_prolif,0,0.05
6538.152527877368,105.94000000000175,Timer,timer_menten_prolif,0,0.05
6530.621081743861,105.95000000000175,Timer,timer_menten_prolif,0,0.05
6523.035668234519,105.96000000000176,Timer,timer_menten_prolif,0,0.05
6515.396709444101,105.97000000000176,Timer,timer_menten_prolif,0,0.05
6507.704632757441,105.98000000000177,Timer,timer_menten_prolif,0,0.05
6499.959870401562,105.99000000000177,Timer,timer_menten_prolif,0,0.05
6492.162857907357,106.00000000000178,Timer,timer_menten_prolif,0,0.05
6484.314036326716,106.01000000000178,Timer,timer_menten_prolif,0,0.05
6476.413851367949,106.02000000000179,Timer,timer_menten_prolif,0,0.05
6468.462753007771,106.03000000000179,Timer,timer_menten_prolif,0,0.05
6460.461195320684,106.0400000000018,Timer,timer_menten_prolif,0,0.05
6452.409636311217,106.0500000000018,Timer,timer_menten_prolif,0,0.05
6444.308537749115,106.0600000000018,Timer,timer_menten_prolif,0,0.05
6436.158365007632,106.07000000000181,Timer,timer_menten_prolif,0,0.05
6427.959586904983,106.08000000000182,Timer,timer_menten_prolif,0,0.05
6419.712675549126,106.09000000000182,Timer,timer_menten_prolif,0,0.05
6411.4181059887105,106.10000000000183,Timer,timer_menten_prolif,0,0.05
6403.076355472973,106.11000000000183,Timer,timer_menten_prolif,0,0.05
6394.6879044890775,106.12000000000184,Timer,timer_menten_prolif,0,0.05
6386.253236184475,106.13000000000184,Timer,timer_menten_prolif,0,0.05
6377.772836143737,106.14000000000185,Timer,timer_menten_prolif,0,0.05
6369.247192239209,106.15000000000185,Timer,timer_menten_prolif,0,0.05
6360.676794484549,106.16000000000186,Timer,timer_menten_prolif,0,0.05
6352.062134891266,106.17000000000186,Timer,timer_menten_prolif,0,0.05
6343.403707328269,106.18000000000187,Timer,timer_menten_prolif,0,0.05
6334.702007384556,106.19000000000187,Timer,timer_menten_prolif,0,0.05
6325.957532235085,106.20000000000188,Timer,timer_menten_prolif,0,0.05
6317.170780333782,106.21000000000188,Timer,timer_menten_prolif,0,0.05
6308.342250974258,106.22000000000189,Timer,timer_menten_prolif,0,0.05
6299.472444932702,106.2300000000019,Timer,timer_menten_prolif,0,0.05
6290.561864018978,106.2400000000019,Timer,timer_menten_prolif,0,0.05
6281.611010920772,106.2500000000019,Timer,timer_menten_prolif,0,0.05
6272.620389079191,106.26000000000191,Timer,timer_menten_prolif,0,0.05
6263.5905025672655,106.27000000000191,Timer,timer_menten_prolif,0,0.05
6254.521855971403,106.28000000000192,Timer,timer_menten_prolif,0,0.05
6245.414954275851,106.29000000000192,Timer,timer_menten_prolif,0,0.05
6236.270302750221,106.30000000000193,Timer,timer_menten_prolif,0,0.05
6227.088406840081,106.31000000000193,Timer,timer_menten_prolif,0,0.05
6217.869771860163,106.32000000000194,Timer,timer_menten_prolif,0,0.05
6208.614902712852,106.33000000000195,Timer,timer_menten_prolif,0,0.05
6199.324304413965,106.34000000000195,Timer,timer_menten_prolif,0,0.05
6189.998481692857,106.35000000000196,Timer,timer_menten_prolif,0,0.05
6180.637938877586,106.36000000000196,Timer,timer_menten_prolif,0,0.05
6171.243179795372,106.37000000000197,Timer,timer_menten_prolif,0,0.05
6161.814707675806,106.38000000000197,Timer,timer_menten_prolif,0,0.05
6152.353025056787,106.39000000000198,Timer,timer_menten_prolif,0,0.05
6142.8586336932585,106.40000000000198,Timer,timer_menten_prolif,0,0.05
6133.332034468735,106.41000000000199,Timer,timer_menten_prolif,0,0.05
6123.773727309668,106.42000000000199,Timer,timer_menten_prolif,0,0.05
6114.184210909699,106.430000000002,Timer,timer_menten_prolif,0,0.05
6104.563982543906,106.440000000002,Timer,timer_menten_prolif,0,0.05
6094.9135385351465,106.450000000002,Timer,timer_menten_prolif,0,0.05
6085.23337385748,106.46000000000201,Timer,timer_menten_prolif,0,0.05
6075.523982078792,106.47000000000202,Timer,timer_menten_prolif,0,0.05
6065.785855284494,106.48000000000202,Timer,timer_menten_prolif,0,0.05
6056.019484003661,106.49000000000203,Timer,timer_menten_prolif,0,0.05
6046.225357137662,106.50000000000203,Timer,timer_menten_prolif,0,0.05
6036.403961891257,106.51000000000204,Timer,timer_menten_prolif,0,0.05
6026.555783706175,106.52000000000204,Timer,timer_menten_prolif,0,0.05
6016.681306197151,106.53000000000205,Timer,timer_menten_prolif,0,0.05
6006.781010970852,106.54000000000205,Timer,timer_menten_prolif,0,0.05
5996.855377556693,106.55000000000206,Timer,timer_menten_prolif,0,0.05
5986.904883510557,106.56000000000206,Timer,timer_menten_prolif,0,0.05
5976.930004264821,106.57000000000207,Timer,timer_menten_prolif,0,0.05
5966.931213066285,106.58000000000207,Timer,timer_menten_prolif,0,0.05
5956.908980915958,106.59000000000208,Timer,timer_menten_prolif,0,0.05
5946.863776577324,106.60000000000208,Timer,timer_menten_prolif,0,0.05
5936.796066623128,106.61000000000209,Timer,timer_menten_prolif,0,0.05
5926.706315170645,106.6200000000021,Timer,timer_menten_prolif,0,0.05
5916.594983922352,106.6300000000021,Timer,timer_menten_prolif,0,0.05
5906.462532129106,106.6400000000021,Timer,timer_menten_prolif,0,0.05
5896.309416550761,106.65000000000211,Timer,timer_menten_prolif,0,0.05
5886.136091378298,106.66000000000211,Timer,timer_menten_prolif,0,0.05
5875.943008015607,106.67000000000212,Timer,timer_menten_prolif,0,0.05
5865.730615303991,106.68000000000212,Timer,timer_menten_prolif,0,0.05
5855.499359412434,106.69000000000213,Timer,timer_menten_prolif,0,0.05
5845.249683779796,106.70000000000213,Timer,timer_menten_prolif,0,0.05
5834.982029078102,106.71000000000214,Timer,timer_menten_prolif,0,0.05
5824.696833179221,106.72000000000214,Timer,timer_menten_prolif,0,0.05
5814.394531142787,106.73000000000215,Timer,timer_menten_prolif,0,0.05
5804.075555162259,106.74000000000215,Timer,timer_menten_prolif,0,0.05
5793.7403345367875,106.75000000000216,Timer,timer_menten_prolif,0,0.05
5783.389295648177,106.76000000000217,Timer,timer_menten_prolif,0,0.05
5773.022861935358,106.77000000000217,Timer,timer_menten_prolif,0,0.05
5762.641453869843,106.78000000000218,Timer,timer_menten_prolif,0,0.05
5752.24548888708,106.79000000000218,Timer,timer_menten_prolif,0,0.05
5741.835381396022,106.80000000000219,Timer,timer_menten_prolif,0,0.05
5731.41154277878,106.81000000000219,Timer,timer_menten_prolif,0,0.05
5720.974381354103,106.8200000000022,Timer,timer_menten_prolif,0,0.05
5710.524302359327,106.8300000000022,Timer,timer_menten_prolif,0,0.05
5700.061707933883,106.8400000000022,Timer,timer_menten_prolif,0,0.05
5689.586997077898,106.85000000000221,Timer,timer_menten_prolif,0,0.05
5679.100565635286,106.86000000000222,Timer,timer_menten_prolif,0,0.05
5668.602806318902,106.87000000000222,Timer,timer_menten_prolif,0,0.05
5658.094108678382,106.88000000000223,Timer,timer_menten_prolif,0,0.05
5647.574859088964,106.89000000000223,Timer,timer_menten_prolif,0,0.05
5637.045440741742,106.90000000000224,Timer,timer_menten_prolif,0,0.05
5626.506233575261,106.91000000000224,Timer,timer_menten_prolif,0,0.05
5615.957614452051,106.92000000000225,Timer,timer_menten_prolif,0,0.05
5605.3999568221825,106.93000000000225,Timer,timer_menten_prolif,0,0.05
5594.833631023443,106.94000000000226,Timer,timer_menten_prolif,0,0.05
5584.259004157577,106.95000000000226,Timer,timer_menten_prolif,0,0.05
5573.6764400900265,106.96000000000227,Timer,timer_menten_prolif,0,0.05
5563.086299441377,106.97000000000227,Timer,timer_menten_prolif,0,0.05
5552.488939549596,106.98000000000228,Timer,timer_menten_prolif,0,0.05
5541.884714525679,106.99000000000228,Timer,timer_menten_prolif,0,0.05
5531.273975237612,107.00000000000229,Timer,timer_menten_prolif,0,0.05
5520.6570693048425,107.0100000000023,Timer,timer_menten_prolif,0,0.05
5510.034341097056,107.0200000000023,Timer,timer_menten_prolif,0,0.05
5499.406131731808,107.0300000000023,Timer,timer_menten_prolif,0,0.05
5488.772779071115,107.04000000000231,Timer,timer_menten_prolif,0,0.05
5478.134617724611,107.05000000000231,Timer,timer_menten_prolif,0,0.05
5467.491979046583,107.06000000000232,Timer,timer_menten_prolif,0,0.05
5456.845191134537,107.07000000000232,Timer,timer_menten_prolif,0,0.05
5446.194578827886,107.08000000000233,Timer,timer_menten_prolif,0,0.05
5435.5404637790525,107.09000000000233,Timer,timer_menten_prolif,0,0.05
5424.883164485829,107.10000000000234,Timer,timer_menten_prolif,0,0.05
5414.2229961433495,107.11000000000234,Timer,timer_menten_prolif,0,0.05
5403.560270715283,107.12000000000235,Timer,timer_menten_prolif,0,0.05
5392.895296936542,107.13000000000235,Timer,timer_menten_prolif,0,0.05
5382.228380315362,107.14000000000236,Timer,timer_menten_prolif,0,0.05
5371.559823269414,107.15000000000236,Timer,timer_menten_prolif,0,0.05
5360.889925073752,107.16000000000237,Timer,timer_menten_prolif,0,0.05
5350.21898174913,107.17000000000237,Timer,timer_menten_prolif,0,0.05
5339.547286139306,107.18000000000238,Timer,timer_menten_prolif,0,0.05
5328.875127916781,107.19000000000239,Timer,timer_menten_prolif,0,0.05
5318.202793592929,107.20000000000239,Timer,timer_menten_prolif,0,0.05
5307.53056666308,107.2100000000024,Timer,timer_menten_prolif,0,0.05
5296.858727492479,107.2200000000024,Timer,timer_menten_prolif,0,0.05
5286.187553288855,107.2300000000024,Timer,timer_menten_prolif,0,0.05
5275.517318154716,107.24000000000241,Timer,timer_menten_prolif,0,0.05
5264.848293096502,107.25000000000242,Timer,timer_menten_prolif,0,0.05
5254.18074652253,107.26000000000242,Timer,timer_menten_prolif,0,0.05
5243.514942159998,107.27000000000243,Timer,timer_menten_prolif,0,0.05
5232.851142877946,107.28000000000243,Timer,timer_menten_prolif,0,0.05
5222.189607435779,107.29000000000244,Timer,timer_menten_prolif,0,0.05
5211.530591615327,107.30000000000244,Timer,timer_menten_prolif,0,0.05
5200.874348220833,107.31000000000245,Timer,timer_menten_prolif,0,0.05
5190.221127126254,107.32000000000245,Timer,timer_menten_prolif,0,0.05
5179.571175458539,107.33000000000246,Timer,timer_menten_prolif,0,0.05
5168.924737245572,107.34000000000246,Timer,timer_menten_prolif,0,0.05
5158.2820535263745,107.35000000000247,Timer,timer_menten_prolif,0,0.05
5147.643362377579,107.36000000000247,Timer,timer_menten_prolif,0,0.05
5137.008898913417,107.37000000000248,Timer,timer_menten_prolif,0,0.05
5126.37889528573,107.38000000000248,Timer,timer_menten_prolif,0,0.05
5115.7535806862,107.39000000000249,Timer,timer_menten_prolif,0,0.05
5105.133182246911,107.40000000000249,Timer,timer_menten_prolif,0,0.05
5094.517924404961,107.4100000000025,Timer,timer_menten_prolif,0,0.05
5083.90802815225,107.4200000000025,Timer,timer_menten_prolif,0,0.05
5073.303711594444,107.43000000000251,Timer,timer_menten_prolif,0,0.05
5062.70518995097,107.44000000000251,Timer,timer_menten_prolif,0,0.05
5052.112675555006,107.45000000000252,Timer,timer_menten_prolif,0,0.05
5041.526377853499,107.46000000000252,Timer,timer_menten_prolif,0,0.05
5030.946503812942,107.47000000000253,Timer,timer_menten_prolif,0,0.05
5020.373259492322,107.48000000000253,Timer,timer_menten_prolif,0,0.05
5009.806847021751,107.49000000000254,Timer,timer_menten_prolif,0,0.05
4999.247465548378,107.50000000000254,Timer,timer_menten_prolif,0,0.05
4988.695311463418,107.51000000000255,Timer,timer_menten_prolif,0,0.05
4978.150578402152,107.52000000000255,Timer,timer_menten_prolif,0,0.05
4967.613457243927,107.53000000000256,Timer,timer_menten_prolif,0,0.05
4957.084136116357,107.54000000000256,Timer,timer_menten_prolif,0,0.05
4946.5628020873955,107.55000000000257,Timer,timer_menten_prolif,0,0.05
4936.049639971476,107.56000000000257,Timer,timer_menten_prolif,0,0.05
4925.544830919977,107.57000000000258,Timer,timer_menten_prolif,0,0.05
4915.048553471435,107.58000000000258,Timer,timer_menten_prolif,0,0.05
4904.560983551537,107.59000000000259,Timer,timer_menten_prolif,0,0.05
4894.082294473124,107.6000000000026,Timer,timer_menten_prolif,0,0.05
4883.612656936193,107.6100000000026,Timer,timer_menten_prolif,0,0.05
4873.152236826346,107.6200000000026,Timer,timer_menten_prolif,0,0.05
4862.701209102217,107.63000000000261,Timer,timer_menten_prolif,0,0.05
4852.259733347888,107.64000000000262,Timer,timer_menten_prolif,0,0.05
4841.827971526547,107.65000000000262,Timer,timer_menten_prolif,0,0.05
4831.406083039125,107.66000000000263,Timer,timer_menten_prolif,0,0.05
4820.994224744098,107.67000000000263,Timer,timer_menten_prolif,0,0.05
4810.592550977279,107.68000000000264,Timer,timer_menten_prolif,0,0.05
4800.201213575847,107.69000000000264,Timer,timer_menten_prolif,0,0.05
4789.820363592467,107.70000000000265,Timer,timer_menten_prolif,0,0.05
4779.450150093994,107.71000000000265,Timer,timer_menten_prolif,0,0.05
4769.0907188158835,107.72000000000266,Timer,timer_menten_prolif,0,0.05
4758.74221326302,107.73000000000266,Timer,timer_menten_prolif,0,0.05
4748.404774741053,107.74000000000267,Timer,timer_menten_prolif,0,0.05
4738.078542387723,107.75000000000267,Timer,timer_menten_prolif,0,0.05
4727.763653204191,107.76000000000268,Timer,timer_menten_prolif,0,0.05
4717.460242086379,107.77000000000268,Timer,timer_menten_prolif,0,0.05
4707.1684418562945,107.78000000000269,Timer,timer_menten_prolif,0,0.05
4696.888383288702,107.79000000000269,Timer,timer_menten_prolif,0,0.05
4686.620195046929,107.8000000000027,Timer,timer_menten_prolif,0,0.05
4676.364003834187,107.8100000000027,Timer,timer_menten_prolif,0,0.05
4666.119934427612,107.82000000000271,Timer,timer_menten_prolif,0,0.05
4655.888109677905,107.83000000000271,Timer,timer_menten_prolif,0,0.05
4645.66865054013,107.84000000000272,Timer,timer_menten_prolif,0,0.05
4635.461676104489,107.85000000000272,Timer,timer_menten_prolif,0,0.05
4625.267303627127,107.86000000000273,Timer,timer_menten_prolif,0,0.05
4615.0856485609165,107.87000000000273,Timer,timer_menten_prolif,0,0.05
4604.916824586243,107.88000000000274,Timer,timer_menten_prolif,0,0.05
4594.760943345549,107.89000000000274,Timer,timer_menten_prolif,0,0.05
4584.618112753156,107.90000000000275,Timer,timer_menten_prolif,0,0.05
4574.488439966774,107.91000000000275,Timer,timer_menten_prolif,0,0.05
4564.372030639845,107.92000000000276,Timer,timer_menten_prolif,0,0.05
4554.268988627691,107.93000000000276,Timer,timer_menten_prolif,0,0.05
4544.179416007826,107.94000000000277,Timer,timer_menten_prolif,0,0.05
4534.103413100287,107.95000000000277,Timer,timer_menten_prolif,0,0.05
4524.041078487957,107.96000000000278,Timer,timer_menten_prolif,0,0.05
4513.992509036893,107.97000000000278,Timer,timer_menten_prolif,0,0.05
4503.957799916647,107.98000000000279,Timer,timer_menten_prolif,0,0.05
4493.937044537222,107.9900000000028,Timer,timer_menten_prolif,0,0.05
4483.930334420679,108.0000000000028,Timer,timer_menten_prolif,0,0.05
4473.9377596072445,108.0100000000028,Timer,timer_menten_prolif,0,0.05
4463.959408514523,108.02000000000281,Timer,timer_menten_prolif,0,0.05
4453.995367941243,108.03000000000281,Timer,timer_menten_prolif,0,0.05
4444.045723086207,108.04000000000282,Timer,timer_menten_prolif,0,0.05
4434.110557567227,108.05000000000283,Timer,timer_menten_prolif,0,0.05
4424.189953440076,108.06000000000283,Timer,timer_menten_prolif,0,0.05
4414.283991217428,108.07000000000284,Timer,timer_menten_prolif,0,0.05
4404.392749887797,108.08000000000284,Timer,timer_menten_prolif,0,0.05
4394.516306831401,108.09000000000285,Timer,timer_menten_prolif,0,0.05
4384.654737836529,108.10000000000285,Timer,timer_menten_prolif,0,0.05
4374.808117324896,108.11000000000286,Timer,timer_menten_prolif,0,0.05
4364.976518254827,108.12000000000286,Timer,timer_menten_prolif,0,0.05
4355.160012138062,108.13000000000287,Timer,timer_menten_prolif,0,0.05
4345.358669057705,108.14000000000287,Timer,timer_menten_prolif,0,0.05
4335.572557686208,108.15000000000288,Timer,timer_menten_prolif,0,0.05
4325.801745303335,108.16000000000288,Timer,timer_menten_prolif,0,0.05
4316.046297814128,108.17000000000289,Timer,timer_menten_prolif,0,0.05
4306.306279636565,108.18000000000289,Timer,timer_menten_prolif,0,0.05
4296.5817541220495,108.1900000000029,Timer,timer_menten_prolif,0,0.05
4286.8727827429575,108.2000000000029,Timer,timer_menten_prolif,0,0.05
4277.179425971026,108.2100000000029,Timer,timer_menten_prolif,0,0.05
4267.501742971252,108.22000000000291,Timer,timer_menten_prolif,0,0.05
4257.839791619562,108.23000000000292,Timer,timer_menten_prolif,0,0.05
4248.193628520385,108.24000000000292,Timer,timer_menten_prolif,0,0.05
4238.563309024081,108.25000000000293,Timer,timer_menten_prolif,0,0.05
4228.948887244298,108.26000000000293,Timer,timer_menten_prolif,0,0.05
4219.35041607518,108.27000000000294,Timer,timer_menten_prolif,0,0.05
4209.76794718749,108.28000000000294,Timer,timer_menten_prolif,0,0.05
4200.20153075814,108.29000000000295,Timer,timer_menten_prolif,0,0.05
4190.651215912827,108.30000000000295,Timer,timer_menten_prolif,0,0.05
4181.117050694682,108.31000000000296,Timer,timer_menten_prolif,0,0.05
4171.599081992984,108.32000000000296,Timer,timer_menten_prolif,0,0.05
4162.097355558377,108.33000000000297,Timer,timer_menten_prolif,0,0.05
4152.611916017936,108.34000000000297,Timer,timer_menten_prolif,0,0.05
4143.142806890064,108.35000000000298,Timer,timer_menten_prolif,0,0.05
4133.690070599249,108.36000000000298,Timer,timer_menten_prolif,0,0.05
4124.253748490663,108.37000000000299,Timer,timer_menten_prolif,0,0.05
4114.83388084461,108.380000000003,Timer,timer_menten_prolif,0,0.05
4105.430506890809,108.390000000003,Timer,timer_menten_prolif,0,0.05
4096.043664822539,108.400000000003,Timer,timer_menten_prolif,0,0.05
4086.67339181062,108.41000000000301,Timer,timer_menten_prolif,0,0.05
4077.3197240172476,108.42000000000301,Timer,timer_menten_prolif,0,0.05
4067.982696549716,108.43000000000302,Timer,timer_menten_prolif,0,0.05
4058.6623431269727,108.44000000000302,Timer,timer_menten_prolif,0,0.05
4049.3586967278725,108.45000000000303,Timer,timer_menten_prolif,0,0.05
4040.071789423851,108.46000000000303,Timer,timer_menten_prolif,0,0.05
4030.8016523196325,108.47000000000304,Timer,timer_menten_prolif,0,0.05
4021.548315564378,108.48000000000305,Timer,timer_menten_prolif,0,0.05
4012.31180836262,108.49000000000305,Timer,timer_menten_prolif,0,0.05
4003.0921589850045,108.50000000000306,Timer,timer_menten_prolif,0,0.05
3993.889394778807,108.51000000000306,Timer,timer_menten_prolif,0,0.05
3984.703542178255,108.52000000000307,Timer,timer_menten_prolif,0,0.05
3975.5346267146315,108.53000000000307,Timer,timer_menten_prolif,0,0.05
3966.3826730261844,108.54000000000308,Timer,timer_menten_prolif,0,0.05
3957.2477048678174,108.55000000000308,Timer,timer_menten_prolif,0,0.05
3948.1297451205764,108.56000000000309,Timer,timer_menten_prolif,0,0.05
3939.0288158009284,108.57000000000309,Timer,timer_menten_prolif,0,0.05
3929.944938188645,108.5800000000031,Timer,timer_menten_prolif,0,0.05
3920.878133137307,108.5900000000031,Timer,timer_menten_prolif,0,0.05
3911.828420358755,108.6000000000031,Timer,timer_menten_prolif,0,0.05
3902.795818719711,108.61000000000311,Timer,timer_menten_prolif,0,0.05
3893.780346293993,108.62000000000312,Timer,timer_menten_prolif,0,0.05
3884.782020372557,108.63000000000312,Timer,timer_menten_prolif,0,0.05
3875.800857473369,108.64000000000313,Timer,timer_menten_prolif,0,0.05
3866.836873351145,108.65000000000313,Timer,timer_menten_prolif,0,0.05
3857.8900830069365,108.66000000000314,Timer,timer_menten_prolif,0,0.05
3848.9605006975726,108.67000000000314,Timer,timer_menten_prolif,0,0.05
3840.0481399449545,108.68000000000315,Timer,timer_menten_prolif,0,0.05
3831.1530135452012,108.69000000000315,Timer,timer_menten_prolif,0,0.05
3822.275133577654,108.70000000000316,Timer,timer_menten_prolif,0,0.05
3813.4145114137264,108.71000000000316,Timer,timer_menten_prolif,0,0.05
3804.571157725615,108.72000000000317,Timer,timer_menten_prolif,0,0.05
3795.7450825829874,108.73000000000317,Timer,timer_menten_prolif,0,0.05
3786.9362955350985,108.74000000000318,Timer,timer_menten_prolif,0,0.05
3778.1448053086915,108.75000000000318,Timer,timer_menten_prolif,0,0.05
3769.3706199697276,108.76000000000319,Timer,timer_menten_prolif,0,0.05
3760.613746939921,108.7700000000032,Timer,timer_menten_prolif,0,0.05
3751.8741930055203,108.7800000000032,Timer,timer_menten_prolif,0,0.05
3743.15196432597,108.7900000000032,Timer,timer_menten_prolif,0,0.05
3734.4470664424566,108.80000000000321,Timer,timer_menten_prolif,0,0.05
3725.759504286327,108.81000000000321,Timer,timer_menten_prolif,0,0.05
3717.089282187402,108.82000000000322,Timer,timer_menten_prolif,0,0.05
3708.4364038821623,108.83000000000322,Timer,timer_menten_prolif,0,0.05
3699.8008725218233,108.84000000000323,Timer,timer_menten_prolif,0,0.05
3691.1826906802835,108.85000000000323,Timer,timer_menten_prolif,0,0.05
3682.581860361965,108.86000000000324,Timer,timer_menten_prolif,0,0.05
3673.9983830095316,108.87000000000324,Timer,timer_menten_prolif,0,0.05
3665.4322595589024,108.88000000000325,Timer,timer_menten_prolif,0,0.05
3656.8834904377063,108.89000000000325,Timer,timer_menten_prolif,0,0.05
3648.352075484457,108.90000000000326,Timer,timer_menten_prolif,0,0.05
3639.8380140099794,108.91000000000327,Timer,timer_menten_prolif,0,0.05
3631.341304805296,108.92000000000327,Timer,timer_menten_prolif,0,0.05
3622.8619461489825,108.93000000000328,Timer,timer_menten_prolif,0,0.05
3614.399935814434,108.94000000000328,Timer,timer_menten_prolif,0,0.05
3605.955271077013,108.95000000000329,Timer,timer_menten_prolif,0,0.05
3597.5279487211037,108.96000000000329,Timer,timer_menten_prolif,0,0.05
3589.117965047036,108.9700000000033,Timer,timer_menten_prolif,0,0.05
3580.7253158779267,108.9800000000033,Timer,timer_menten_prolif,0,0.05
3572.349996566403,108.9900000000033,Timer,timer_menten_prolif,0,0.05
3563.992002001213,109.00000000000331,Timer,timer_menten_prolif,0,0.05
3555.6513266137417,109.01000000000332,Timer,timer_menten_prolif,0,0.05
3547.32796438461,109.02000000000332,Timer,timer_menten_prolif,0,0.05
3539.0219089161233,109.03000000000333,Timer,timer_menten_prolif,0,0.05
3530.733153382133,109.04000000000333,Timer,timer_menten_prolif,0,0.05
3522.461690485035,109.05000000000334,Timer,timer_menten_prolif,0,0.05
3514.2075125058036,109.06000000000334,Timer,timer_menten_prolif,0,0.05
3505.970611310213,109.07000000000335,Timer,timer_menten_prolif,0,0.05
3497.7509783549654,109.08000000000335,Timer,timer_menten_prolif,0,0.05
3489.548604693729,109.09000000000336,Timer,timer_menten_prolif,0,0.05
3481.363480983073,109.10000000000336,Timer,timer_menten_prolif,0,0.05
3473.1955974883076,109.11000000000337,Timer,timer_menten_prolif,0,0.05
3465.0449440892353,109.12000000000337,Timer,timer_menten_prolif,0,0.05
3456.9115102857913,109.13000000000338,Timer,timer_menten_prolif,0,0.05
3448.7952852036055,109.14000000000338,Timer,timer_menten_prolif,0,0.05
3440.6962575994553,109.15000000000339,Timer,timer_menten_prolif,0,0.05
3432.6144158666275,109.1600000000034,Timer,timer_menten_prolif,0,0.05
3424.5497480208205,109.1700000000034,Timer,timer_menten_prolif,0,0.05
3416.5022418787476,109.1800000000034,Timer,timer_menten_prolif,0,0.05
3408.4718848071525,109.19000000000341,Timer,timer_menten_prolif,0,0.05
3400.458663836896,109.20000000000341,Timer,timer_menten_prolif,0,0.05
3392.462565665599,109.21000000000342,Timer,timer_menten_prolif,0,0.05
3384.483576662841,109.22000000000342,Timer,timer_menten_prolif,0,0.05
3376.521682875285,109.23000000000343,Timer,timer_menten_prolif,0,0.05
3368.5768700316944,109.24000000000343,Timer,timer_menten_prolif,0,0.05
3360.6491235478616,109.25000000000344,Timer,timer_menten_prolif,0,0.05
3352.738428531451,109.26000000000344,Timer,timer_menten_prolif,0,0.05
3344.8447697867405,109.27000000000345,Timer,timer_menten_prolif,0,0.05
3336.968131819288,109.28000000000345,Timer,timer_menten_prolif,0,0.05
3329.1084988404928,109.29000000000346,Timer,timer_menten_prolif,0,0.05
3321.2658547720803,109.30000000000346,Timer,timer_menten_prolif,0,0.05
3313.4401832504955,109.31000000000347,Timer,timer_menten_prolif,0,0.05
3305.6314676435204,109.32000000000347,Timer,timer_menten_prolif,0,0.05
3297.8396911828027,109.33000000000348,Timer,timer_menten_prolif,0,0.05
3290.064836752431,109.34000000000349,Timer,timer_menten_prolif,0,0.05
3282.30688693479,109.35000000000349,Timer,timer_menten_prolif,0,0.05
3274.565824052227,109.3600000000035,Timer,timer_menten_prolif,0,0.05
3266.8416301712123,109.3700000000035,Timer,timer_menten_prolif,0,0.05
3259.1342871064426,109.3800000000035,Timer,timer_menten_prolif,0,0.05
3251.443776424856,109.39000000000351,Timer,timer_menten_prolif,0,0.05
3243.7700794496,109.40000000000352,Timer,timer_menten_prolif,0,0.05
3236.113177263906,109.41000000000352,Timer,timer_menten_prolif,0,0.05
3228.4730507149147,109.42000000000353,Timer,timer_menten_prolif,0,0.05
3220.849680417421,109.43000000000353,Timer,timer_menten_prolif,0,0.05
3213.243046757565,109.44000000000354,Timer,timer_menten_prolif,0,0.05
3205.653129896443,109.45000000000354,Timer,timer_menten_prolif,0,0.05
3198.0799097736663,109.46000000000355,Timer,timer_menten_prolif,0,0.05
3190.5233661108523,109.47000000000355,Timer,timer_menten_prolif,0,0.05
3182.983478415051,109.48000000000356,Timer,timer_menten_prolif,0,0.05
3175.4602259821113,109.49000000000356,Timer,timer_menten_prolif,0,0.05
3167.953587899987,109.50000000000357,Timer,timer_menten_prolif,0,0.05
3160.463543051981,109.51000000000357,Timer,timer_menten_prolif,0,0.05
3152.9900701199385,109.52000000000358,Timer,timer_menten_prolif,0,0.05
3145.5331475873654,109.53000000000358,Timer,timer_menten_prolif,0,0.05
3138.092753742509,109.54000000000359,Timer,timer_menten_prolif,0,0.05
3130.6688666835976,109.55000000000359,Timer,timer_menten_prolif,0,0.05
3123.2614646033417,109.5600000000036,Timer,timer_menten_prolif,0,0.05
3115.87052548897,109.5700000000036,Timer,timer_menten_prolif,0,0.05
3108.496026981744,109.58000000000361,Timer,timer_menten_prolif,0,0.05
3101.137946552919,109.59000000000361,Timer,timer_menten_prolif,0,0.05
3093.79626150716,109.60000000000362,Timer,timer_menten_prolif,0,0.05
3086.470948985938,109.61000000000362,Timer,timer_menten_prolif,0,0.05
3079.1619859708953,109.62000000000363,Timer,timer_menten_prolif,0,0.05
3071.869349287194,109.63000000000363,Timer,timer_menten_prolif,0,0.05
3064.593015606839,109.64000000000364,Timer,timer_menten_prolif,0,0.05
3057.332961451978,109.65000000000364,Timer,timer_menten_prolif,0,0.05
3050.089163198186,109.66000000000365,Timer,timer_menten_prolif,0,0.05
3042.8615970777296,109.67000000000365,Timer,timer_menten_prolif,0,0.05
3035.6502391828144,109.68000000000366,Timer,timer_menten_prolif,0,0.05
3028.4550654688137,109.69000000000366,Timer,timer_menten_prolif,0,0.05
3021.2760517574943,109.70000000000367,Timer,timer_menten_prolif,0,0.05
3014.1131737402097,109.71000000000367,Timer,timer_menten_prolif,0,0.05
3006.966406981104,109.72000000000368,Timer,timer_menten_prolif,0,0.05
2999.8357269202866,109.73000000000368,Timer,timer_menten_prolif,0,0.05
2992.721108877012,109.74000000000369,Timer,timer_menten_prolif,0,0.05
2985.6225280528392,109.7500000000037,Timer,timer_menten_prolif,0,0.05
2978.539959534799,109.7600000000037,Timer,timer_menten_prolif,0,0.05
2971.473378298543,109.7700000000037,Timer,timer_menten_prolif,0,0.05
2964.422759211499,109.78000000000371,Timer,timer_menten_prolif,0,0.05
2957.388076932132,109.79000000000372,Timer,timer_menten_prolif,0,0.05
2950.3693058950275,109.80000000000372,Timer,timer_menten_prolif,0,0.05
2943.3664205818095,109.81000000000373,Timer,timer_menten_prolif,0,0.05
2936.379395372396,109.82000000000373,Timer,timer_menten_prolif,0,0.05
2929.4082045440164,109.83000000000374,Timer,timer_menten_prolif,0,0.05
2922.45282227362,109.84000000000374,Timer,timer_menten_prolif,0,0.05
2915.5132226402666,109.85000000000375,Timer,timer_menten_prolif,0,0.05
2908.5893796274804,109.86000000000375,Timer,timer_menten_prolif,0,0.05
2901.6812671255884,109.87000000000376,Timer,timer_menten_prolif,0,0.05
2894.788858934028,109.88000000000376,Timer,timer_menten_prolif,0,0.05
2887.9121287636394,109.89000000000377,Timer,timer_menten_prolif,0,0.05
2881.0510502389275,109.90000000000377,Timer,timer_menten_prolif,0,0.05
2874.205596900306,109.91000000000378,Timer,timer_menten_prolif,0,0.05
2867.375742206317,109.92000000000378,Timer,timer_menten_prolif,0,0.05
2860.561459535844,109.93000000000379,Timer,timer_menten_prolif,0,0.05
2853.7627221902776,109.94000000000379,Timer,timer_menten_prolif,0,0.05
2846.9795033956925,109.9500000000038,Timer,timer_menten_prolif,0,0.05
2840.2117763049887,109.9600000000038,Timer,timer_menten_prolif,0,0.05
2833.4595140000165,109.97000000000381,Timer,timer_menten_prolif,0,0.05
2826.7226894886408,109.98000000000381,Timer,timer_menten_prolif,0,0.05
2820.001275680899,109.99000000000382,Timer,timer_menten_prolif,0,0.05
2813.29524544179,110.00000000000382,Timer,timer_menten_prolif,0,0.05
2806.6045715774962,110.01000000000383,Timer,timer_menten_prolif,0,0.05
2799.929226832057,110.02000000000383,Timer,timer_menten_prolif,0,0.05
2793.2691838892974,110.03000000000384,Timer,timer_menten_prolif,0,0.05
2786.6244153747393,110.04000000000384,Timer,timer_menten_prolif,0,0.05
2779.994893857495,110.05000000000385,Timer,timer_menten_prolif,0,0.05
2773.380591852142,110.06000000000385,Timer,timer_menten_prolif,0,0.05
2766.7814818205916,110.07000000000386,Timer,timer_menten_prolif,0,0.05
2760.1975361739314,110.08000000000386,Timer,timer_menten_prolif,0,0.05
2753.628727274265,110.09000000000387,Timer,timer_menten_prolif,0,0.05
2747.0750274365255,110.10000000000387,Timer,timer_menten_prolif,0,0.05
2740.5364089302916,110.11000000000388,Timer,timer_menten_prolif,0,0.05
2734.0128439815753,110.12000000000388,Timer,timer_menten_prolif,0,0.05
2727.504304774614,110.13000000000389,Timer,timer_menten_prolif,0,0.05
2721.0107634536353,110.1400000000039,Timer,timer_menten_prolif,0,0.05
2714.5321921246286,110.1500000000039,Timer,timer_menten_prolif,0,0.05
2708.068562857091,110.1600000000039,Timer,timer_menten_prolif,0,0.05
2701.6198476847176,110.17000000000391,Timer,timer_menten_prolif,0,0.05
2695.186018524076,110.18000000000391,Timer,timer_menten_prolif,0,0.05
2688.7670472681148,110.19000000000392,Timer,timer_menten_prolif,0,0.05
2682.3629058211054,110.20000000000393,Timer,timer_menten_prolif,0,0.05
2675.973566054987,110.21000000000393,Timer,timer_menten_prolif,0,0.05
2669.598999810746,110.22000000000394,Timer,timer_menten_prolif,0,0.05
2663.2391788997747,110.23000000000394,Timer,timer_menten_prolif,0,0.05
2656.894075105196,110.24000000000395,Timer,timer_menten_prolif,0,0.05
2650.5636601831875,110.25000000000395,Timer,timer_menten_prolif,0,0.05
2644.2479058642766,110.26000000000396,Timer,timer_menten_prolif,0,0.05
2637.9467838546198,110.27000000000396,Timer,timer_menten_prolif,0,0.05
2631.660265837264,110.28000000000397,Timer,timer_menten_prolif,0,0.05
2625.3883234733903,110.29000000000397,Timer,timer_menten_prolif,0,0.05
2619.130928403539,110.30000000000398,Timer,timer_menten_prolif,0,0.05
2612.88805224882,110.31000000000398,Timer,timer_menten_prolif,0,0.05
2606.6596666121045,110.32000000000399,Timer,timer_menten_prolif,0,0.05
2600.4457430792045,110.33000000000399,Timer,timer_menten_prolif,0,0.05
2594.2462532200293,110.340000000004,Timer,timer_menten_prolif,0,0.05
2588.0611685897356,110.350000000004,Timer,timer_menten_prolif,0,0.05
2581.890460729851,110.360000000004,Timer,timer_menten_prolif,0,0.05
2575.7341011711405,110.37000000000401,Timer,timer_menten_prolif,0,0.05
2569.5920614359047,110.38000000000402,Timer,timer_menten_prolif,0,0.05
2563.4643130330933,110.39000000000402,Timer,timer_menten_prolif,0,0.05
2557.3508274624533,110.40000000000403,Timer,timer_menten_prolif,0,0.05
2551.2515762157436,110.41000000000403,Timer,timer_menten_prolif,0,0.05
2545.166530777797,110.42000000000404,Timer,timer_menten_prolif,0,0.05
2539.0956626275674,110.43000000000404,Timer,timer_menten_prolif,0,0.05
2533.038943239169,110.44000000000405,Timer,timer_menten_prolif,0,0.05
2526.9963440829006,110.45000000000405,Timer,timer_menten_prolif,0,0.05
2520.9678366262588,110.46000000000406,Timer,timer_menten_prolif,0,0.05
2514.953392334946,110.47000000000406,Timer,timer_menten_prolif,0,0.05
2508.952982673861,110.48000000000407,Timer,timer_menten_prolif,0,0.05
2502.9665791080806,110.49000000000407,Timer,timer_menten_prolif,0,0.05
2496.994153103841,110.50000000000408,Timer,timer_menten_prolif,0,0.05
2491.0356761294943,110.51000000000408,Timer,timer_menten_prolif,0,0.05
2485.0911196564684,110.52000000000409,Timer,timer_menten_prolif,0,0.05
2479.1604551602168,110.5300000000041,Timer,timer_menten_prolif,0,0.05
2473.2436541211514,110.5400000000041,Timer,timer_menten_prolif,0,0.05
2467.340688025579,110.5500000000041,Timer,timer_menten_prolif,0,0.05
2461.451528362966,110.56000000000411,Timer,timer_menten_prolif,0,0.05
2455.5761465993055,110.57000000000411,Timer,timer_menten_prolif,0,0.05
2449.714514226577,110.58000000000412,Timer,timer_menten_prolif,0,0.05
2443.866602751615,110.59000000000412,Timer,timer_menten_prolif,0,0.05
2438.0323836902207,110.60000000000413,Timer,timer_menten_prolif,0,0.05
2432.211828567949,110.61000000000413,Timer,timer_menten_prolif,0,0.05
2426.4049089208806,110.62000000000414,Timer,timer_menten_prolif,0,0.05
2420.611596296384,110.63000000000415,Timer,timer_menten_prolif,0,0.05
2414.831862253869,110.64000000000415,Timer,timer_menten_prolif,0,0.05
2409.065678365533,110.65000000000416,Timer,timer_menten_prolif,0,0.05
2403.313016217093,110.66000000000416,Timer,timer_menten_prolif,0,0.05
2397.5738474085174,110.67000000000417,Timer,timer_menten_prolif,0,0.05
2391.84814355474,110.68000000000417,Timer,timer_menten_prolif,0,0.05
2386.1358762863724,110.69000000000418,Timer,timer_menten_prolif,0,0.05
2380.4370172504077,110.70000000000418,Timer,timer_menten_prolif,0,0.05
2374.751538110912,110.71000000000419,Timer,timer_menten_prolif,0,0.05
2369.079410549716,110.72000000000419,Timer,timer_menten_prolif,0,0.05
2363.420606267094,110.7300000000042,Timer,timer_menten_prolif,0,0.05
2357.7750969824365,110.7400000000042,Timer,timer_menten_prolif,0,0.05
2352.1428544349083,110.7500000000042,Timer,timer_menten_prolif,0,0.05
2346.5238503794235,110.76000000000421,Timer,timer_menten_prolif,0,0.05
2340.91805658415,110.77000000000422,Timer,timer_menten_prolif,0,0.05
2335.325444832037,110.78000000000422,Timer,timer_menten_prolif,0,0.05
2329.7459869243858,110.79000000000423,Timer,timer_menten_prolif,0,0.05
2324.1796547053304,110.80000000000423,Timer,timer_menten_prolif,0,0.05
2318.626420045076,110.81000000000424,Timer,timer_menten_prolif,0,0.05
2313.0862548505875,110.82000000000424,Timer,timer_menten_prolif,0,0.05
2307.559131028441,110.83000000000425,Timer,timer_menten_prolif,0,0.05
2302.0450205051366,110.84000000000425,Timer,timer_menten_prolif,0,0.05
2296.5438952252016,110.85000000000426,Timer,timer_menten_prolif,0,0.05
2291.0557271655216,110.86000000000426,Timer,timer_menten_prolif,0,0.05
2285.5804883430483,110.87000000000427,Timer,timer_menten_prolif,0,0.05
2280.1181507959104,110.88000000000427,Timer,timer_menten_prolif,0,0.05
2274.6686865913903,110.89000000000428,Timer,timer_menten_prolif,0,0.05
2269.2320678137994,110.90000000000428,Timer,timer_menten_prolif,0,0.05
2263.8082665787115,110.91000000000429,Timer,timer_menten_prolif,0,0.05
2258.397255029342,110.9200000000043,Timer,timer_menten_prolif,0,0.05
2252.9990053389974,110.9300000000043,Timer,timer_menten_prolif,0,0.05
2247.613489709881,110.9400000000043,Timer,timer_menten_prolif,0,0.05
2242.240680373276,110.95000000000431,Timer,timer_menten_prolif,0,0.05
2236.880549590256,110.96000000000431,Timer,timer_menten_prolif,0,0.05
2231.5330696520687,110.97000000000432,Timer,timer_menten_prolif,0,0.05
2226.1982128806176,110.98000000000432,Timer,timer_menten_prolif,0,0.05
2220.875951628839,110.99000000000433,Timer,timer_menten_prolif,0,0.05
2215.5662582811374,111.00000000000433,Timer,timer_menten_prolif,0,0.05
2210.269105253725,111.01000000000434,Timer,timer_menten_prolif,0,0.05
2204.9844649950187,111.02000000000434,Timer,timer_menten_prolif,0,0.05
2199.7123099859946,111.03000000000435,Timer,timer_menten_prolif,0,0.05
2194.452612740579,111.04000000000435,Timer,timer_menten_prolif,0,0.05
2189.205345806007,111.05000000000436,Timer,timer_menten_prolif,0,0.05
2183.9704817631787,111.06000000000437,Timer,timer_menten_prolif,0,0.05
2178.7479932269684,111.07000000000437,Timer,timer_menten_prolif,0,0.05
2173.5378528465963,111.08000000000438,Timer,timer_menten_prolif,0,0.05
2168.3400333059653,111.09000000000438,Timer,timer_menten_prolif,0,0.05
2163.154507323984,111.10000000000439,Timer,timer_menten_prolif,0,0.05
2157.981247654876,111.11000000000439,Timer,timer_menten_prolif,0,0.05
2152.820227088508,111.1200000000044,Timer,timer_menten_prolif,0,0.05
2147.6714184506923,111.1300000000044,Timer,timer_menten_prolif,0,0.05
2142.5347946034876,111.1400000000044,Timer,timer_menten_prolif,0,0.05
2137.410328445509,111.15000000000441,Timer,timer_menten_prolif,0,0.05
2132.2979929122102,111.16000000000442,Timer,timer_menten_prolif,0,0.05
2127.1977609761702,111.17000000000442,Timer,timer_menten_prolif,0,0.05
2122.109605647368,111.18000000000443,Timer,timer_menten_prolif,0,0.05
2117.033499973464,111.19000000000443,Timer,timer_menten_prolif,0,0.05
2111.9694170400758,111.20000000000444,Timer,timer_menten_prolif,0,0.05
2106.917329971032,111.21000000000444,Timer,timer_menten_prolif,0,0.05
2101.877211928627,111.22000000000445,Timer,timer_menten_prolif,0,0.05
2096.8490361138765,111.23000000000445,Timer,timer_menten_prolif,0,0.05
2091.8327757667803,111.24000000000446,Timer,timer_menten_prolif,0,0.05
2086.828404166554,111.25000000000446,Timer,timer_menten_prolif,0,0.05
2081.835894631855,111.26000000000447,Timer,timer_menten_prolif,0,0.05
2076.8552205210517,111.27000000000447,Timer,timer_menten_prolif,0,0.05
2071.8863552323496,111.28000000000448,Timer,timer_menten_prolif,0,0.05
2066.929272204209,111.29000000000448,Timer,timer_menten_prolif,0,0.05
2061.9839449153733,111.30000000000449,Timer,timer_menten_prolif,0,0.05
2057.0503468851616,111.3100000000045,Timer,timer_menten_prolif,0,0.05
2052.1284516736846,111.3200000000045,Timer,timer_menten_prolif,0,0.05
2047.2182328820336,111.3300000000045,Timer,timer_menten_prolif,0,0.05
2042.319664152472,111.34000000000451,Timer,timer_menten_prolif,0,0.05
2037.4327191686425,111.35000000000451,Timer,timer_menten_prolif,0,0.05
2032.5573716557653,111.36000000000452,Timer,timer_menten_prolif,0,0.05
2027.693595380828,111.37000000000452,Timer,timer_menten_prolif,0,0.05
2022.8413641526117,111.38000000000453,Timer,timer_menten_prolif,0,0.05
2018.000651822102,111.39000000000453,Timer,timer_menten_prolif,0,0.05
2013.1714322826515,111.40000000000454,Timer,timer_menten_prolif,0,0.05
2008.3536794701517,111.41000000000454,Timer,timer_menten_prolif,0,0.05
2003.5473673632314,111.42000000000455,Timer,timer_menten_prolif,0,0.05
1998.7524699832907,111.43000000000455,Timer,timer_menten_prolif,0,0.05
1993.9689613939797,111.44000000000456,Timer,timer_menten_prolif,0,0.05
1989.196815702474,111.45000000000456,Timer,timer_menten_prolif,0,0.05
1984.4360070593589,111.46000000000457,Timer,timer_menten_prolif,0,0.05
1979.6865096587317,111.47000000000457,Timer,timer_menten_prolif,0,0.05
1974.9482977383755,111.48000000000458,Timer,timer_menten_prolif,0,0.05
1970.2213455795932,111.49000000000458,Timer,timer_menten_prolif,0,0.05
1965.505627506729,111.50000000000459,Timer,timer_menten_prolif,0,0.05
1960.8011178886782,111.5100000000046,Timer,timer_menten_prolif,0,0.05
1956.1077911385307,111.5200000000046,Timer,timer_menten_prolif,0,0.05
1951.4256217136935,111.5300000000046,Timer,timer_menten_prolif,0,0.05
1946.754584116042,111.54000000000461,Timer,timer_menten_prolif,0,0.05
1942.0946528915724,111.55000000000462,Timer,timer_menten_prolif,0,0.05
1937.4458026303232,111.56000000000462,Timer,timer_menten_prolif,0,0.05
1932.808007967556,111.57000000000463,Timer,timer_menten_prolif,0,0.05
1928.1812435833976,111.58000000000463,Timer,timer_menten_prolif,0,0.05
1923.565484202973,111.59000000000464,Timer,timer_menten_prolif,0,0.05
1918.960704602638,111.60000000000464,Timer,timer_menten_prolif,0,0.05
1914.3668795812864,111.61000000000465,Timer,timer_menten_prolif,0,0.05
1909.78398401073,111.62000000000465,Timer,timer_menten_prolif,0,0.05
1905.2119927954518,111.63000000000466,Timer,timer_menten_prolif,0,0.05
1900.6508808858187,111.64000000000466,Timer,timer_menten_prolif,0,0.05
1896.1006232780799,111.65000000000467,Timer,timer_menten_prolif,0,0.05
1891.5611950143445,111.66000000000467,Timer,timer_menten_prolif,0,0.05
1887.03257118181,111.67000000000468,Timer,timer_menten_prolif,0,0.05
1882.5147269136564,111.68000000000468,Timer,timer_menten_prolif,0,0.05
1878.0076373891648,111.69000000000469,Timer,timer_menten_prolif,0,0.05
1873.5112778334462,111.70000000000469,Timer,timer_menten_prolif,0,0.05
1869.0256235174406,111.7100000000047,Timer,timer_menten_prolif,0,0.05
1864.5506497579163,111.7200000000047,Timer,timer_menten_prolif,0,0.05
1860.0863319174707,111.73000000000471,Timer,timer_menten_prolif,0,0.05
1855.6326454054356,111.74000000000471,Timer,timer_menten_prolif,0,0.05
1851.1895656791294,111.75000000000472,Timer,timer_menten_prolif,0,0.05
1846.757068240202,111.76000000000472,Timer,timer_menten_prolif,0,0.05
1842.3351286361844,111.77000000000473,Timer,timer_menten_prolif,0,0.05
1837.923722460604,111.78000000000473,Timer,timer_menten_prolif,0,0.05
1833.5228253529817,111.79000000000474,Timer,timer_menten_prolif,0,0.05
1829.1324129988343,111.80000000000474,Timer,timer_menten_prolif,0,0.05
1824.7524611298816,111.81000000000475,Timer,timer_menten_prolif,0,0.05
1820.3829455298933,111.82000000000475,Timer,timer_menten_prolif,0,0.05
1816.0238420279131,111.83000000000476,Timer,timer_menten_prolif,0,0.05
1811.6751264972913,111.84000000000476,Timer,timer_menten_prolif,0,0.05
1807.3367748577884,111.85000000000477,Timer,timer_menten_prolif,0,0.05
1803.0087630755784,111.86000000000477,Timer,timer_menten_prolif,0,0.05
1798.6910671632475,111.87000000000478,Timer,timer_menten_prolif,0,0.05
1794.383663179795,111.88000000000478,Timer,timer_menten_prolif,0,0.05
1790.0865272323836,111.89000000000479,Timer,timer_menten_prolif,0,0.05
1785.7996354787738,111.9000000000048,Timer,timer_menten_prolif,0,0.05
1781.5229641202325,111.9100000000048,Timer,timer_menten_prolif,0,0.05
1777.2564894045431,111.9200000000048,Timer,timer_menten_prolif,0,0.05
1773.000187626223,111.93000000000481,Timer,timer_menten_prolif,0,0.05
1768.7540351265245,111.94000000000482,Timer,timer_menten_prolif,0,0.05
1764.5180082934355,111.95000000000482,Timer,timer_menten_prolif,0,0.05
1760.29208356178,111.96000000000483,Timer,timer_menten_prolif,0,0.05
1756.0762374161127,111.97000000000483,Timer,timer_menten_prolif,0,0.05
1751.8704463873687,111.98000000000484,Timer,timer_menten_prolif,0,0.05
1747.6746870523798,111.99000000000484,Timer,timer_menten_prolif,0,0.05
1743.4889360349184,112.00000000000485,Timer,timer_menten_prolif,0,0.05
1739.3131700056997,112.01000000000485,Timer,timer_menten_prolif,0,0.05
1735.1473656823787,112.02000000000486,Timer,timer_menten_prolif,0,0.05
1730.9914998295526,112.03000000000486,Timer,timer_menten_prolif,0,0.05
1726.8455492593223,112.04000000000487,Timer,timer_menten_prolif,0,0.05
1722.7094908320707,112.05000000000487,Timer,timer_menten_prolif,0,0.05
1718.5833014541909,112.06000000000488,Timer,timer_menten_prolif,0,0.05
1714.466958079051,112.07000000000488,Timer,timer_menten_prolif,0,0.05
1710.360437707063,112.08000000000489,Timer,timer_menten_prolif,0,0.05
1706.263717385684,112.09000000000489,Timer,timer_menten_prolif,0,0.05
1702.1767742094146,112.1000000000049,Timer,timer_menten_prolif,0,0.05
1698.099585319809,112.1100000000049,Timer,timer_menten_prolif,0,0.05
1694.0321279056263,112.12000000000491,Timer,timer_menten_prolif,0,0.05
1689.9743792026554,112.13000000000491,Timer,timer_menten_prolif,0,0.05
1685.9263164936815,112.14000000000492,Timer,timer_menten_prolif,0,0.05
1681.887917108547,112.15000000000492,Timer,timer_menten_prolif,0,0.05
1677.8591584241487,112.16000000000493,Timer,timer_menten_prolif,0,0.05
1673.8400178644415,112.17000000000493,Timer,timer_menten_prolif,0,0.05
1669.8304729004349,112.18000000000494,Timer,timer_menten_prolif,0,0.05
1665.8305010498143,112.19000000000494,Timer,timer_menten_prolif,0,0.05
1661.8400798764046,112.20000000000495,Timer,timer_menten_prolif,0,0.05
1657.859186991725,112.21000000000495,Timer,timer_menten_prolif,0,0.05
1653.8878000543261,112.22000000000496,Timer,timer_menten_prolif,0,0.05
1649.9258967697447,112.23000000000496,Timer,timer_menten_prolif,0,0.05
1645.9734548905037,112.24000000000497,Timer,timer_menten_prolif,0,0.05
1642.0304522161118,112.25000000000497,Timer,timer_menten_prolif,0,0.05
1638.0968665927583,112.26000000000498,Timer,timer_menten_prolif,0,0.05
1634.1726759054563,112.27000000000498,Timer,timer_menten_prolif,0,0.05
1630.2578580894206,112.28000000000499,Timer,timer_menten_prolif,0,0.05
1626.3523911301359,112.290000000005,Timer,timer_menten_prolif,0,0.05
1622.4562530599812,112.300000000005,Timer,timer_menten_prolif,0,0.05
1618.5694219582274,112.310000000005,Timer,timer_menten_prolif,0,0.05
1614.6918759510393,112.32000000000501,Timer,timer_menten_prolif,0,0.05
1610.8235932114735,112.33000000000501,Timer,timer_menten_prolif,0,0.05
1606.9645519594815,112.34000000000502,Timer,timer_menten_prolif,0,0.05
1603.1147304619071,112.35000000000502,Timer,timer_menten_prolif,0,0.05
1599.2741070324867,112.36000000000503,Timer,timer_menten_prolif,0,0.05
1595.4426600318493,112.37000000000504,Timer,timer_menten_prolif,0,0.05
1591.6203678675192,112.38000000000504,Timer,timer_menten_prolif,0,0.05
1587.8072089939117,112.39000000000505,Timer,timer_menten_prolif,0,0.05
1584.0031619123365,112.40000000000505,Timer,timer_menten_prolif,0,0.05
1580.2082051709954,112.41000000000506,Timer,timer_menten_prolif,0,0.05
1576.4223173649834,112.42000000000506,Timer,timer_menten_prolif,0,0.05
1572.6454771362896,112.43000000000507,Timer,timer_menten_prolif,0,0.05
1568.8776631737956,112.44000000000507,Timer,timer_menten_prolif,0,0.05
1565.1188542132745,112.45000000000508,Timer,timer_menten_prolif,0,0.05
1561.3690290191066,112.46000000000508,Timer,timer_menten_prolif,0,0.05
1557.6281663705245,112.47000000000509,Timer,timer_menten_prolif,0,0.05
1553.896245131628,112.48000000000509,Timer,timer_menten_prolif,0,0.05
1550.1732442149118,112.4900000000051,Timer,timer_menten_prolif,0,0.05
1546.459142579265,112.5000000000051,Timer,timer_menten_prolif,0,0.05
1542.7539192299714,112.5100000000051,Timer,timer_menten_prolif,0,0.05
1539.0575532187058,112.52000000000511,Timer,timer_menten_prolif,0,0.05
1535.370023643539,112.53000000000512,Timer,timer_menten_prolif,0,0.05
1531.691309648934,112.54000000000512,Timer,timer_menten_prolif,0,0.05
1528.021390425749,112.55000000000513,Timer,timer_menten_prolif,0,0.05
1524.3602452112332,112.56000000000513,Timer,timer_menten_prolif,0,0.05
1520.7078532890318,112.57000000000514,Timer,timer_menten_prolif,0,0.05
1517.064193989183,112.58000000000514,Timer,timer_menten_prolif,0,0.05
1513.4292466881184,112.59000000000515,Timer,timer_menten_prolif,0,0.05
1509.8029908086628,112.60000000000515,Timer,timer_menten_prolif,0,0.05
1506.1854058200352,112.61000000000516,Timer,timer_menten_prolif,0,0.05
1502.5764712378486,112.62000000000516,Timer,timer_menten_prolif,0,0.05
1498.9761666241084,112.63000000000517,Timer,timer_menten_prolif,0,0.05
1495.3844715872146,112.64000000000517,Timer,timer_menten_prolif,0,0.05
1491.8013657779788,112.65000000000518,Timer,timer_menten_prolif,0,0.05
1488.2268288153796,112.66000000000518,Timer,timer_menten_prolif,0,0.05
1484.6608404009569,112.67000000000519,Timer,timer_menten_prolif,0,0.05
1481.1033803102073,112.6800000000052,Timer,timer_menten_prolif,0,0.05
1477.5544283641534,112.6900000000052,Timer,timer_menten_prolif,0,0.05
1474.0139644293392,112.7000000000052,Timer,timer_menten_prolif,0,0.05
1470.4819684178347,112.71000000000521,Timer,timer_menten_prolif,0,0.05
1466.9584202872336,112.72000000000521,Timer,timer_menten_prolif,0,0.05
1463.4433000406525,112.73000000000522,Timer,timer_menten_prolif,0,0.05
1459.9365877267326,112.74000000000522,Timer,timer_menten_prolif,0,0.05
1456.438263439639,112.75000000000523,Timer,timer_menten_prolif,0,0.05
1452.9483073190613,112.76000000000523,Timer,timer_menten_prolif,0,0.05
1449.466699550213,112.77000000000524,Timer,timer_menten_prolif,0,0.05
1445.9934203638304,112.78000000000524,Timer,timer_menten_prolif,0,0.05
1442.528450036175,112.79000000000525,Timer,timer_menten_prolif,0,0.05
1439.0717688890322,112.80000000000526,Timer,timer_menten_prolif,0,0.05
1435.6233572897106,112.81000000000526,Timer,timer_menten_prolif,0,0.05
1432.1831956510437,112.82000000000527,Timer,timer_menten_prolif,0,0.05
1428.751264431388,112.83000000000527,Timer,timer_menten_prolif,0,0.05
1425.3275441346254,112.84000000000528,Timer,timer_menten_prolif,0,0.05
1421.9120152645103,112.85000000000528,Timer,timer_menten_prolif,0,0.05
1418.5046583058534,112.86000000000529,Timer,timer_menten_prolif,0,0.05
1415.1054538727542,112.87000000000529,Timer,timer_menten_prolif,0,0.05
1411.714382626867,112.8800000000053,Timer,timer_menten_prolif,0,0.05
1408.331425274253,112.8900000000053,Timer,timer_menten_prolif,0,0.05
1404.9565625653802,112.9000000000053,Timer,timer_menten_prolif,0,0.05
1401.5897752951225,112.91000000000531,Timer,timer_menten_prolif,0,0.05
1398.2310443027613,112.92000000000532,Timer,timer_menten_prolif,0,0.05
1394.880350471984,112.93000000000532,Timer,timer_menten_prolif,0,0.05
1391.5376747308842,112.94000000000533,Timer,timer_menten_prolif,0,0.05
1388.2029980519633,112.95000000000533,Timer,timer_menten_prolif,0,0.05
1384.8763014521282,112.96000000000534,Timer,timer_menten_prolif,0,0.05
1381.557565992693,112.97000000000534,Timer,timer_menten_prolif,0,0.05
1378.2467727793785,112.98000000000535,Timer,timer_menten_prolif,0,0.05
1374.9439029623109,112.99000000000535,Timer,timer_menten_prolif,0,0.05
1371.6489377360247,113.00000000000536,Timer,timer_menten_prolif,0,0.05
1368.3618583394596,113.01000000000536,Timer,timer_menten_prolif,0,0.05
1365.0826460559624,113.02000000000537,Timer,timer_menten_prolif,0,0.05
1361.811282213287,113.03000000000537,Timer,timer_menten_prolif,0,0.05
1358.5477496028716,113.04000000000538,Timer,timer_menten_prolif,0,0.05
1355.2920263262422,113.05000000000538,Timer,timer_menten_prolif,0,0.05
1352.0440956093812,113.06000000000539,Timer,timer_menten_prolif,0,0.05
1348.8039389199093,113.0700000000054,Timer,timer_menten_prolif,0,0.05
1345.5715377697022,113.0800000000054,Timer,timer_menten_prolif,0,0.05
1342.3468737148241,113.0900000000054,Timer,timer_menten_prolif,0,0.05
1339.129928355459,113.10000000000541,Timer,timer_menten_prolif,0,0.05
1335.9206833358478,113.11000000000541,Timer,timer_menten_prolif,0,0.05
1332.7191203442203,113.12000000000542,Timer,timer_menten_prolif,0,0.05
1329.5252211127295,113.13000000000542,Timer,timer_menten_prolif,0,0.05
1326.3389674173861,113.14000000000543,Timer,timer_menten_prolif,0,0.05
1323.1603410779915,113.15000000000543,Timer,timer_menten_prolif,0,0.05
1319.9893239580713,113.16000000000544,Timer,timer_menten_prolif,0,0.05
1316.8258979648103,113.17000000000544,Timer,timer_menten_prolif,0,0.05
1313.6700450489866,113.18000000000545,Timer,timer_menten_prolif,0,0.05
1310.5217472049035,113.19000000000545,Timer,timer_menten_prolif,0,0.05
1307.3809864703248,113.20000000000546,Timer,timer_menten_prolif,0,0.05
1304.24774492641,113.21000000000546,Timer,timer_menten_prolif,0,0.05
1301.1220046976446,113.22000000000547,Timer,timer_menten_prolif,0,0.05
1298.0037479517773,113.23000000000548,Timer,timer_menten_prolif,0,0.05
1294.892956846778,113.24000000000548,Timer,timer_menten_prolif,0,0.05
1291.789613523608,113.25000000000549,Timer,timer_menten_prolif,0,0.05
1288.693700250608,113.26000000000549,Timer,timer_menten_prolif,0,0.05
1285.6051993393748,113.2700000000055,Timer,timer_menten_prolif,0,0.05
1282.5240931425064,113.2800000000055,Timer,timer_menten_prolif,0,0.05
1279.4503640534817,113.2900000000055,Timer,timer_menten_prolif,0,0.05
1276.3839945065426,113.30000000000551,Timer,timer_menten_prolif,0,0.05
1273.3249669765728,113.31000000000552,Timer,timer_menten_prolif,0,0.05
1270.2732639789795,113.32000000000552,Timer,timer_menten_prolif,0,0.05
1267.2288680695747,113.33000000000553,Timer,timer_menten_prolif,0,0.05
1264.1917618444543,113.34000000000553,Timer,timer_menten_prolif,0,0.05
1261.1619279398797,113.35000000000554,Timer,timer_menten_prolif,0,0.05
1258.1393490321584,113.36000000000554,Timer,timer_menten_prolif,0,0.05
1255.124007837525,113.37000000000555,Timer,timer_menten_prolif,0,0.05
1252.1158871120192,113.38000000000555,Timer,timer_menten_prolif,0,0.05
1249.1149696513712,113.39000000000556,Timer,timer_menten_prolif,0,0.05
1246.1212382908777,113.40000000000556,Timer,timer_menten_prolif,0,0.05
1243.1346759052853,113.41000000000557,Timer,timer_menten_prolif,0,0.05
1240.1552654086706,113.42000000000557,Timer,timer_menten_prolif,0,0.05
1237.1829897543194,113.43000000000558,Timer,timer_menten_prolif,0,0.05
1234.2178319346094,113.44000000000558,Timer,timer_menten_prolif,0,0.05
1231.2597749808901,113.45000000000559,Timer,timer_menten_prolif,0,0.05
1228.3088019668016,113.46000000000559,Timer,timer_menten_prolif,0,0.05
1225.3648960204466,113.4700000000056,Timer,timer_menten_prolif,0,0.05
1222.428040295778,113.4800000000056,Timer,timer_menten_prolif,0,0.05
1219.4982179831804,113.49000000000561,Timer,timer_menten_prolif,0,0.05
1216.5754123117106,113.50000000000561,Timer,timer_menten_prolif,0,0.05
1213.6596065489855,113.51000000000562,Timer,timer_menten_prolif,0,0.05
1210.7507840010717,113.52000000000562,Timer,timer_menten_prolif,0,0.05
1207.8489280123745,113.53000000000563,Timer,timer_menten_prolif,0,0.05
1204.9540219655266,113.54000000000563,Timer,timer_menten_prolif,0,0.05
1202.0660492812774,113.55000000000564,Timer,timer_menten_prolif,0,0.05
1199.1849934183815,113.56000000000564,Timer,timer_menten_prolif,0,0.05
1196.3108378734864,113.57000000000565,Timer,timer_menten_prolif,0,0.05
1193.443566181024,113.58000000000565,Timer,timer_menten_prolif,0,0.05
1190.5831619130977,113.59000000000566,Timer,timer_menten_prolif,0,0.05
1187.729608679371,113.60000000000566,Timer,timer_menten_prolif,0,0.05
1184.8828901269583,113.61000000000567,Timer,timer_menten_prolif,0,0.05
1182.0429899403111,113.62000000000567,Timer,timer_menten_prolif,0,0.05
1179.2098918411093,113.63000000000568,Timer,timer_menten_prolif,0,0.05
1176.3835795881496,113.64000000000568,Timer,timer_menten_prolif,0,0.05
1173.5640369772323,113.65000000000569,Timer,timer_menten_prolif,0,0.05
1170.7512478410536,113.6600000000057,Timer,timer_menten_prolif,0,0.05
1167.9451960490906,113.6700000000057,Timer,timer_menten_prolif,0,0.05
1165.1458655103306,113.6800000000057,Timer,timer_menten_prolif,0,0.05
1162.3532402328362,113.69000000000571,Timer,timer_menten_prolif,0,0.05
1159.5673042346882,113.70000000000572,Timer,timer_menten_prolif,0,0.05
1156.7880415477837,113.71000000000572,Timer,timer_menten_prolif,0,0.05
1154.0154362413834,113.72000000000573,Timer,timer_menten_prolif,0,0.05
1151.2494724220312,113.73000000000573,Timer,timer_menten_prolif,0,0.05
1148.4901342334742,113.74000000000574,Timer,timer_menten_prolif,0,0.05
1145.7374058565842,113.75000000000574,Timer,timer_menten_prolif,0,0.05
1142.991271509278,113.76000000000575,Timer,timer_menten_prolif,0,0.05
1140.2517154464388,113.77000000000575,Timer,timer_menten_prolif,0,0.05
1137.5187219598356,113.78000000000576,Timer,timer_menten_prolif,0,0.05
1134.792275378045,113.79000000000576,Timer,timer_menten_prolif,0,0.05
1132.0723600663719,113.80000000000577,Timer,timer_menten_prolif,0,0.05
1129.358960426769,113.81000000000577,Timer,timer_menten_prolif,0,0.05
1126.652060897759,113.82000000000578,Timer,timer_menten_prolif,0,0.05
1123.9516459543547,113.83000000000578,Timer,timer_menten_prolif,0,0.05
1121.2577001079792,113.84000000000579,Timer,timer_menten_prolif,0,0.05
1118.5702079063872,113.85000000000579,Timer,timer_menten_prolif,0,0.05
1115.8891539335855,113.8600000000058,Timer,timer_menten_prolif,0,0.05
1113.2145228097538,113.8700000000058,Timer,timer_menten_prolif,0,0.05
1110.546299191165,113.88000000000581,Timer,timer_menten_prolif,0,0.05
1107.8844677701065,113.89000000000581,Timer,timer_menten_prolif,0,0.05
1105.2290132748005,113.90000000000582,Timer,timer_menten_prolif,0,0.05
1102.5799204715738,113.91000000000582,Timer,timer_menten_prolif,0,0.05
1099.9371741633865,113.92000000000583,Timer,timer_menten_prolif,0,0.05
1097.3007591866312,113.93000000000583,Timer,timer_menten_prolif,0,0.05
1094.6706604133747,113.94000000000584,Timer,timer_menten_prolif,0,0.05
1092.0468627512842,113.95000000000584,Timer,timer_menten_prolif,0,0.05
1089.4293511435455,113.96000000000585,Timer,timer_menten_prolif,0,0.05
1086.8181105687893,113.97000000000585,Timer,timer_menten_prolif,0,0.05
1084.2131260410129,113.98000000000586,Timer,timer_menten_prolif,0,0.05
1081.6143826095004,113.99000000000586,Timer,timer_menten_prolif,0,0.05
1079.021865358747,114.00000000000587,Timer,timer_menten_prolif,0,0.05
1076.435559408381,114.01000000000587,Timer,timer_menten_prolif,0,0.05
1073.8554499130869,114.02000000000588,Timer,timer_menten_prolif,0,0.05
1071.2815220625248,114.03000000000588,Timer,timer_menten_prolif,0,0.05
1068.713761081256,114.04000000000589,Timer,timer_menten_prolif,0,0.05
1066.1521522286646,114.0500000000059,Timer,timer_menten_prolif,0,0.05
1063.5966807988789,114.0600000000059,Timer,timer_menten_prolif,0,0.05
1061.0473321206944,114.0700000000059,Timer,timer_menten_prolif,0,0.05
1058.5040915574953,114.08000000000591,Timer,timer_menten_prolif,0,0.05
1055.966944507179,114.09000000000592,Timer,timer_menten_prolif,0,0.05
1053.4358764020758,114.10000000000592,Timer,timer_menten_prolif,0,0.05
1050.9108727088733,114.11000000000593,Timer,timer_menten_prolif,0,0.05
1048.3919189285375,114.12000000000593,Timer,timer_menten_prolif,0,0.05
1045.8790005969,114.13000000000594,Timer,timer_menten_prolif,0,0.05
1043.3721032855794,114.14000000000594,Timer,timer_menten_prolif,0,0.05
1040.871212598561,114.15000000000595,Timer,timer_menten_prolif,0,0.05
1038.376314173689,114.16000000000595,Timer,timer_menten_prolif,0,0.05
1035.8873936827351,114.17000000000596,Timer,timer_menten_prolif,0,0.05
1033.404436831322,114.18000000000596,Timer,timer_menten_prolif,0,0.05
1030.9274293588462,114.19000000000597,Timer,timer_menten_prolif,0,0.05
1028.4563570384014,114.20000000000597,Timer,timer_menten_prolif,0,0.05
1025.9912056767027,114.21000000000598,Timer,timer_menten_prolif,0,0.05
1023.5319611140087,114.22000000000598,Timer,timer_menten_prolif,0,0.05
1021.0786092240467,114.23000000000599,Timer,timer_menten_prolif,0,0.05
1018.6311359139337,114.24000000000599,Timer,timer_menten_prolif,0,0.05
1016.1895271241017,114.250000000006,Timer,timer_menten_prolif,0,0.05
1013.7537688282198,114.260000000006,Timer,timer_menten_prolif,0,0.05
1011.3238470331196,114.27000000000601,Timer,timer_menten_prolif,0,0.05
1008.8997477787148,114.28000000000601,Timer,timer_menten_prolif,0,0.05
1006.4814571379289,114.29000000000602,Timer,timer_menten_prolif,0,0.05
1004.0689612166159,114.30000000000602,Timer,timer_menten_prolif,0,0.05
1001.6622461534841,114.31000000000603,Timer,timer_menten_prolif,0,0.05
999.26129812002,114.32000000000603,Timer,timer_menten_prolif,0,0.05
996.8661033204114,114.33000000000604,Timer,timer_menten_prolif,0,0.05
994.4766479914701,114.34000000000604,Timer,timer_menten_prolif,0,0.05
992.0929152545391,114.35000000000605,Timer,timer_menten_prolif,0,0.05
989.7148983679415,114.36000000000605,Timer,timer_menten_prolif,0,0.05
987.3425797489019,114.37000000000606,Timer,timer_menten_prolif,0,0.05
984.9759457804396,114.38000000000606,Timer,timer_menten_prolif,0,0.05
982.6149828763838,114.39000000000607,Timer,timer_menten_prolif,0,0.05
980.2596774813709,114.40000000000607,Timer,timer_menten_prolif,0,0.05
977.9100160708474,114.41000000000608,Timer,timer_menten_prolif,0,0.05
975.5659851510688,114.42000000000608,Timer,timer_menten_prolif,0,0.05
973.227571259099,114.43000000000609,Timer,timer_menten_prolif,0,0.05
970.8947609628112,114.4400000000061,Timer,timer_menten_prolif,0,0.05
968.5675408608872,114.4500000000061,Timer,timer_menten_prolif,0,0.05
966.2458975828181,114.4600000000061,Timer,timer_menten_prolif,0,0.05
963.9298177889036,114.47000000000611,Timer,timer_menten_prolif,0,0.05
961.6192881702528,114.48000000000611,Timer,timer_menten_prolif,0,0.05
959.314295448783,114.49000000000612,Timer,timer_menten_prolif,0,0.05
957.0148263772211,114.50000000000612,Timer,timer_menten_prolif,0,0.05
954.7208677391031,114.51000000000613,Timer,timer_menten_prolif,0,0.05
952.4324063487727,114.52000000000614,Timer,timer_menten_prolif,0,0.05
950.149429051384,114.53000000000614,Timer,timer_menten_prolif,0,0.05
947.8719227228992,114.54000000000615,Timer,timer_menten_prolif,0,0.05
945.5998742700895,114.55000000000615,Timer,timer_menten_prolif,0,0.05
943.3332706305354,114.56000000000616,Timer,timer_menten_prolif,0,0.05
941.0720987726297,114.57000000000616,Timer,timer_menten_prolif,0,0.05
938.8163456958791,114.58000000000617,Timer,timer_menten_prolif,0,0.05
936.5659984305735,114.59000000000617,Timer,timer_menten_prolif,0,0.05
934.3210440376243,114.60000000000618,Timer,timer_menten_prolif,0,0.05
932.0814696087571,114.61000000000618,Timer,timer_menten_prolif,0,0.05
929.8472622665108,114.62000000000619,Timer,timer_menten_prolif,0,0.05
927.6184091642394,114.63000000000619,Timer,timer_menten_prolif,0,0.05
925.3948974861107,114.6400000000062,Timer,timer_menten_prolif,0,0.05
923.176714447106,114.6500000000062,Timer,timer_menten_prolif,0,0.05
920.9638472930212,114.6600000000062,Timer,timer_menten_prolif,0,0.05
918.7562833004661,114.67000000000621,Timer,timer_menten_prolif,0,0.05
916.5540097768643,114.68000000000622,Timer,timer_menten_prolif,0,0.05
914.3570140604539,114.69000000000622,Timer,timer_menten_prolif,0,0.05
912.1652835202866,114.70000000000623,Timer,timer_menten_prolif,0,0.05
909.9788055562284,114.71000000000623,Timer,timer_menten_prolif,0,0.05
907.7975675989596,114.72000000000624,Timer,timer_menten_prolif,0,0.05
905.6215571099742,114.73000000000624,Timer,timer_menten_prolif,0,0.05
903.450761581508,114.74000000000625,Timer,timer_menten_prolif,0,0.05
901.2851685046405,114.75000000000625,Timer,timer_menten_prolif,0,0.05
899.1247653999927,114.76000000000626,Timer,timer_menten_prolif,0,0.05
896.9695398417725,114.77000000000626,Timer,timer_menten_prolif,0,0.05
894.8194794344345,114.78000000000627,Timer,timer_menten_prolif,0,0.05
892.6745718126815,114.79000000000627,Timer,timer_menten_prolif,0,0.05
890.5348046414617,114.80000000000628,Timer,timer_menten_prolif,0,0.05
888.4001656159726,114.81000000000628,Timer,timer_menten_prolif,0,0.05
886.2706424616571,114.82000000000629,Timer,timer_menten_prolif,0,0.05
884.1462229342065,114.8300000000063,Timer,timer_menten_prolif,0,0.05
882.0268948195593,114.8400000000063,Timer,timer_menten_prolif,0,0.05
879.9126459338995,114.8500000000063,Timer,timer_menten_prolif,0,0.05
877.8034641236607,114.86000000000631,Timer,timer_menten_prolif,0,0.05
875.6993372655221,114.87000000000631,Timer,timer_menten_prolif,0,0.05
873.6002532664108,114.88000000000632,Timer,timer_menten_prolif,0,0.05
871.5062000635005,114.89000000000632,Timer,timer_menten_prolif,0,0.05
869.4171656242127,114.90000000000633,Timer,timer_menten_prolif,0,0.05
867.3331379462154,114.91000000000633,Timer,timer_menten_prolif,0,0.05
865.254104999829,114.92000000000634,Timer,timer_menten_prolif,0,0.05
863.1800547734626,114.93000000000634,Timer,timer_menten_prolif,0,0.05
861.1109753349076,114.94000000000635,Timer,timer_menten_prolif,0,0.05
859.046854781091,114.95000000000636,Timer,timer_menten_prolif,0,0.05
856.9876812380754,114.96000000000636,Timer,timer_menten_prolif,0,0.05
854.9334428610591,114.97000000000637,Timer,timer_menten_prolif,0,0.05
852.8841278343765,114.98000000000637,Timer,timer_menten_prolif,0,0.05
850.8397243714975,114.99000000000638,Timer,timer_menten_prolif,0,0.05
848.8002207150278,115.00000000000638,Timer,timer_menten_prolif,0,0.05
846.7656051367089,115.01000000000639,Timer,timer_menten_prolif,0,0.05
844.7358659374182,115.02000000000639,Timer,timer_menten_prolif,0,0.05
842.7109914471685,115.0300000000064,Timer,timer_menten_prolif,0,0.05
840.6909700251086,115.0400000000064,Timer,timer_menten_prolif,0,0.05
838.675790059523,115.0500000000064,Timer,timer_menten_prolif,0,0.05
836.6654399678324,115.06000000000641,Timer,timer_menten_prolif,0,0.05
834.6599081965924,115.07000000000642,Timer,timer_menten_prolif,0,0.05
832.6591832214949,115.08000000000642,Timer,timer_menten_prolif,0,0.05
830.6632534943973,115.09000000000643,Timer,timer_menten_prolif,0,0.05
828.6721074740981,115.10000000000643,Timer,timer_menten_prolif,0,0.05
826.6857337027384,115.11000000000644,Timer,timer_menten_prolif,0,0.05
824.7041207505634,115.12000000000644,Timer,timer_menten_prolif,0,0.05
822.727257215826,115.13000000000645,Timer,timer_menten_prolif,0,0.05
820.7551317247874,115.14000000000645,Timer,timer_menten_prolif,0,0.05
818.7877329317175,115.15000000000646,Timer,timer_menten_prolif,0,0.05
816.8250495188947,115.16000000000646,Timer,timer_menten_prolif,0,0.05
814.8670701966049,115.17000000000647,Timer,timer_menten_prolif,0,0.05
812.9137837031434,115.18000000000647,Timer,timer_menten_prolif,0,0.05
810.965178804813,115.19000000000648,Timer,timer_menten_prolif,0,0.05
809.0212442959253,115.20000000000648,Timer,timer_menten_prolif,0,0.05
807.0819689988,115.21000000000649,Timer,timer_menten_prolif,0,0.05
805.1473417637653,115.2200000000065,Timer,timer_menten_prolif,0,0.05
803.2173514691576,115.2300000000065,Timer,timer_menten_prolif,0,0.05
801.2919870213219,115.2400000000065,Timer,timer_menten_prolif,0,0.05
799.3712373546111,115.25000000000651,Timer,timer_menten_prolif,0,0.05
797.4550913851433,115.26000000000651,Timer,timer_menten_prolif,0,0.05
795.5435380267975,115.27000000000652,Timer,timer_menten_prolif,0,0.05
793.6365662774045,115.28000000000652,Timer,timer_menten_prolif,0,0.05
791.7341651621264,115.29000000000653,Timer,timer_menten_prolif,0,0.05
789.8363237330423,115.30000000000653,Timer,timer_menten_prolif,0,0.05
787.9430310691488,115.31000000000654,Timer,timer_menten_prolif,0,0.05
786.0542762763605,115.32000000000654,Timer,timer_menten_prolif,0,0.05
784.1700484875091,115.33000000000655,Timer,timer_menten_prolif,0,0.05
782.2903368623442,115.34000000000655,Timer,timer_menten_prolif,0,0.05
780.4151305875328,115.35000000000656,Timer,timer_menten_prolif,0,0.05
778.544418876659,115.36000000000656,Timer,timer_menten_prolif,0,0.05
776.6781909702249,115.37000000000657,Timer,timer_menten_prolif,0,0.05
774.8164361356504,115.38000000000658,Timer,timer_menten_prolif,0,0.05
772.9591436672724,115.39000000000658,Timer,timer_menten_prolif,0,0.05
771.1063028863455,115.40000000000659,Timer,timer_menten_prolif,0,0.05
769.2579031410419,115.41000000000659,Timer,timer_menten_prolif,0,0.05
767.4139338064515,115.4200000000066,Timer,timer_menten_prolif,0,0.05
765.5743842543939,115.4300000000066,Timer,timer_menten_prolif,0,0.05
763.739243852863,115.4400000000066,Timer,timer_menten_prolif,0,0.05
761.9085020369143,115.45000000000661,Timer,timer_menten_prolif,0,0.05
760.0821482677572,115.46000000000662,Timer,timer_menten_prolif,0,0.05
758.2601720320678,115.47000000000662,Timer,timer_menten_prolif,0,0.05
756.4425628419892,115.48000000000663,Timer,timer_menten_prolif,0,0.05
754.6293102351328,115.49000000000663,Timer,timer_menten_prolif,0,0.05
752.8204037745761,115.50000000000664,Timer,timer_menten_prolif,0,0.05
751.0158330488641,115.51000000000664,Timer,timer_menten_prolif,0,0.05
749.2155876720094,115.52000000000665,Timer,timer_menten_prolif,0,0.05
747.4196572834915,115.53000000000665,Timer,timer_menten_prolif,0,0.05
745.6280315482571,115.54000000000666,Timer,timer_menten_prolif,0,0.05
743.8407001551751,115.55000000000666,Timer,timer_menten_prolif,0,0.05
742.0576528018391,115.56000000000667,Timer,timer_menten_prolif,0,0.05
740.2788792198077,115.57000000000667,Timer,timer_menten_prolif,0,0.05
738.5043691698322,115.58000000000668,Timer,timer_menten_prolif,0,0.05
736.7341124377101,115.59000000000668,Timer,timer_menten_prolif,0,0.05
734.9680988342834,115.60000000000669,Timer,timer_menten_prolif,0,0.05
733.2063181954393,115.61000000000669,Timer,timer_menten_prolif,0,0.05
731.4487603821101,115.6200000000067,Timer,timer_menten_prolif,0,0.05
729.6954152802732,115.6300000000067,Timer,timer_menten_prolif,0,0.05
727.9462728009512,115.64000000000671,Timer,timer_menten_prolif,0,0.05
726.2013228802116,115.65000000000671,Timer,timer_menten_prolif,0,0.05
724.460555479167,115.66000000000672,Timer,timer_menten_prolif,0,0.05
722.7239605839752,115.67000000000672,Timer,timer_menten_prolif,0,0.05
720.9915281889249,115.68000000000673,Timer,timer_menten_prolif,0,0.05
719.2632482971806,115.69000000000673,Timer,timer_menten_prolif,0,0.05
717.539110958712,115.70000000000674,Timer,timer_menten_prolif,0,0.05
715.8191062480619,115.71000000000674,Timer,timer_menten_prolif,0,0.05
714.1032242640251,115.72000000000675,Timer,timer_menten_prolif,0,0.05
712.3914551296486,115.73000000000675,Timer,timer_menten_prolif,0,0.05
710.683788992231,115.74000000000676,Timer,timer_menten_prolif,0,0.05
708.9802160233223,115.75000000000676,Timer,timer_menten_prolif,0,0.05
707.2807264187254,115.76000000000677,Timer,timer_menten_prolif,0,0.05
705.5853103984939,115.77000000000677,Timer,timer_menten_prolif,0,0.05
703.893958206934,115.78000000000678,Timer,timer_menten_prolif,0,0.05
702.2066601126035,115.79000000000678,Timer,timer_menten_prolif,0,0.05
700.5234064055846,115.80000000000679,Timer,timer_menten_prolif,0,0.05
698.8441873722202,115.8100000000068,Timer,timer_menten_prolif,0,0.05
697.1689933376738,115.8200000000068,Timer,timer_menten_prolif,0,0.05
695.4978146573718,115.8300000000068,Timer,timer_menten_prolif,0,0.05
693.8306417102874,115.84000000000681,Timer,timer_menten_prolif,0,0.05
692.1674648989392,115.85000000000682,Timer,timer_menten_prolif,0,0.05
690.5082746493938,115.86000000000682,Timer,timer_menten_prolif,0,0.05
688.8530614112633,115.87000000000683,Timer,timer_menten_prolif,0,0.05
687.2018156577064,115.88000000000683,Timer,timer_menten_prolif,0,0.05
685.5545278854286,115.89000000000684,Timer,timer_menten_prolif,0,0.05
683.9111886146819,115.90000000000684,Timer,timer_menten_prolif,0,0.05
682.271788389265,115.91000000000685,Timer,timer_menten_prolif,0,0.05
680.6363177765224,115.92000000000685,Timer,timer_menten_prolif,0,0.05
679.0047673523526,115.93000000000686,Timer,timer_menten_prolif,0,0.05
677.3771277027764,115.94000000000686,Timer,timer_menten_prolif,0,0.05
675.7533894560135,115.95000000000687,Timer,timer_menten_prolif,0,0.05
674.1335432633784,115.96000000000687,Timer,timer_menten_prolif,0,0.05
672.5175797990469,115.97000000000688,Timer,timer_menten_prolif,0,0.05
670.9054897600538,115.98000000000688,Timer,timer_menten_prolif,0,0.05
669.2972638662939,115.99000000000689,Timer,timer_menten_prolif,0,0.05
667.6928928605219,116.00000000000689,Timer,timer_menten_prolif,0,0.05
666.0923675083527,116.0100000000069,Timer,timer_menten_prolif,0,0.05
664.4956785982613,116.0200000000069,Timer,timer_menten_prolif,0,0.05
662.9028169415822,116.03000000000691,Timer,timer_menten_prolif,0,0.05
661.31377337251,116.04000000000691,Timer,timer_menten_prolif,0,0.05
659.7285387453746,116.05000000000692,Timer,timer_menten_prolif,0,0.05
658.147103910853,116.06000000000692,Timer,timer_menten_prolif,0,0.05
656.5694597566209,116.07000000000693,Timer,timer_menten_prolif,0,0.05
654.9955971987042,116.08000000000693,Timer,timer_menten_prolif,0,0.05
653.4255071753212,116.09000000000694,Timer,timer_menten_prolif,0,0.05
651.859180646882,116.1,Timer,timer_menten_prolif,0,0.05
650.2966087071604,116.11,Timer,timer_menten_prolif,0,0.05
648.7377821905363,116.12,Timer,timer_menten_prolif,0,0.05
647.1826921841648,116.13000000000001,Timer,timer_menten_prolif,0,0.05
645.6313297337088,116.14000000000001,Timer,timer_menten_prolif,0,0.05
644.0836859062313,116.15000000000002,Timer,timer_menten_prolif,0,0.05
642.5397517901899,116.16000000000003,Timer,timer_menten_prolif,0,0.05
640.9995184953716,116.17000000000003,Timer,timer_menten_prolif,0,0.05
639.4629771528291,116.18000000000004,Timer,timer_menten_prolif,0,0.05
637.9301189148571,116.19000000000004,Timer,timer_menten_prolif,0,0.05
636.4009349549226,116.20000000000005,Timer,timer_menten_prolif,0,0.05
634.8754164676196,116.21000000000005,Timer,timer_menten_prolif,0,0.05
633.3535546686198,116.22000000000006,Timer,timer_menten_prolif,0,0.05
631.8353407946215,116.23000000000006,Timer,timer_menten_prolif,0,0.05
630.3207661032997,116.24000000000007,Timer,timer_menten_prolif,0,0.05
628.809821873257,116.25000000000007,Timer,timer_menten_prolif,0,0.05
627.3024994039719,116.26000000000008,Timer,timer_menten_prolif,0,0.05
625.7987900157518,116.27000000000008,Timer,timer_menten_prolif,0,0.05
624.2986850496807,116.28000000000009,Timer,timer_menten_prolif,0,0.05
622.8021758675729,116.29000000000009,Timer,timer_menten_prolif,0,0.05
621.3092538519204,116.3000000000001,Timer,timer_menten_prolif,0,0.05
619.819910405846,116.3100000000001,Timer,timer_menten_prolif,0,0.05
618.3341369530533,116.3200000000001,Timer,timer_menten_prolif,0,0.05
616.8519249377784,116.33000000000011,Timer,timer_menten_prolif,0,0.05
615.3732658247393,116.34000000000012,Timer,timer_menten_prolif,0,0.05
613.8981510990897,116.35000000000012,Timer,timer_menten_prolif,0,0.05
612.4265722663679,116.36000000000013,Timer,timer_menten_prolif,0,0.05
610.9585208524505,116.37000000000013,Timer,timer_menten_prolif,0,0.05
609.493988403502,116.38000000000014,Timer,timer_menten_prolif,0,0.05
608.0329664859281,116.39000000000014,Timer,timer_menten_prolif,0,0.05
606.5754466863258,116.40000000000015,Timer,timer_menten_prolif,0,0.05
605.1214206114378,116.41000000000015,Timer,timer_menten_prolif,0,0.05
603.6708798881014,116.42000000000016,Timer,timer_menten_prolif,0,0.05
602.2238161632034,116.43000000000016,Timer,timer_menten_prolif,0,0.05
600.7802211036313,116.44000000000017,Timer,timer_menten_prolif,0,0.05
599.3400863962247,116.45000000000017,Timer,timer_menten_prolif,0,0.05
597.9034037477297,116.46000000000018,Timer,timer_menten_prolif,0,0.05
596.4701648847492,116.47000000000018,Timer,timer_menten_prolif,0,0.05
595.0403615536984,116.48000000000019,Timer,timer_menten_prolif,0,0.05
593.613985520755,116.4900000000002,Timer,timer_menten_prolif,0,0.05
592.1910285718131,116.5000000000002,Timer,timer_menten_prolif,0,0.05
590.7714825124374,116.5100000000002,Timer,timer_menten_prolif,0,0.05
589.3553391678133,116.52000000000021,Timer,timer_menten_prolif,0,0.05
587.9425903827039,116.53000000000021,Timer,timer_menten_prolif,0,0.05
586.5332280214006,116.54000000000022,Timer,timer_menten_prolif,0,0.05
585.1272439676775,116.55000000000022,Timer,timer_menten_prolif,0,0.05
583.724630124744,116.56000000000023,Timer,timer_menten_prolif,0,0.05
582.3253784152021,116.57000000000023,Timer,timer_menten_prolif,0,0.05
580.9294807809948,116.58000000000024,Timer,timer_menten_prolif,0,0.05
579.536929183363,116.59000000000024,Timer,timer_menten_prolif,0,0.05
578.147715602801,116.60000000000025,Timer,timer_menten_prolif,0,0.05
576.7618320390065,116.61000000000026,Timer,timer_menten_prolif,0,0.05
575.3792705108382,116.62000000000026,Timer,timer_menten_prolif,0,0.05
574.0000230562675,116.63000000000027,Timer,timer_menten_prolif,0,0.05
572.6240817323372,116.64000000000027,Timer,timer_menten_prolif,0,0.05
571.2514386151107,116.65000000000028,Timer,timer_menten_prolif,0,0.05
569.8820857996292,116.66000000000028,Timer,timer_menten_prolif,0,0.05
568.5160153998684,116.67000000000029,Timer,timer_menten_prolif,0,0.05
567.1532195486889,116.68000000000029,Timer,timer_menten_prolif,0,0.05
565.7936903977942,116.6900000000003,Timer,timer_menten_prolif,0,0.05
564.4374201176865,116.7000000000003,Timer,timer_menten_prolif,0,0.05
563.0844008976192,116.7100000000003,Timer,timer_menten_prolif,0,0.05
561.7346249455522,116.72000000000031,Timer,timer_menten_prolif,0,0.05
560.3880844881115,116.73000000000032,Timer,timer_menten_prolif,0,0.05
559.0447717705393,116.74000000000032,Timer,timer_menten_prolif,0,0.05
557.7046790566517,116.75000000000033,Timer,timer_menten_prolif,0,0.05
556.3677986287968,116.76000000000033,Timer,timer_menten_prolif,0,0.05
555.0341227878062,116.77000000000034,Timer,timer_menten_prolif,0,0.05
553.7036438529532,116.78000000000034,Timer,timer_menten_prolif,0,0.05
552.37635416191,116.79000000000035,Timer,timer_menten_prolif,0,0.05
551.0522460707007,116.80000000000035,Timer,timer_menten_prolif,0,0.05
549.7313119536603,116.81000000000036,Timer,timer_menten_prolif,0,0.05
548.4135442033883,116.82000000000036,Timer,timer_menten_prolif,0,0.05
547.0989352307076,116.83000000000037,Timer,timer_menten_prolif,0,0.05
545.7874774646209,116.84000000000037,Timer,timer_menten_prolif,0,0.05
544.4791633522643,116.85000000000038,Timer,timer_menten_prolif,0,0.05
543.1739853588676,116.86000000000038,Timer,timer_menten_prolif,0,0.05
541.8719359677098,116.87000000000039,Timer,timer_menten_prolif,0,0.05
540.5730076800745,116.8800000000004,Timer,timer_menten_prolif,0,0.05
539.2771930152093,116.8900000000004,Timer,timer_menten_prolif,0,0.05
537.9844845102815,116.9000000000004,Timer,timer_menten_prolif,0,0.05
536.6948747203362,116.91000000000041,Timer,timer_menten_prolif,0,0.05
535.4083562182518,116.92000000000041,Timer,timer_menten_prolif,0,0.05
534.1249215946997,116.93000000000042,Timer,timer_menten_prolif,0,0.05
532.8445634581009,116.94000000000042,Timer,timer_menten_prolif,0,0.05
531.5672744345821,116.95000000000043,Timer,timer_menten_prolif,0,0.05
530.2930471679364,116.96000000000043,Timer,timer_menten_prolif,0,0.05
529.0218743195791,116.97000000000044,Timer,timer_menten_prolif,0,0.05
527.7537485685046,116.98000000000044,Timer,timer_menten_prolif,0,0.05
526.4886626112478,116.99000000000045,Timer,timer_menten_prolif,0,0.05
525.2266091618391,117.00000000000045,Timer,timer_menten_prolif,0,0.05
523.9675809517643,117.01000000000046,Timer,timer_menten_prolif,0,0.05
522.7115707299212,117.02000000000046,Timer,timer_menten_prolif,0,0.05
521.4585712625801,117.03000000000047,Timer,timer_menten_prolif,0,0.05
520.2085753333415,117.04000000000048,Timer,timer_menten_prolif,0,0.05
518.9615757430932,117.05000000000048,Timer,timer_menten_prolif,0,0.05
517.7175653099719,117.06000000000049,Timer,timer_menten_prolif,0,0.05
516.4765368693187,117.07000000000049,Timer,timer_menten_prolif,0,0.05
515.2384832736416,117.0800000000005,Timer,timer_menten_prolif,0,0.05
514.0033973925712,117.0900000000005,Timer,timer_menten_prolif,0,0.05
512.7712721128212,117.1000000000005,Timer,timer_menten_prolif,0,0.05
511.5421003381475,117.11000000000051,Timer,timer_menten_prolif,0,0.05
510.3158749893083,117.12000000000052,Timer,timer_menten_prolif,0,0.05
509.092589004022,117.13000000000052,Timer,timer_menten_prolif,0,0.05
507.872235336927,117.14000000000053,Timer,timer_menten_prolif,0,0.05
506.6548069595418,117.15000000000053,Timer,timer_menten_prolif,0,0.05
505.4402968602251,117.16000000000054,Timer,timer_menten_prolif,0,0.05
504.2286980441339,117.17000000000054,Timer,timer_menten_prolif,0,0.05
503.0200035331849,117.18000000000055,Timer,timer_menten_prolif,0,0.05
501.8142063660131,117.19000000000055,Timer,timer_menten_prolif,0,0.05
500.61129959793374,117.20000000000056,Timer,timer_menten_prolif,0,0.05
499.41127630090057,117.21000000000056,Timer,timer_menten_prolif,0,0.05
498.21412956346677,117.22000000000057,Timer,timer_menten_prolif,0,0.05
497.0198524907448,117.23000000000057,Timer,timer_menten_prolif,0,0.05
495.8284382043689,117.24000000000058,Timer,timer_menten_prolif,0,0.05
494.6398798424523,117.25000000000058,Timer,timer_menten_prolif,0,0.05
493.4541705595498,117.26000000000059,Timer,timer_menten_prolif,0,0.05
492.2713035266193,117.27000000000059,Timer,timer_menten_prolif,0,0.05
491.0912719309799,117.2800000000006,Timer,timer_menten_prolif,0,0.05
489.9140689762752,117.2900000000006,Timer,timer_menten_prolif,0,0.05
488.7396878824328,117.30000000000061,Timer,timer_menten_prolif,0,0.05
487.56812188562697,117.31000000000061,Timer,timer_menten_prolif,0,0.05
486.3993642382377,117.32000000000062,Timer,timer_menten_prolif,0,0.05
485.2334082088131,117.33000000000062,Timer,timer_menten_prolif,0,0.05
484.0702470820323,117.34000000000063,Timer,timer_menten_prolif,0,0.05
482.9098741586618,117.35000000000063,Timer,timer_menten_prolif,0,0.05
481.75228275552354,117.36000000000064,Timer,timer_menten_prolif,0,0.05
480.597466205452,117.37000000000064,Timer,timer_menten_prolif,0,0.05
479.4454178572586,117.38000000000065,Timer,timer_menten_prolif,0,0.05
478.2961310756894,117.39000000000065,Timer,timer_menten_prolif,0,0.05
477.1495992413925,117.40000000000066,Timer,timer_menten_prolif,0,0.05
476.0058157508758,117.41000000000066,Timer,timer_menten_prolif,0,0.05
474.8647740164723,117.42000000000067,Timer,timer_menten_prolif,0,0.05
473.7264674662972,117.43000000000067,Timer,timer_menten_prolif,0,0.05
472.5908895442162,117.44000000000068,Timer,timer_menten_prolif,0,0.05
471.45803370980434,117.45000000000068,Timer,timer_menten_prolif,0,0.05
470.32789343830973,117.46000000000069,Timer,timer_menten_prolif,0,0.05
469.2004622206129,117.4700000000007,Timer,timer_menten_prolif,0,0.05
468.0757335631949,117.4800000000007,Timer,timer_menten_prolif,0,0.05
466.9537009880958,117.4900000000007,Timer,timer_menten_prolif,0,0.05
465.8343580328785,117.50000000000071,Timer,timer_menten_prolif,0,0.05
464.71769825059346,117.51000000000072,Timer,timer_menten_prolif,0,0.05
463.6037152097364,117.52000000000072,Timer,timer_menten_prolif,0,0.05
462.49240249421814,117.53000000000073,Timer,timer_menten_prolif,0,0.05
461.3837537033237,117.54000000000073,Timer,timer_menten_prolif,0,0.05
460.27776245167684,117.55000000000074,Timer,timer_menten_prolif,0,0.05
459.1744223692004,117.56000000000074,Timer,timer_menten_prolif,0,0.05
458.0737271010848,117.57000000000075,Timer,timer_menten_prolif,0,0.05
456.97567030774786,117.58000000000075,Timer,timer_menten_prolif,0,0.05
455.8802456648001,117.59000000000076,Timer,timer_menten_prolif,0,0.05
454.78744686300564,117.60000000000076,Timer,timer_menten_prolif,0,0.05
453.69726760824994,117.61000000000077,Timer,timer_menten_prolif,0,0.05
452.60970162150056,117.62000000000077,Timer,timer_menten_prolif,0,0.05
451.52474263877343,117.63000000000078,Timer,timer_menten_prolif,0,0.05
450.44238441109337,117.64000000000078,Timer,timer_menten_prolif,0,0.05
449.3626207044622,117.65000000000079,Timer,timer_menten_prolif,0,0.05
448.28544529982037,117.66000000000079,Timer,timer_menten_prolif,0,0.05
447.2108519930118,117.6700000000008,Timer,timer_menten_prolif,0,0.05
446.1388345947481,117.6800000000008,Timer,timer_menten_prolif,0,0.05
445.06938693057464,117.69000000000081,Timer,timer_menten_prolif,0,0.05
444.0025028408335,117.70000000000081,Timer,timer_menten_prolif,0,0.05
442.9381761806261,117.71000000000082,Timer,timer_menten_prolif,0,0.05
441.8764008197792,117.72000000000082,Timer,timer_menten_prolif,0,0.05
440.81717064280866,117.73000000000083,Timer,timer_menten_prolif,0,0.05
439.76047954889304,117.74000000000083,Timer,timer_menten_prolif,0,0.05
438.70632145183043,117.75000000000084,Timer,timer_menten_prolif,0,0.05
437.65469028000115,117.76000000000084,Timer,timer_menten_prolif,0,0.05
436.60557997633407,117.77000000000085,Timer,timer_menten_prolif,0,0.05
435.5589844982725,117.78000000000085,Timer,timer_menten_prolif,0,0.05
434.5148978177476,117.79000000000086,Timer,timer_menten_prolif,0,0.05
433.4733139211394,117.80000000000086,Timer,timer_menten_prolif,0,0.05
432.4342268092337,117.81000000000087,Timer,timer_menten_prolif,0,0.05
431.39763049719227,117.82000000000087,Timer,timer_menten_prolif,0,0.05
430.3635190145179,117.83000000000088,Timer,timer_menten_prolif,0,0.05
429.3318864050279,117.84000000000088,Timer,timer_menten_prolif,0,0.05
428.3027267268178,117.85000000000089,Timer,timer_menten_prolif,0,0.05
427.27603405221714,117.8600000000009,Timer,timer_menten_prolif,0,0.05
426.25180246775994,117.8700000000009,Timer,timer_menten_prolif,0,0.05
425.23002607415003,117.8800000000009,Timer,timer_menten_prolif,0,0.05
424.21069898623534,117.89000000000091,Timer,timer_menten_prolif,0,0.05
423.19381533297167,117.90000000000092,Timer,timer_menten_prolif,0,0.05
422.17936925738036,117.91000000000092,Timer,timer_menten_prolif,0,0.05
421.1673549165174,117.92000000000093,Timer,timer_menten_prolif,0,0.05
420.1577664814399,117.93000000000093,Timer,timer_menten_prolif,0,0.05
419.1505981371795,117.94000000000094,Timer,timer_menten_prolif,0,0.05
418.1458440827124,117.95000000000094,Timer,timer_menten_prolif,0,0.05
417.1434985309083,117.96000000000095,Timer,timer_menten_prolif,0,0.05
416.1435557085049,117.97000000000095,Timer,timer_menten_prolif,0,0.05
415.14600985607336,117.98000000000096,Timer,timer_menten_prolif,0,0.05
414.15085522798506,117.99000000000096,Timer,timer_menten_prolif,0,0.05
413.1580860923945,118.00000000000097,Timer,timer_menten_prolif,0,0.05
412.1676967311983,118.01000000000097,Timer,timer_menten_prolif,0,0.05
411.17968143998735,118.02000000000098,Timer,timer_menten_prolif,0,0.05
410.19403452802237,118.03000000000098,Timer,timer_menten_prolif,0,0.05
409.2107503182004,118.04000000000099,Timer,timer_menten_prolif,0,0.05
408.2298231470219,118.05000000000099,Timer,timer_menten_prolif,0,0.05
407.2512473645765,118.060000000001,Timer,timer_menten_prolif,0,0.05
406.2750173344928,118.070000000001,Timer,timer_menten_prolif,0,0.05
405.30112743390123,118.08000000000101,Timer,timer_menten_prolif,0,0.05
404.3295720534065,118.09000000000101,Timer,timer_menten_prolif,0,0.05
403.3603455970548,118.10000000000102,Timer,timer_menten_prolif,0,0.05
402.3934424823028,118.11000000000102,Timer,timer_menten_prolif,0,0.05
401.4288571400041,118.12000000000103,Timer,timer_menten_prolif,0,0.05
400.46658401435354,118.13000000000103,Timer,timer_menten_prolif,0,0.05
399.5066175628564,118.14000000000104,Timer,timer_menten_prolif,0,0.05
398.54895225629974,118.15000000000104,Timer,timer_menten_prolif,0,0.05
397.59358257872043,118.16000000000105,Timer,timer_menten_prolif,0,0.05
396.6405030273754,118.17000000000105,Timer,timer_menten_prolif,0,0.05
395.6897081127281,118.18000000000106,Timer,timer_menten_prolif,0,0.05
394.74119235838873,118.19000000000106,Timer,timer_menten_prolif,0,0.05
393.79495030108956,118.20000000000107,Timer,timer_menten_prolif,0,0.05
392.85097649065494,118.21000000000107,Timer,timer_menten_prolif,0,0.05
391.90926548996936,118.22000000000108,Timer,timer_menten_prolif,0,0.05
390.9698118740277,118.23000000000108,Timer,timer_menten_prolif,0,0.05
390.0326102342249,118.24000000000109,Timer,timer_menten_prolif,0,0.05
389.0976551705378,118.2500000000011,Timer,timer_menten_prolif,0,0.05
388.1649412980049,118.2600000000011,Timer,timer_menten_prolif,0,0.05
387.23446324447104,118.2700000000011,Timer,timer_menten_prolif,0,0.05
386.30621565058743,118.28000000000111,Timer,timer_menten_prolif,0,0.05
385.38019316974976,118.29000000000111,Timer,timer_menten_prolif,0,0.05
384.4563904680865,118.30000000000112,Timer,timer_menten_prolif,0,0.05
383.5348022246001,118.31000000000112,Timer,timer_menten_prolif,0,0.05
382.6154231310918,118.32000000000113,Timer,timer_menten_prolif,0,0.05
381.6982478921617,118.33000000000114,Timer,timer_menten_prolif,0,0.05
380.7832712252089,118.34000000000114,Timer,timer_menten_prolif,0,0.05
379.870487860431,118.35000000000115,Timer,timer_menten_prolif,0,0.05
378.959892540664,118.36000000000115,Timer,timer_menten_prolif,0,0.05
378.0514800197949,118.37000000000116,Timer,timer_menten_prolif,0,0.05
377.14524506511304,118.38000000000116,Timer,timer_menten_prolif,0,0.05
376.2411824569615,118.39000000000117,Timer,timer_menten_prolif,0,0.05
375.33928698837053,118.40000000000117,Timer,timer_menten_prolif,0,0.05
374.4395534650573,118.41000000000118,Timer,timer_menten_prolif,0,0.05
373.5419767054255,118.42000000000118,Timer,timer_menten_prolif,0,0.05
372.6465515405663,118.43000000000119,Timer,timer_menten_prolif,0,0.05
371.75327281248576,118.44000000000119,Timer,timer_menten_prolif,0,0.05
370.8621353738509,118.4500000000012,Timer,timer_menten_prolif,0,0.05
369.9731340918627,118.4600000000012,Timer,timer_menten_prolif,0,0.05
369.086263846219,118.4700000000012,Timer,timer_menten_prolif,0,0.05
368.20151952908896,118.48000000000121,Timer,timer_menten_prolif,0,0.05
367.31889604511105,118.49000000000122,Timer,timer_menten_prolif,0,0.05
366.43838831139465,118.50000000000122,Timer,timer_menten_prolif,0,0.05
365.5599912571996,118.51000000000123,Timer,timer_menten_prolif,0,0.05
364.68369982078684,118.52000000000123,Timer,timer_menten_prolif,0,0.05
363.80950895408347,118.53000000000124,Timer,timer_menten_prolif,0,0.05
362.93741362199495,118.54000000000124,Timer,timer_menten_prolif,0,0.05
362.0674088016749,118.55000000000125,Timer,timer_menten_prolif,0,0.05
361.19948948252505,118.56000000000125,Timer,timer_menten_prolif,0,0.05
360.33365066619507,118.57000000000126,Timer,timer_menten_prolif,0,0.05
359.46988736658284,118.58000000000126,Timer,timer_menten_prolif,0,0.05
358.6081946080484,118.59000000000127,Timer,timer_menten_prolif,0,0.05
357.7485674251575,118.60000000000127,Timer,timer_menten_prolif,0,0.05
356.8910008665854,118.61000000000128,Timer,timer_menten_prolif,0,0.05
356.03548999306497,118.62000000000128,Timer,timer_menten_prolif,0,0.05
355.18202987735856,118.63000000000129,Timer,timer_menten_prolif,0,0.05
354.33061560425836,118.6400000000013,Timer,timer_menten_prolif,0,0.05
353.4812422705862,118.6500000000013,Timer,timer_menten_prolif,0,0.05
352.6339049848852,118.6600000000013,Timer,timer_menten_prolif,0,0.05
351.7885988643803,118.67000000000131,Timer,timer_menten_prolif,0,0.05
350.9453190394804,118.68000000000131,Timer,timer_menten_prolif,0,0.05
350.1040606531142,118.69000000000132,Timer,timer_menten_prolif,0,0.05
349.2648188600258,118.70000000000132,Timer,timer_menten_prolif,0,0.05
348.4275888267746,118.71000000000133,Timer,timer_menten_prolif,0,0.05
347.5923657317352,118.72000000000133,Timer,timer_menten_prolif,0,0.05
346.75914476509774,118.73000000000134,Timer,timer_menten_prolif,0,0.05
345.92792112714403,118.74000000000134,Timer,timer_menten_prolif,0,0.05
345.0986900280012,118.75000000000135,Timer,timer_menten_prolif,0,0.05
344.2714466914078,118.76000000000136,Timer,timer_menten_prolif,0,0.05
343.446186352733,118.77000000000136,Timer,timer_menten_prolif,0,0.05
342.62290425895105,118.78000000000137,Timer,timer_menten_prolif,0,0.05
341.8015956686407,118.79000000000137,Timer,timer_menten_prolif,0,0.05
340.9822558519853,118.80000000000138,Timer,timer_menten_prolif,0,0.05
340.16488009047515,118.81000000000138,Timer,timer_menten_prolif,0,0.05
339.3494636739756,118.82000000000139,Timer,timer_menten_prolif,0,0.05
338.5360019050697,118.83000000000139,Timer,timer_menten_prolif,0,0.05
337.7244900984182,118.8400000000014,Timer,timer_menten_prolif,0,0.05
336.91492358007974,118.8500000000014,Timer,timer_menten_prolif,0,0.05
336.10729768751054,118.8600000000014,Timer,timer_menten_prolif,0,0.05
335.3016077695646,118.87000000000141,Timer,timer_menten_prolif,0,0.05
334.4978491864938,118.88000000000142,Timer,timer_menten_prolif,0,0.05
333.6960173082849,118.89000000000142,Timer,timer_menten_prolif,0,0.05
332.89610751442217,118.90000000000143,Timer,timer_menten_prolif,0,0.05
332.0981151975201,118.91000000000143,Timer,timer_menten_prolif,0,0.05
331.30203576141287,118.92000000000144,Timer,timer_menten_prolif,0,0.05
330.50786462112967,118.93000000000144,Timer,timer_menten_prolif,0,0.05
329.71559720289406,118.94000000000145,Timer,timer_menten_prolif,0,0.05
328.92522894412394,118.95000000000145,Timer,timer_menten_prolif,0,0.05
328.1367552931448,118.96000000000146,Timer,timer_menten_prolif,0,0.05
327.3501717063606,118.97000000000146,Timer,timer_menten_prolif,0,0.05
326.565473652444,118.98000000000147,Timer,timer_menten_prolif,0,0.05
325.78265661171855,118.99000000000147,Timer,timer_menten_prolif,0,0.05
325.0017160755025,119.00000000000148,Timer,timer_menten_prolif,0,0.05
324.2226475461091,119.01000000000148,Timer,timer_menten_prolif,0,0.05
323.4454465368467,119.02000000000149,Timer,timer_menten_prolif,0,0.05
322.6701085720184,119.0300000000015,Timer,timer_menten_prolif,0,0.05
321.89662918531826,119.0400000000015,Timer,timer_menten_prolif,0,0.05
321.12500391960214,119.0500000000015,Timer,timer_menten_prolif,0,0.05
320.3552283303917,119.06000000000151,Timer,timer_menten_prolif,0,0.05
319.5872979840325,119.07000000000151,Timer,timer_menten_prolif,0,0.05
318.8212084576687,119.08000000000152,Timer,timer_menten_prolif,0,0.05
318.05695533924364,119.09000000000152,Timer,timer_menten_prolif,0,0.05
317.2945342274993,119.10000000000153,Timer,timer_menten_prolif,0,0.05
316.53394073169943,119.11000000000153,Timer,timer_menten_prolif,0,0.05
315.775170468901,119.12000000000154,Timer,timer_menten_prolif,0,0.05
315.01821906799614,119.13000000000154,Timer,timer_menten_prolif,0,0.05
314.2630821691156,119.14000000000155,Timer,timer_menten_prolif,0,0.05
313.5097554229966,119.15000000000155,Timer,timer_menten_prolif,0,0.05
312.7582344909827,119.16000000000156,Timer,timer_menten_prolif,0,0.05
312.00851504502396,119.17000000000156,Timer,timer_menten_prolif,0,0.05
311.2605927676765,119.18000000000157,Timer,timer_menten_prolif,0,0.05
310.51446335055556,119.19000000000158,Timer,timer_menten_prolif,0,0.05
309.77012249411416,119.20000000000158,Timer,timer_menten_prolif,0,0.05
309.02756591102377,119.21000000000159,Timer,timer_menten_prolif,0,0.05
308.2867893243967,119.22000000000159,Timer,timer_menten_prolif,0,0.05
307.5477884677628,119.2300000000016,Timer,timer_menten_prolif,0,0.05
306.81055908506886,119.2400000000016,Timer,timer_menten_prolif,0,0.05
306.075096930679,119.2500000000016,Timer,timer_menten_prolif,0,0.05
305.341397769107,119.26000000000161,Timer,timer_menten_prolif,0,0.05
304.60945737238467,119.27000000000162,Timer,timer_menten_prolif,0,0.05
303.8792715239599,119.28000000000162,Timer,timer_menten_prolif,0,0.05
303.15083601812285,119.29000000000163,Timer,timer_menten_prolif,0,0.05
302.42414665939486,119.30000000000163,Timer,timer_menten_prolif,0,0.05
301.69919926252885,119.31000000000164,Timer,timer_menten_prolif,0,0.05
300.9759896525091,119.32000000000164,Timer,timer_menten_prolif,0,0.05
300.2545136645514,119.33000000000165,Timer,timer_menten_prolif,0,0.05
299.534767145183,119.34000000000165,Timer,timer_menten_prolif,0,0.05
298.8167459402994,119.35000000000166,Timer,timer_menten_prolif,0,0.05
298.1004459189088,119.36000000000166,Timer,timer_menten_prolif,0,0.05
297.38586295502796,119.37000000000167,Timer,timer_menten_prolif,0,0.05
296.67299293283503,119.38000000000167,Timer,timer_menten_prolif,0,0.05
295.9618317466452,119.39000000000168,Timer,timer_menten_prolif,0,0.05
295.25237530088646,119.40000000000168,Timer,timer_menten_prolif,0,0.05
294.54461950931,119.41000000000169,Timer,timer_menten_prolif,0,0.05
293.8385602882661,119.42000000000169,Timer,timer_menten_prolif,0,0.05
293.13419356878137,119.4300000000017,Timer,timer_menten_prolif,0,0.05
292.431515293677,119.4400000000017,Timer,timer_menten_prolif,0,0.05
291.73052141564676,119.45000000000171,Timer,timer_menten_prolif,0,0.05
291.0312078972291,119.46000000000171,Timer,timer_menten_prolif,0,0.05
290.3335707107799,119.47000000000172,Timer,timer_menten_prolif,0,0.05
289.6376058384452,119.48000000000172,Timer,timer_menten_prolif,0,0.05
288.9433092721332,119.49000000000173,Timer,timer_menten_prolif,0,0.05
288.2506770134874,119.50000000000173,Timer,timer_menten_prolif,0,0.05
287.5597050738585,119.51000000000174,Timer,timer_menten_prolif,0,0.05
286.8703894742773,119.52000000000174,Timer,timer_menten_prolif,0,0.05
286.1827262454274,119.53000000000175,Timer,timer_menten_prolif,0,0.05
285.49671142761724,119.54000000000175,Timer,timer_menten_prolif,0,0.05
284.8123410707529,119.55000000000176,Timer,timer_menten_prolif,0,0.05
284.1296112343108,119.56000000000176,Timer,timer_menten_prolif,0,0.05
283.4485179873096,119.57000000000177,Timer,timer_menten_prolif,0,0.05
282.7690574082835,119.58000000000177,Timer,timer_menten_prolif,0,0.05
282.09122558525434,119.59000000000178,Timer,timer_menten_prolif,0,0.05
281.415018615704,119.60000000000178,Timer,timer_menten_prolif,0,0.05
280.74043260654736,119.61000000000179,Timer,timer_menten_prolif,0,0.05
280.0674636741045,119.6200000000018,Timer,timer_menten_prolif,0,0.05
279.39610794407315,119.6300000000018,Timer,timer_menten_prolif,0,0.05
278.72636155150144,119.6400000000018,Timer,timer_menten_prolif,0,0.05
278.0582206366339,119.65000000000181,Timer,timer_menten_prolif,0,0.05
277.3916813449274,119.66000000000182,Timer,timer_menten_prolif,0,0.05
276.72673983732165,119.67000000000182,Timer,timer_menten_prolif,0,0.05
276.06339228399577,119.68000000000183,Timer,timer_menten_prolif,0,0.05
275.4016348642135,119.69000000000183,Timer,timer_menten_prolif,0,0.05
274.7414637662922,119.70000000000184,Timer,timer_menten_prolif,0,0.05
274.0828751875723,119.71000000000184,Timer,timer_menten_prolif,0,0.05
273.42586533438634,119.72000000000185,Timer,timer_menten_prolif,0,0.05
272.7704304220285,119.73000000000185,Timer,timer_menten_prolif,0,0.05
272.1165666747228,119.74000000000186,Timer,timer_menten_prolif,0,0.05
271.46427032559336,119.75000000000186,Timer,timer_menten_prolif,0,0.05
270.81353761663297,119.76000000000187,Timer,timer_menten_prolif,0,0.05
270.1643647986724,119.77000000000187,Timer,timer_menten_prolif,0,0.05
269.51674813134935,119.78000000000188,Timer,timer_menten_prolif,0,0.05
268.870683883078,119.79000000000188,Timer,timer_menten_prolif,0,0.05
268.226168331018,119.80000000000189,Timer,timer_menten_prolif,0,0.05
267.5831977610434,119.81000000000189,Timer,timer_menten_prolif,0,0.05
266.94176846771194,119.8200000000019,Timer,timer_menten_prolif,0,0.05
266.3018767542347,119.8300000000019,Timer,timer_menten_prolif,0,0.05
265.6635189324444,119.84000000000191,Timer,timer_menten_prolif,0,0.05
265.02669132276526,119.85000000000191,Timer,timer_menten_prolif,0,0.05
264.3913902541818,119.86000000000192,Timer,timer_menten_prolif,0,0.05
263.75761206420816,119.87000000000192,Timer,timer_menten_prolif,0,0.05
263.12535310012976,119.88000000000193,Timer,timer_menten_prolif,0,0.05
262.49460973585064,119.89000000000193,Timer,timer_menten_prolif,0,0.05
261.8653783440879,119.90000000000194,Timer,timer_menten_prolif,0,0.05
261.2376553005819,119.91000000000194,Timer,timer_menten_prolif,0,0.05
260.6114369897381,119.92000000000195,Timer,timer_menten_prolif,0,0.05
259.98671980460364,119.93000000000195,Timer,timer_menten_prolif,0,0.05
259.3635001468446,119.94000000000196,Timer,timer_menten_prolif,0,0.05
258.7417744267227,119.95000000000196,Timer,timer_menten_prolif,0,0.05
258.121539063072,119.96000000000197,Timer,timer_menten_prolif,0,0.05
257.50279048327604,119.97000000000197,Timer,timer_menten_prolif,0,0.05
256.8855251232443,119.98000000000198,Timer,timer_menten_prolif,0,0.05
256.2697394273896,119.99000000000198,Timer,timer_menten_prolif,0,0.05
255.65542984860446,120.00000000000199,Timer,timer_menten_prolif,0,0.05
0.0,0.0,Mixed,timer_il2_menten,0,0.05
2.387653912205944e-07,0.01,Mixed,timer_il2_menten,0,0.05
3.7159907857374104e-06,0.02,Mixed,timer_il2_menten,0,0.05
1.8502819081720364e-05,0.03,Mixed,timer_il2_menten,0,0.05
5.752073821260027e-05,0.04,Mixed,timer_il2_menten,0,0.05
0.00013814061922243106,0.05,Mixed,timer_il2_menten,0,0.05
0.0002817918279251203,0.06,Mixed,timer_il2_menten,0,0.05
0.000513563038433882,0.07,Mixed,timer_il2_menten,0,0.05
0.000861850594522708,0.08,Mixed,timer_il2_menten,0,0.05
0.0013580484660211732,0.09,Mixed,timer_il2_menten,0,0.05
0.002036217619044864,0.1,Mixed,timer_il2_menten,0,0.05
0.00293278219976637,0.11,Mixed,timer_il2_menten,0,0.05
0.004086252445321779,0.12,Mixed,timer_il2_menten,0,0.05
0.005536974730567962,0.13,Mixed,timer_il2_menten,0,0.05
0.007326903096883221,0.14,Mixed,timer_il2_menten,0,0.05
0.009499393745126275,0.15,Mixed,timer_il2_menten,0,0.05
0.012099029693711733,0.16,Mixed,timer_il2_menten,0,0.05
0.015171472536804292,0.17,Mixed,timer_il2_menten,0,0.05
0.018763345103364394,0.18,Mixed,timer_il2_menten,0,0.05
0.022922156833687216,0.19,Mixed,timer_il2_menten,0,0.05
0.027696244022123177,0.2,Mixed,timer_il2_menten,0,0.05
0.033134732697660395,0.21,Mixed,timer_il2_menten,0,0.05
0.039287517653230644,0.22,Mixed,timer_il2_menten,0,0.05
0.04620525079033589,0.23,Mixed,timer_il2_menten,0,0.05
0.05393933056726928,0.24,Mixed,timer_il2_menten,0,0.05
0.06254189207577518,0.25,Mixed,timer_il2_menten,0,0.05
0.07206578446020995,0.26,Mixed,timer_il2_menten,0,0.05
0.08256453888908133,0.27,Mixed,timer_il2_menten,0,0.05
0.09409232514439127,0.28,Mixed,timer_il2_menten,0,0.05
0.10670389635035808,0.29,Mixed,timer_il2_menten,0,0.05
0.12045452420446762,0.3,Mixed,timer_il2_menten,0,0.05
0.13539992557589423,0.31,Mixed,timer_il2_menten,0,0.05
0.15159618212069068,0.32,Mixed,timer_il2_menten,0,0.05
0.16909966021086734,0.33,Mixed,timer_il2_menten,0,0.05
0.18796692341416776,0.34,Mixed,timer_il2_menten,0,0.05
0.20825465076247035,0.35000000000000003,Mixed,timer_il2_menten,0,0.05
0.2300195664775465,0.36,Mixed,timer_il2_menten,0,0.05
0.2533183594343519,0.37,Mixed,timer_il2_menten,0,0.05
0.27820761809739925,0.38,Mixed,timer_il2_menten,0,0.05
0.30474376161267014,0.39,Mixed,timer_il2_menten,0,0.05
0.3329829949820793,0.4,Mixed,timer_il2_menten,0,0.05
0.36298124997161313,0.41000000000000003,Mixed,timer_il2_menten,0,0.05
0.39479414968023074,0.42,Mixed,timer_il2_menten,0,0.05
0.42847696816774944,0.43,Mixed,timer_il2_menten,0,0.05
0.46408460058737,0.44,Mixed,timer_il2_menten,0,0.05
0.5016715422246003,0.45,Mixed,timer_il2_menten,0,0.05
0.5412918596416979,0.46,Mixed,timer_il2_menten,0,0.05
0.5829991772839805,0.47000000000000003,Mixed,timer_il2_menten,0,0.05
0.6268466801275205,0.48,Mixed,timer_il2_menten,0,0.05
0.6728871044898678,0.49,Mixed,timer_il2_menten,0,0.05
0.7211727057930053,0.5,Mixed,timer_il2_menten,0,0.05
0.7717552898318357,0.51,Mixed,timer_il2_menten,0,0.05
0.8246861978534802,0.52,Mixed,timer_il2_menten,0,0.05
0.8800163165546099,0.53,Mixed,timer_il2_menten,0,0.05
0.9377960855214166,0.54,Mixed,timer_il2_menten,0,0.05
0.9980755032452695,0.55,Mixed,timer_il2_menten,0,0.05
1.0609041412374367,0.56,Mixed,timer_il2_menten,0,0.05
1.1263311495104558,0.5700000000000001,Mixed,timer_il2_menten,0,0.05
1.1944052749072522,0.58,Mixed,timer_il2_menten,0,0.05
1.2651748733675097,0.59,Mixed,timer_il2_menten,0,0.05
1.33868792680273,0.6,Mixed,timer_il2_menten,0,0.05
1.414992058376277,0.61,Mixed,timer_il2_menten,0,0.05
1.4941345500435923,0.62,Mixed,timer_il2_menten,0,0.05
1.5761623654450025,0.63,Mixed,timer_il2_menten,0,0.05
1.6611221658357873,0.64,Mixed,timer_il2_menten,0,0.05
1.7490603224955286,0.65,Mixed,timer_il2_menten,0,0.05
1.840022948512313,0.66,Mixed,timer_il2_menten,0,0.05
1.934055916802197,0.67,Mixed,timer_il2_menten,0,0.05
2.0312048764148445,0.68,Mixed,timer_il2_menten,0,0.05
2.1315152803454156,0.6900000000000001,Mixed,timer_il2_menten,0,0.05
2.235032407972481,0.7000000000000001,Mixed,timer_il2_menten,0,0.05
2.3418013837963803,0.71,Mixed,timer_il2_menten,0,0.05
2.4518672034827067,0.72,Mixed,timer_il2_menten,0,0.05
2.5652747589617295,0.73,Mixed,timer_il2_menten,0,0.05
2.682068859273679,0.74,Mixed,timer_il2_menten,0,0.05
2.8022942547210166,0.75,Mixed,timer_il2_menten,0,0.05
2.92599566394765,0.76,Mixed,timer_il2_menten,0,0.05
3.0532177973619765,0.77,Mixed,timer_il2_menten,0,0.05
3.1840053813042357,0.78,Mixed,timer_il2_menten,0,0.05
3.318403184978754,0.79,Mixed,timer_il2_menten,0,0.05
3.456456045330735,0.8,Mixed,timer_il2_menten,0,0.05
3.5982088908179968,0.81,Mixed,timer_il2_menten,0,0.05
3.7437067692133237,0.8200000000000001,Mixed,timer_il2_menten,0,0.05
3.8929948732489312,0.8300000000000001,Mixed,timer_il2_menten,0,0.05
4.046118564986732,0.84,Mixed,timer_il2_menten,0,0.05
4.203123403319246,0.85,Mixed,timer_il2_menten,0,0.05
4.364055170581826,0.86,Mixed,timer_il2_menten,0,0.05
4.528959898349978,0.87,Mixed,timer_il2_menten,0,0.05
4.697883892740019,0.88,Mixed,timer_il2_menten,0,0.05
4.8708737628443295,0.89,Mixed,timer_il2_menten,0,0.05
5.047976447026377,0.9,Mixed,timer_il2_menten,0,0.05
5.22923923857172,0.91,Mixed,timer_il2_menten,0,0.05
5.414709812824105,0.92,Mixed,timer_il2_menten,0,0.05
5.604436254836516,0.93,Mixed,timer_il2_menten,0,0.05
5.798467085911781,0.9400000000000001,Mixed,timer_il2_menten,0,0.05
5.996851289620192,0.9500000000000001,Mixed,timer_il2_menten,0,0.05
6.199638339842249,0.96,Mixed,timer_il2_menten,0,0.05
6.406878227779217,0.97,Mixed,timer_il2_menten,0,0.05
6.618621488829996,0.98,Mixed,timer_il2_menten,0,0.05
6.834919229604723,0.99,Mixed,timer_il2_menten,0,0.05
7.055823155612419,1.0,Mixed,timer_il2_menten,0,0.05
7.281385598417295,1.01,Mixed,timer_il2_menten,0,0.05
7.511659542403789,1.02,Mixed,timer_il2_menten,0,0.05
7.746698652471817,1.03,Mixed,timer_il2_menten,0,0.05
7.986557301553652,1.04,Mixed,timer_il2_menten,0,0.05
8.231290597927563,1.05,Mixed,timer_il2_menten,0,0.05
8.480954412624072,1.06,Mixed,timer_il2_menten,0,0.05
8.735605407033583,1.07,Mixed,timer_il2_menten,0,0.05
8.995301060449268,1.08,Mixed,timer_il2_menten,0,0.05
9.260099697795654,1.09,Mixed,timer_il2_menten,0,0.05
9.53006051728762,1.1,Mixed,timer_il2_menten,0,0.05
9.805243618057387,1.11,Mixed,timer_il2_menten,0,0.05
10.08571002797069,1.12,Mixed,timer_il2_menten,0,0.05
10.371521731538522,1.1300000000000001,Mixed,timer_il2_menten,0,0.05
10.66274169787026,1.1400000000000001,Mixed,timer_il2_menten,0,0.05
10.95943390844251,1.1500000000000001,Mixed,timer_il2_menten,0,0.05
11.261663385151316,1.16,Mixed,timer_il2_menten,0,0.05
11.56949621864154,1.17,Mixed,timer_il2_menten,0,0.05
11.882999597107515,1.18,Mixed,timer_il2_menten,0,0.05
12.202241833610966,1.19,Mixed,timer_il2_menten,0,0.05
12.52729239469641,1.2,Mixed,timer_il2_menten,0,0.05
12.858221929002728,1.21,Mixed,timer_il2_menten,0,0.05
13.195102296760897,1.22,Mixed,timer_il2_menten,0,0.05
13.538006597340871,1.23,Mixed,timer_il2_menten,0,0.05
13.887009198212144,1.24,Mixed,timer_il2_menten,0,0.05
14.242185763943557,1.25,Mixed,timer_il2_menten,0,0.05
14.603613286292887,1.26,Mixed,timer_il2_menten,0,0.05
14.97137011234456,1.27,Mixed,timer_il2_menten,0,0.05
15.345535973743159,1.28,Mixed,timer_il2_menten,0,0.05
15.726192016230128,1.29,Mixed,timer_il2_menten,0,0.05
16.113420830651748,1.3,Mixed,timer_il2_menten,0,0.05
16.507306481816332,1.31,Mixed,timer_il2_menten,0,0.05
16.907934537907334,1.32,Mixed,timer_il2_menten,0,0.05
17.31539210083349,1.33,Mixed,timer_il2_menten,0,0.05
17.729767837637187,1.34,Mixed,timer_il2_menten,0,0.05
18.1511520107823,1.35,Mixed,timer_il2_menten,0,0.05
18.579636507755158,1.36,Mixed,timer_il2_menten,0,0.05
19.01531487232176,1.37,Mixed,timer_il2_menten,0,0.05
19.458282336404118,1.3800000000000001,Mixed,timer_il2_menten,0,0.05
19.908635852049887,1.3900000000000001,Mixed,timer_il2_menten,0,0.05
20.36647412121297,1.4000000000000001,Mixed,timer_il2_menten,0,0.05
20.83189762807553,1.41,Mixed,timer_il2_menten,0,0.05
21.305008671602444,1.42,Mixed,timer_il2_menten,0,0.05
21.785911399302204,1.43,Mixed,timer_il2_menten,0,0.05
22.274711837420938,1.44,Mixed,timer_il2_menten,0,0.05
22.77151792436804,1.45,Mixed,timer_il2_menten,0,0.05
23.276439543354506,1.46,Mixed,timer_il2_menten,0,0.05
23.789588561168113,1.47,Mixed,timer_il2_menten,0,0.05
24.311078852767725,1.48,Mixed,timer_il2_menten,0,0.05
24.841026341966202,1.49,Mixed,timer_il2_menten,0,0.05
25.379549033346024,1.5,Mixed,timer_il2_menten,0,0.05
25.92676705032419,1.51,Mixed,timer_il2_menten,0,0.05
26.482802666148807,1.52,Mixed,timer_il2_menten,0,0.05
27.047780338955278,1.53,Mixed,timer_il2_menten,0,0.05
27.621826747086935,1.54,Mixed,timer_il2_menten,0,0.05
28.205070826522654,1.55,Mixed,timer_il2_menten,0,0.05
28.797643821992402,1.56,Mixed,timer_il2_menten,0,0.05
29.399679301747152,1.57,Mixed,timer_il2_menten,0,0.05
30.01131319684832,1.58,Mixed,timer_il2_menten,0,0.05
30.632683838526596,1.59,Mixed,timer_il2_menten,0,0.05
31.263932002852986,1.6,Mixed,timer_il2_menten,0,0.05
31.90520098222391,1.61,Mixed,timer_il2_menten,0,0.05
32.55663657011461,1.62,Mixed,timer_il2_menten,0,0.05
33.218387111982906,1.6300000000000001,Mixed,timer_il2_menten,0,0.05
33.89060354530611,1.6400000000000001,Mixed,timer_il2_menten,0,0.05
34.57343945353456,1.6500000000000001,Mixed,timer_il2_menten,0,0.05
35.26705114418394,1.6600000000000001,Mixed,timer_il2_menten,0,0.05
35.97159761803773,1.67,Mixed,timer_il2_menten,0,0.05
36.68724063108124,1.68,Mixed,timer_il2_menten,0,0.05
37.41414473586751,1.69,Mixed,timer_il2_menten,0,0.05
38.152477345714225,1.7,Mixed,timer_il2_menten,0,0.05
38.902408808645475,1.71,Mixed,timer_il2_menten,0,0.05
39.66411237448744,1.72,Mixed,timer_il2_menten,0,0.05
40.437764264375986,1.73,Mixed,timer_il2_menten,0,0.05
41.223543713202616,1.74,Mixed,timer_il2_menten,0,0.05
42.021633046801924,1.75,Mixed,timer_il2_menten,0,0.05
42.832217745833134,1.76,Mixed,timer_il2_menten,0,0.05
43.655486416574306,1.77,Mixed,timer_il2_menten,0,0.05
44.491630866130734,1.78,Mixed,timer_il2_menten,0,0.05
45.340846146469396,1.79,Mixed,timer_il2_menten,0,0.05
46.20333065511059,1.8,Mixed,timer_il2_menten,0,0.05
47.07928617559456,1.81,Mixed,timer_il2_menten,0,0.05
47.96891784953386,1.82,Mixed,timer_il2_menten,0,0.05
48.87243426093998,1.83,Mixed,timer_il2_menten,0,0.05
49.790047482090955,1.84,Mixed,timer_il2_menten,0,0.05
50.72197313690059,1.85,Mixed,timer_il2_menten,0,0.05
51.66843057521227,1.86,Mixed,timer_il2_menten,0,0.05
52.62964275726822,1.87,Mixed,timer_il2_menten,0,0.05
53.60583633029301,1.8800000000000001,Mixed,timer_il2_menten,0,0.05
54.597241696990906,1.8900000000000001,Mixed,timer_il2_menten,0,0.05
55.60409306493254,1.9000000000000001,Mixed,timer_il2_menten,0,0.05
56.626628577826075,1.9100000000000001,Mixed,timer_il2_menten,0,0.05
57.66509038378926,1.92,Mixed,timer_il2_menten,0,0.05
58.71972455075082,1.93,Mixed,timer_il2_menten,0,0.05
59.79078118588238,1.94,Mixed,timer_il2_menten,0,0.05
60.87851448893499,1.95,Mixed,timer_il2_menten,0,0.05
61.98318282074787,1.96,Mixed,timer_il2_menten,0,0.05
63.10504890493647,1.97,Mixed,timer_il2_menten,0,0.05
64.24437970770227,1.98,Mixed,timer_il2_menten,0,0.05
65.4014465129631,1.99,Mixed,timer_il2_menten,0,0.05
66.57652500524598,2.0,Mixed,timer_il2_menten,0,0.05
67.76989532671976,2.0100000000000002,Mixed,timer_il2_menten,0,0.05
68.98184222096106,2.02,Mixed,timer_il2_menten,0,0.05
70.21265513852083,2.0300000000000002,Mixed,timer_il2_menten,0,0.05
71.46262811485278,2.04,Mixed,timer_il2_menten,0,0.05
72.73205991435196,2.05,Mixed,timer_il2_menten,0,0.05
74.02125409298091,2.06,Mixed,timer_il2_menten,0,0.05
75.33051909590608,2.07,Mixed,timer_il2_menten,0,0.05
76.66016838725193,2.08,Mixed,timer_il2_menten,0,0.05
78.01052051936472,2.09,Mixed,timer_il2_menten,0,0.05
79.3818990339627,2.1,Mixed,timer_il2_menten,0,0.05
80.7746326258489,2.11,Mixed,timer_il2_menten,0,0.05
82.18905520674215,2.12,Mixed,timer_il2_menten,0,0.05
83.62550606396059,2.13,Mixed,timer_il2_menten,0,0.05
85.08433000686105,2.14,Mixed,timer_il2_menten,0,0.05
86.56587719481126,2.15,Mixed,timer_il2_menten,0,0.05
88.07050332036492,2.16,Mixed,timer_il2_menten,0,0.05
89.59856968864395,2.17,Mixed,timer_il2_menten,0,0.05
91.15044329486432,2.18,Mixed,timer_il2_menten,0,0.05
92.72649690321111,2.19,Mixed,timer_il2_menten,0,0.05
94.32710919980724,2.2,Mixed,timer_il2_menten,0,0.05
95.95266490637087,2.21,Mixed,timer_il2_menten,0,0.05
97.60355471858666,2.22,Mixed,timer_il2_menten,0,0.05
99.28017546661687,2.23,Mixed,timer_il2_menten,0,0.05
100.98293020706237,2.24,Mixed,timer_il2_menten,0,0.05
102.71222831568569,2.25,Mixed,timer_il2_menten,0,0.05
104.46848558181873,2.2600000000000002,Mixed,timer_il2_menten,0,0.05
106.2521241921819,2.27,Mixed,timer_il2_menten,0,0.05
108.06357281897667,2.2800000000000002,Mixed,timer_il2_menten,0,0.05
109.90326688871313,2.29,Mixed,timer_il2_menten,0,0.05
111.77164858555861,2.3000000000000003,Mixed,timer_il2_menten,0,0.05
113.66916694659791,2.31,Mixed,timer_il2_menten,0,0.05
115.59627795860212,2.32,Mixed,timer_il2_menten,0,0.05
117.55344465603144,2.33,Mixed,timer_il2_menten,0,0.05
119.5411371918841,2.34,Mixed,timer_il2_menten,0,0.05
121.55983294432966,2.35,Mixed,timer_il2_menten,0,0.05
123.61001664932434,2.36,Mixed,timer_il2_menten,0,0.05
125.69218048358103,2.37,Mixed,timer_il2_menten,0,0.05
127.80682416713458,2.38,Mixed,timer_il2_menten,0,0.05
129.95445506704573,2.39,Mixed,timer_il2_menten,0,0.05
132.13558830233464,2.4,Mixed,timer_il2_menten,0,0.05
134.35074687847484,2.41,Mixed,timer_il2_menten,0,0.05
136.60046178154727,2.42,Mixed,timer_il2_menten,0,0.05
138.88527206486143,2.43,Mixed,timer_il2_menten,0,0.05
141.20572497461131,2.44,Mixed,timer_il2_menten,0,0.05
143.5623760618716,2.45,Mixed,timer_il2_menten,0,0.05
145.95578929581922,2.46,Mixed,timer_il2_menten,0,0.05
148.38653717843124,2.47,Mixed,timer_il2_menten,0,0.05
150.85520088308778,2.48,Mixed,timer_il2_menten,0,0.05
153.36237035684616,2.49,Mixed,timer_il2_menten,0,0.05
155.90864442687717,2.5,Mixed,timer_il2_menten,0,0.05
158.49463093064054,2.5100000000000002,Mixed,timer_il2_menten,0,0.05
161.12094683755674,2.52,Mixed,timer_il2_menten,0,0.05
163.78821837197336,2.5300000000000002,Mixed,timer_il2_menten,0,0.05
166.49708113805283,2.54,Mixed,timer_il2_menten,0,0.05
169.24818027368156,2.5500000000000003,Mixed,timer_il2_menten,0,0.05
172.04217055498498,2.56,Mixed,timer_il2_menten,0,0.05
174.87971651557478,2.57,Mixed,timer_il2_menten,0,0.05
177.76149258721264,2.58,Mixed,timer_il2_menten,0,0.05
180.68818323180483,2.59,Mixed,timer_il2_menten,0,0.05
183.6604830747679,2.6,Mixed,timer_il2_menten,0,0.05
186.67909704086958,2.61,Mixed,timer_il2_menten,0,0.05
189.74474051923136,2.62,Mixed,timer_il2_menten,0,0.05
192.85813947243065,2.63,Mixed,timer_il2_menten,0,0.05
196.02003057126578,2.64,Mixed,timer_il2_menten,0,0.05
199.2311613447493,2.65,Mixed,timer_il2_menten,0,0.05
202.49229032264333,2.66,Mixed,timer_il2_menten,0,0.05
205.80418717941737,2.67,Mixed,timer_il2_menten,0,0.05
209.16763287962902,2.68,Mixed,timer_il2_menten,0,0.05
212.58341983460886,2.69,Mixed,timer_il2_menten,0,0.05
216.05235208091875,2.7,Mixed,timer_il2_menten,0,0.05
219.57524537619565,2.71,Mixed,timer_il2_menten,0,0.05
223.15292736952404,2.72,Mixed,timer_il2_menten,0,0.05
226.78623775809297,2.73,Mixed,timer_il2_menten,0,0.05
230.47602844235018,2.74,Mixed,timer_il2_menten,0,0.05
234.22316368264296,2.75,Mixed,timer_il2_menten,0,0.05
238.02852025735228,2.7600000000000002,Mixed,timer_il2_menten,0,0.05
241.8929876398551,2.77,Mixed,timer_il2_menten,0,0.05
245.81746815487568,2.7800000000000002,Mixed,timer_il2_menten,0,0.05
249.80287712167922,2.79,Mixed,timer_il2_menten,0,0.05
253.85014303072285,2.8000000000000003,Mixed,timer_il2_menten,0,0.05
257.96020770999326,2.81,Mixed,timer_il2_menten,0,0.05
262.1340264928791,2.82,Mixed,timer_il2_menten,0,0.05
266.3725683875749,2.83,Mixed,timer_il2_menten,0,0.05
270.6768162492166,2.84,Mixed,timer_il2_menten,0,0.05
275.0477669648868,2.85,Mixed,timer_il2_menten,0,0.05
279.48643161198294,2.86,Mixed,timer_il2_menten,0,0.05
283.99383563587253,2.87,Mixed,timer_il2_menten,0,0.05
288.57101902990223,2.88,Mixed,timer_il2_menten,0,0.05
293.21903651440596,2.89,Mixed,timer_il2_menten,0,0.05
297.9389577172649,2.9,Mixed,timer_il2_menten,0,0.05
302.73186735602593,2.91,Mixed,timer_il2_menten,0,0.05
307.5988654198946,2.92,Mixed,timer_il2_menten,0,0.05
312.5410673527363,2.93,Mixed,timer_il2_menten,0,0.05
317.55960424541416,2.94,Mixed,timer_il2_menten,0,0.05
322.6556230216405,2.95,Mixed,timer_il2_menten,0,0.05
327.83028662760523,2.96,Mixed,timer_il2_menten,0,0.05
333.08477422328724,2.97,Mixed,timer_il2_menten,0,0.05
338.4202813753095,2.98,Mixed,timer_il2_menten,0,0.05
343.8380202509885,2.99,Mixed,timer_il2_menten,0,0.05
349.3392197894185,3.0,Mixed,timer_il2_menten,0,0.05
354.92512591782014,3.0100000000000002,Mixed,timer_il2_menten,0,0.05
360.59700176140643,3.02,Mixed,timer_il2_menten,0,0.05
366.35612783280976,3.0300000000000002,Mixed,timer_il2_menten,0,0.05
372.203802233342,3.04,Mixed,timer_il2_menten,0,0.05
378.1413408557588,3.0500000000000003,Mixed,timer_il2_menten,0,0.05
384.17007758851753,3.06,Mixed,timer_il2_menten,0,0.05
390.2913645115708,3.0700000000000003,Mixed,timer_il2_menten,0,0.05
396.5065720534434,3.08,Mixed,timer_il2_menten,0,0.05
402.81708927639795,3.09,Mixed,timer_il2_menten,0,0.05
409.224324064909,3.1,Mixed,timer_il2_menten,0,0.05
415.7297033289522,3.11,Mixed,timer_il2_menten,0,0.05
422.33467321547846,3.12,Mixed,timer_il2_menten,0,0.05
429.0406993212822,3.13,Mixed,timer_il2_menten,0,0.05
435.84926690727843,3.14,Mixed,timer_il2_menten,0,0.05
442.7618810718599,3.15,Mixed,timer_il2_menten,0,0.05
449.7800669512166,3.16,Mixed,timer_il2_menten,0,0.05
456.90537001529697,3.17,Mixed,timer_il2_menten,0,0.05
464.1393562458686,3.18,Mixed,timer_il2_menten,0,0.05
471.48361235380446,3.19,Mixed,timer_il2_menten,0,0.05
478.9397459979124,3.2,Mixed,timer_il2_menten,0,0.05
486.50938600075085,3.21,Mixed,timer_il2_menten,0,0.05
494.1941825192399,3.22,Mixed,timer_il2_menten,0,0.05
501.9958073222499,3.23,Mixed,timer_il2_menten,0,0.05
509.91595400888883,3.24,Mixed,timer_il2_menten,0,0.05
517.9563382206346,3.25,Mixed,timer_il2_menten,0,0.05
526.1186978646457,3.2600000000000002,Mixed,timer_il2_menten,0,0.05
534.4047933380763,3.27,Mixed,timer_il2_menten,0,0.05
542.8164077077206,3.2800000000000002,Mixed,timer_il2_menten,0,0.05
551.3553468921668,3.29,Mixed,timer_il2_menten,0,0.05
560.0234400060386,3.3000000000000003,Mixed,timer_il2_menten,0,0.05
568.8225395319216,3.31,Mixed,timer_il2_menten,0,0.05
577.754521543311,3.3200000000000003,Mixed,timer_il2_menten,0,0.05
586.8212859299124,3.33,Mixed,timer_il2_menten,0,0.05
596.0247566181307,3.34,Mixed,timer_il2_menten,0,0.05
605.366881687733,3.35,Mixed,timer_il2_menten,0,0.05
614.8496337037086,3.36,Mixed,timer_il2_menten,0,0.05
624.4750099511049,3.37,Mixed,timer_il2_menten,0,0.05
634.2450326305982,3.38,Mixed,timer_il2_menten,0,0.05
644.1617490824547,3.39,Mixed,timer_il2_menten,0,0.05
654.2272320108336,3.4,Mixed,timer_il2_menten,0,0.05
664.443579653389,3.41,Mixed,timer_il2_menten,0,0.05
674.8129159126873,3.42,Mixed,timer_il2_menten,0,0.05
685.337390771408,3.43,Mixed,timer_il2_menten,0,0.05
696.0191804359395,3.44,Mixed,timer_il2_menten,0,0.05
706.8604875500832,3.45,Mixed,timer_il2_menten,0,0.05
717.8635414138737,3.46,Mixed,timer_il2_menten,0,0.05
729.0305981978613,3.47,Mixed,timer_il2_menten,0,0.05
740.3639409950633,3.48,Mixed,timer_il2_menten,0,0.05
751.8658801705257,3.49,Mixed,timer_il2_menten,0,0.05
763.5387536229828,3.5,Mixed,timer_il2_menten,0,0.05
775.3849269408395,3.5100000000000002,Mixed,timer_il2_menten,0,0.05
787.4067936115471,3.52,Mixed,timer_il2_menten,0,0.05
799.606775230321,3.5300000000000002,Mixed,timer_il2_menten,0,0.05
811.9873216461137,3.54,Mixed,timer_il2_menten,0,0.05
824.550911003391,3.5500000000000003,Mixed,timer_il2_menten,0,0.05
837.3000502317873,3.56,Mixed,timer_il2_menten,0,0.05
850.2372751440053,3.5700000000000003,Mixed,timer_il2_menten,0,0.05
863.3651506181386,3.58,Mixed,timer_il2_menten,0,0.05
876.6862707915059,3.59,Mixed,timer_il2_menten,0,0.05
890.2032592505591,3.6,Mixed,timer_il2_menten,0,0.05
903.9187689771925,3.61,Mixed,timer_il2_menten,0,0.05
917.8354826909758,3.62,Mixed,timer_il2_menten,0,0.05
931.9561131639375,3.63,Mixed,timer_il2_menten,0,0.05
946.2834032917954,3.64,Mixed,timer_il2_menten,0,0.05
960.8201262675798,3.65,Mixed,timer_il2_menten,0,0.05
975.5690857531839,3.66,Mixed,timer_il2_menten,0,0.05
990.5331160296025,3.67,Mixed,timer_il2_menten,0,0.05
1005.7150817840397,3.68,Mixed,timer_il2_menten,0,0.05
1021.1178786491463,3.69,Mixed,timer_il2_menten,0,0.05
1036.744433387881,3.7,Mixed,timer_il2_menten,0,0.05
1052.5977039397735,3.71,Mixed,timer_il2_menten,0,0.05
1068.6806795631,3.72,Mixed,timer_il2_menten,0,0.05
1084.996380973936,3.73,Mixed,timer_il2_menten,0,0.05
1101.547860428509,3.74,Mixed,timer_il2_menten,0,0.05
1118.3382014375884,3.75,Mixed,timer_il2_menten,0,0.05
1135.3705194273691,3.7600000000000002,Mixed,timer_il2_menten,0,0.05
1152.6479617586747,3.77,Mixed,timer_il2_menten,0,0.05
1170.173707764711,3.7800000000000002,Mixed,timer_il2_menten,0,0.05
1187.9509688526477,3.79,Mixed,timer_il2_menten,0,0.05
1205.9829886009718,3.8000000000000003,Mixed,timer_il2_menten,0,0.05
1224.273042726622,3.81,Mixed,timer_il2_menten,0,0.05
1242.8244387295858,3.8200000000000003,Mixed,timer_il2_menten,0,0.05
1261.6405166885838,3.83,Mixed,timer_il2_menten,0,0.05
1280.7246490978573,3.84,Mixed,timer_il2_menten,0,0.05
1300.080240877565,3.85,Mixed,timer_il2_menten,0,0.05
1319.710729422319,3.86,Mixed,timer_il2_menten,0,0.05
1339.619584644095,3.87,Mixed,timer_il2_menten,0,0.05
1359.8103087828213,3.88,Mixed,timer_il2_menten,0,0.05
1380.2864361122306,3.89,Mixed,timer_il2_menten,0,0.05
1401.0515336985554,3.9,Mixed,timer_il2_menten,0,0.05
1422.1092010946295,3.91,Mixed,timer_il2_menten,0,0.05
1443.4630703130633,3.92,Mixed,timer_il2_menten,0,0.05
1465.1168058096548,3.93,Mixed,timer_il2_menten,0,0.05
1487.074104459639,3.94,Mixed,timer_il2_menten,0,0.05
1509.338695142745,3.95,Mixed,timer_il2_menten,0,0.05
1531.9143386172832,3.96,Mixed,timer_il2_menten,0,0.05
1554.8048281203485,3.97,Mixed,timer_il2_menten,0,0.05
1578.0139889563086,3.98,Mixed,timer_il2_menten,0,0.05
1601.5456784078879,3.99,Mixed,timer_il2_menten,0,0.05
1625.4037856403927,4.0,Mixed,timer_il2_menten,0,0.05
1649.5922315937528,4.01,Mixed,timer_il2_menten,0,0.05
1674.1149682428356,4.0200000000000005,Mixed,timer_il2_menten,0,0.05
1698.9759787942478,4.03,Mixed,timer_il2_menten,0,0.05
1724.1792779731354,4.04,Mixed,timer_il2_menten,0,0.05
1749.7289115492395,4.05,Mixed,timer_il2_menten,0,0.05
1775.6289561553572,4.0600000000000005,Mixed,timer_il2_menten,0,0.05
1801.8835190949394,4.07,Mixed,timer_il2_menten,0,0.05
1828.4967381096865,4.08,Mixed,timer_il2_menten,0,0.05
1855.4727804084723,4.09,Mixed,timer_il2_menten,0,0.05
1882.8158431380086,4.1,Mixed,timer_il2_menten,0,0.05
1910.5301532562798,4.11,Mixed,timer_il2_menten,0,0.05
1938.6199670334217,4.12,Mixed,timer_il2_menten,0,0.05
1967.0895697612164,4.13,Mixed,timer_il2_menten,0,0.05
1995.9432754497268,4.14,Mixed,timer_il2_menten,0,0.05
2025.1854264516246,4.15,Mixed,timer_il2_menten,0,0.05
2054.8203922466105,4.16,Mixed,timer_il2_menten,0,0.05
2084.8525700496984,4.17,Mixed,timer_il2_menten,0,0.05
2115.2863844230833,4.18,Mixed,timer_il2_menten,0,0.05
2146.1262866686884,4.19,Mixed,timer_il2_menten,0,0.05
2177.3767544099796,4.2,Mixed,timer_il2_menten,0,0.05
2209.0422911587107,4.21,Mixed,timer_il2_menten,0,0.05
2241.127425761112,4.22,Mixed,timer_il2_menten,0,0.05
2273.6367109428684,4.23,Mixed,timer_il2_menten,0,0.05
2306.5747240348965,4.24,Mixed,timer_il2_menten,0,0.05
2339.9460662874544,4.25,Mixed,timer_il2_menten,0,0.05
2373.755362140686,4.26,Mixed,timer_il2_menten,0,0.05
2408.0072586581337,4.2700000000000005,Mixed,timer_il2_menten,0,0.05
2442.706424942586,4.28,Mixed,timer_il2_menten,0,0.05
2477.857551392125,4.29,Mixed,timer_il2_menten,0,0.05
2513.465348196669,4.3,Mixed,timer_il2_menten,0,0.05
2549.534545904322,4.3100000000000005,Mixed,timer_il2_menten,0,0.05
2586.0698944675923,4.32,Mixed,timer_il2_menten,0,0.05
2623.076162407163,4.33,Mixed,timer_il2_menten,0,0.05
2660.558136082268,4.34,Mixed,timer_il2_menten,0,0.05
2698.520618941089,4.3500000000000005,Mixed,timer_il2_menten,0,0.05
2736.9684305530327,4.36,Mixed,timer_il2_menten,0,0.05
2775.906404991686,4.37,Mixed,timer_il2_menten,0,0.05
2815.339391290043,4.38,Mixed,timer_il2_menten,0,0.05
2855.272252209853,4.39,Mixed,timer_il2_menten,0,0.05
2895.70986326207,4.4,Mixed,timer_il2_menten,0,0.05
2936.6571117970625,4.41,Mixed,timer_il2_menten,0,0.05
2978.1188960724803,4.42,Mixed,timer_il2_menten,0,0.05
3020.1001240062524,4.43,Mixed,timer_il2_menten,0,0.05
3062.6057113874162,4.44,Mixed,timer_il2_menten,0,0.05
3105.6405822939196,4.45,Mixed,timer_il2_menten,0,0.05
3149.209667541136,4.46,Mixed,timer_il2_menten,0,0.05
3193.3179035266344,4.47,Mixed,timer_il2_menten,0,0.05
3237.9702311187903,4.48,Mixed,timer_il2_menten,0,0.05
3283.171594520363,4.49,Mixed,timer_il2_menten,0,0.05
3328.9269398396546,4.5,Mixed,timer_il2_menten,0,0.05
3375.24121343157,4.51,Mixed,timer_il2_menten,0,0.05
3422.119361664822,4.5200000000000005,Mixed,timer_il2_menten,0,0.05
3469.566329269722,4.53,Mixed,timer_il2_menten,0,0.05
3517.5870580169358,4.54,Mixed,timer_il2_menten,0,0.05
3566.1864853987163,4.55,Mixed,timer_il2_menten,0,0.05
3615.369543283257,4.5600000000000005,Mixed,timer_il2_menten,0,0.05
3665.141156244615,4.57,Mixed,timer_il2_menten,0,0.05
3715.506239863525,4.58,Mixed,timer_il2_menten,0,0.05
3766.4697001096997,4.59,Mixed,timer_il2_menten,0,0.05
3818.0364315046772,4.6000000000000005,Mixed,timer_il2_menten,0,0.05
3870.211315601581,4.61,Mixed,timer_il2_menten,0,0.05
3922.9992194493007,4.62,Mixed,timer_il2_menten,0,0.05
3976.404994028056,4.63,Mixed,timer_il2_menten,0,0.05
4030.4334722624776,4.64,Mixed,timer_il2_menten,0,0.05
4085.0894672349446,4.65,Mixed,timer_il2_menten,0,0.05
4140.3777713046975,4.66,Mixed,timer_il2_menten,0,0.05
4196.303154021181,4.67,Mixed,timer_il2_menten,0,0.05
4252.870360382771,4.68,Mixed,timer_il2_menten,0,0.05
4310.084109069727,4.69,Mixed,timer_il2_menten,0,0.05
4367.949090646722,4.7,Mixed,timer_il2_menten,0,0.05
4426.469967579092,4.71,Mixed,timer_il2_menten,0,0.05
4485.651363650023,4.72,Mixed,timer_il2_menten,0,0.05
4545.497877858979,4.73,Mixed,timer_il2_menten,0,0.05
4606.014069212839,4.74,Mixed,timer_il2_menten,0,0.05
4667.204459389874,4.75,Mixed,timer_il2_menten,0,0.05
4729.073530653287,4.76,Mixed,timer_il2_menten,0,0.05
4791.625723764944,4.7700000000000005,Mixed,timer_il2_menten,0,0.05
4854.86543598157,4.78,Mixed,timer_il2_menten,0,0.05
4918.797018959446,4.79,Mixed,timer_il2_menten,0,0.05
4983.424776599682,4.8,Mixed,timer_il2_menten,0,0.05
5048.752963005374,4.8100000000000005,Mixed,timer_il2_menten,0,0.05
5114.785780090594,4.82,Mixed,timer_il2_menten,0,0.05
5181.527375025806,4.83,Mixed,timer_il2_menten,0,0.05
5248.981838980928,4.84,Mixed,timer_il2_menten,0,0.05
5317.153204690545,4.8500000000000005,Mixed,timer_il2_menten,0,0.05
5386.0454440866,4.86,Mixed,timer_il2_menten,0,0.05
5455.662464928651,4.87,Mixed,timer_il2_menten,0,0.05
5526.008110103487,4.88,Mixed,timer_il2_menten,0,0.05
5597.086155136352,4.89,Mixed,timer_il2_menten,0,0.05
5668.900305779235,4.9,Mixed,timer_il2_menten,0,0.05
5741.454193729263,4.91,Mixed,timer_il2_menten,0,0.05
5814.751375967742,4.92,Mixed,timer_il2_menten,0,0.05
5888.795332804709,4.93,Mixed,timer_il2_menten,0,0.05
5963.589465129457,4.94,Mixed,timer_il2_menten,0,0.05
6039.137090677452,4.95,Mixed,timer_il2_menten,0,0.05
6115.441441786413,4.96,Mixed,timer_il2_menten,0,0.05
6192.5056643830485,4.97,Mixed,timer_il2_menten,0,0.05
6270.332814883467,4.98,Mixed,timer_il2_menten,0,0.05
6348.925857200697,4.99,Mixed,timer_il2_menten,0,0.05
6428.287659356222,5.0,Mixed,timer_il2_menten,0,0.05
6508.420992713746,5.01,Mixed,timer_il2_menten,0,0.05
6589.328528880549,5.0200000000000005,Mixed,timer_il2_menten,0,0.05
6671.012836965017,5.03,Mixed,timer_il2_menten,0,0.05
6753.476379765305,5.04,Mixed,timer_il2_menten,0,0.05
6836.7215126611845,5.05,Mixed,timer_il2_menten,0,0.05
6920.750480788377,5.0600000000000005,Mixed,timer_il2_menten,0,0.05
7005.5654162155715,5.07,Mixed,timer_il2_menten,0,0.05
7091.168334639675,5.08,Mixed,timer_il2_menten,0,0.05
7177.561133580322,5.09,Mixed,timer_il2_menten,0,0.05
7264.745589619257,5.1000000000000005,Mixed,timer_il2_menten,0,0.05
7352.723355616979,5.11,Mixed,timer_il2_menten,0,0.05
7441.495957536949,5.12,Mixed,timer_il2_menten,0,0.05
7531.064792411595,5.13,Mixed,timer_il2_menten,0,0.05
7621.431125578996,5.14,Mixed,timer_il2_menten,0,0.05
7712.596087920516,5.15,Mixed,timer_il2_menten,0,0.05
7804.560672882536,5.16,Mixed,timer_il2_menten,0,0.05
7897.325734163859,5.17,Mixed,timer_il2_menten,0,0.05
7990.891982976809,5.18,Mixed,timer_il2_menten,0,0.05
8085.259985339451,5.19,Mixed,timer_il2_menten,0,0.05
8180.43015938451,5.2,Mixed,timer_il2_menten,0,0.05
8276.402772703037,5.21,Mixed,timer_il2_menten,0,0.05
8373.177939665722,5.22,Mixed,timer_il2_menten,0,0.05
8470.755618793395,5.23,Mixed,timer_il2_menten,0,0.05
8569.135610352225,5.24,Mixed,timer_il2_menten,0,0.05
8668.3175533932,5.25,Mixed,timer_il2_menten,0,0.05
8768.300923149343,5.26,Mixed,timer_il2_menten,0,0.05
8869.085028745158,5.2700000000000005,Mixed,timer_il2_menten,0,0.05
8970.669011991053,5.28,Mixed,timer_il2_menten,0,0.05
9073.051842096254,5.29,Mixed,timer_il2_menten,0,0.05
9176.23231382206,5.3,Mixed,timer_il2_menten,0,0.05
9280.209045049116,5.3100000000000005,Mixed,timer_il2_menten,0,0.05
9384.98047413226,5.32,Mixed,timer_il2_menten,0,0.05
9490.544857255503,5.33,Mixed,timer_il2_menten,0,0.05
9596.90026578692,5.34,Mixed,timer_il2_menten,0,0.05
9704.04458363355,5.3500000000000005,Mixed,timer_il2_menten,0,0.05
9811.975509338215,5.36,Mixed,timer_il2_menten,0,0.05
9920.690557600321,5.37,Mixed,timer_il2_menten,0,0.05
10030.187041586538,5.38,Mixed,timer_il2_menten,0,0.05
10140.462077342198,5.39,Mixed,timer_il2_menten,0,0.05
10251.51258152912,5.4,Mixed,timer_il2_menten,0,0.05
10363.335268862334,5.41,Mixed,timer_il2_menten,0,0.05
10475.926649546906,5.42,Mixed,timer_il2_menten,0,0.05
10589.28302671465,5.43,Mixed,timer_il2_menten,0,0.05
10703.400493870191,5.44,Mixed,timer_il2_menten,0,0.05
10818.274943455628,5.45,Mixed,timer_il2_menten,0,0.05
10933.90206025901,5.46,Mixed,timer_il2_menten,0,0.05
11050.277308076747,5.47,Mixed,timer_il2_menten,0,0.05
11167.395934058253,5.48,Mixed,timer_il2_menten,0,0.05
11285.252966427706,5.49,Mixed,timer_il2_menten,0,0.05
11403.843212205858,5.5,Mixed,timer_il2_menten,0,0.05
11523.161255049725,5.51,Mixed,timer_il2_menten,0,0.05
11643.201453096677,5.5200000000000005,Mixed,timer_il2_menten,0,0.05
11763.957936346154,5.53,Mixed,timer_il2_menten,0,0.05
11885.42460453324,5.54,Mixed,timer_il2_menten,0,0.05
12007.595124861411,5.55,Mixed,timer_il2_menten,0,0.05
12130.462929729485,5.5600000000000005,Mixed,timer_il2_menten,0,0.05
12254.021215764038,5.57,Mixed,timer_il2_menten,0,0.05
12378.26294726797,5.58,Mixed,timer_il2_menten,0,0.05
12503.180846034473,5.59,Mixed,timer_il2_menten,0,0.05
12628.767391343492,5.6000000000000005,Mixed,timer_il2_menten,0,0.05
12755.014818465024,5.61,Mixed,timer_il2_menten,0,0.05
12881.91511620126,5.62,Mixed,timer_il2_menten,0,0.05
13009.460022395237,5.63,Mixed,timer_il2_menten,0,0.05
13137.641024914028,5.64,Mixed,timer_il2_menten,0,0.05
13266.44935889797,5.65,Mixed,timer_il2_menten,0,0.05
13395.876004313468,5.66,Mixed,timer_il2_menten,0,0.05
13525.911683520577,5.67,Mixed,timer_il2_menten,0,0.05
13656.546856649487,5.68,Mixed,timer_il2_menten,0,0.05
13787.771722262238,5.69,Mixed,timer_il2_menten,0,0.05
13919.576214784316,5.7,Mixed,timer_il2_menten,0,0.05
14051.950001893621,5.71,Mixed,timer_il2_menten,0,0.05
14184.88248162065,5.72,Mixed,timer_il2_menten,0,0.05
14318.362771707096,5.73,Mixed,timer_il2_menten,0,0.05
14452.379715920102,5.74,Mixed,timer_il2_menten,0,0.05
14586.921881409242,5.75,Mixed,timer_il2_menten,0,0.05
14721.977554597657,5.76,Mixed,timer_il2_menten,0,0.05
14857.534737856316,5.7700000000000005,Mixed,timer_il2_menten,0,0.05
14993.58113137635,5.78,Mixed,timer_il2_menten,0,0.05
15130.104144587513,5.79,Mixed,timer_il2_menten,0,0.05
15267.090895016281,5.8,Mixed,timer_il2_menten,0,0.05
15404.528201593253,5.8100000000000005,Mixed,timer_il2_menten,0,0.05
15542.40258082172,5.82,Mixed,timer_il2_menten,0,0.05
15680.700218446553,5.83,Mixed,timer_il2_menten,0,0.05
15819.406985475198,5.84,Mixed,timer_il2_menten,0,0.05
15958.50844144156,5.8500000000000005,Mixed,timer_il2_menten,0,0.05
16097.989823175656,5.86,Mixed,timer_il2_menten,0,0.05
16237.836040278384,5.87,Mixed,timer_il2_menten,0,0.05
16378.031633802631,5.88,Mixed,timer_il2_menten,0,0.05
16518.560794385765,5.89,Mixed,timer_il2_menten,0,0.05
16659.407375103205,5.9,Mixed,timer_il2_menten,0,0.05
16800.55487271856,5.91,Mixed,timer_il2_menten,0,0.05
16941.986422058013,5.92,Mixed,timer_il2_menten,0,0.05
17083.68473928251,5.93,Mixed,timer_il2_menten,0,0.05
17225.632136334774,5.94,Mixed,timer_il2_menten,0,0.05
17367.810551982384,5.95,Mixed,timer_il2_menten,0,0.05
17510.201521126168,5.96,Mixed,timer_il2_menten,0,0.05
17652.786167282007,5.97,Mixed,timer_il2_menten,0,0.05
17795.54512908789,5.98,Mixed,timer_il2_menten,0,0.05
17938.45856010528,5.99,Mixed,timer_il2_menten,0,0.05
18081.506191592223,6.0,Mixed,timer_il2_menten,0,0.05
18224.667283476614,6.01,Mixed,timer_il2_menten,0,0.05
18367.920613738082,6.0200000000000005,Mixed,timer_il2_menten,0,0.05
18511.2444018992,6.03,Mixed,timer_il2_menten,0,0.05
18654.616267805162,6.04,Mixed,timer_il2_menten,0,0.05
18798.013318619687,6.05,Mixed,timer_il2_menten,0,0.05
18941.41208720466,6.0600000000000005,Mixed,timer_il2_menten,0,0.05
19084.788491485626,6.07,Mixed,timer_il2_menten,0,0.05
19228.11776247512,6.08,Mixed,timer_il2_menten,0,0.05
19371.374509157737,6.09,Mixed,timer_il2_menten,0,0.05
19514.532670319884,6.1000000000000005,Mixed,timer_il2_menten,0,0.05
19657.56547202239,6.11,Mixed,timer_il2_menten,0,0.05
19800.44528100852,6.12,Mixed,timer_il2_menten,0,0.05
19943.14371842109,6.13,Mixed,timer_il2_menten,0,0.05
20085.63160949493,6.140000000000001,Mixed,timer_il2_menten,0,0.05
20227.878935611647,6.15,Mixed,timer_il2_menten,0,0.05
20369.85466499237,6.16,Mixed,timer_il2_menten,0,0.05
20511.5268263937,6.17,Mixed,timer_il2_menten,0,0.05
20652.862498897583,6.18,Mixed,timer_il2_menten,0,0.05
20793.827745645365,6.19,Mixed,timer_il2_menten,0,0.05
20934.387446463155,6.2,Mixed,timer_il2_menten,0,0.05
21074.505282744372,6.21,Mixed,timer_il2_menten,0,0.05
21214.143802178252,6.22,Mixed,timer_il2_menten,0,0.05
21353.264317048306,6.23,Mixed,timer_il2_menten,0,0.05
21491.82677346462,6.24,Mixed,timer_il2_menten,0,0.05
21629.789610603777,6.25,Mixed,timer_il2_menten,0,0.05
21767.10990529447,6.26,Mixed,timer_il2_menten,0,0.05
21903.74324024342,6.2700000000000005,Mixed,timer_il2_menten,0,0.05
22039.643606463636,6.28,Mixed,timer_il2_menten,0,0.05
22174.763199056903,6.29,Mixed,timer_il2_menten,0,0.05
22309.05255246391,6.3,Mixed,timer_il2_menten,0,0.05
22442.46042385402,6.3100000000000005,Mixed,timer_il2_menten,0,0.05
22574.933709614947,6.32,Mixed,timer_il2_menten,0,0.05
22706.417286459873,6.33,Mixed,timer_il2_menten,0,0.05
22836.854035226133,6.34,Mixed,timer_il2_menten,0,0.05
22966.18476782328,6.3500000000000005,Mixed,timer_il2_menten,0,0.05
23094.34814593289,6.36,Mixed,timer_il2_menten,0,0.05
23221.280684547128,6.37,Mixed,timer_il2_menten,0,0.05
23346.916645287325,6.38,Mixed,timer_il2_menten,0,0.05
23471.187942849105,6.390000000000001,Mixed,timer_il2_menten,0,0.05
23594.024101099265,6.4,Mixed,timer_il2_menten,0,0.05
23715.352386785482,6.41,Mixed,timer_il2_menten,0,0.05
23835.097870760655,6.42,Mixed,timer_il2_menten,0,0.05
23953.183137752705,6.43,Mixed,timer_il2_menten,0,0.05
24069.528459826914,6.44,Mixed,timer_il2_menten,0,0.05
24184.05205699423,6.45,Mixed,timer_il2_menten,0,0.05
24296.669765781437,6.46,Mixed,timer_il2_menten,0,0.05
24407.295200269735,6.47,Mixed,timer_il2_menten,0,0.05
24515.84037874555,6.48,Mixed,timer_il2_menten,0,0.05
24622.215477036414,6.49,Mixed,timer_il2_menten,0,0.05
24726.329054425638,6.5,Mixed,timer_il2_menten,0,0.05
24828.08842401427,6.51,Mixed,timer_il2_menten,0,0.05
24927.39962051744,6.5200000000000005,Mixed,timer_il2_menten,0,0.05
25024.16820384287,6.53,Mixed,timer_il2_menten,0,0.05
25118.299329997717,6.54,Mixed,timer_il2_menten,0,0.05
25209.698056739406,6.55,Mixed,timer_il2_menten,0,0.05
25298.27028089661,6.5600000000000005,Mixed,timer_il2_menten,0,0.05
25383.922625267547,6.57,Mixed,timer_il2_menten,0,0.05
25466.56343515523,6.58,Mixed,timer_il2_menten,0,0.05
25546.103298381197,6.59,Mixed,timer_il2_menten,0,0.05
25622.455337610172,6.6000000000000005,Mixed,timer_il2_menten,0,0.05
25695.536419234704,6.61,Mixed,timer_il2_menten,0,0.05
25765.267346120097,6.62,Mixed,timer_il2_menten,0,0.05
25831.573711675177,6.63,Mixed,timer_il2_menten,0,0.05
25894.38676308497,6.640000000000001,Mixed,timer_il2_menten,0,0.05
25953.64380032432,6.65,Mixed,timer_il2_menten,0,0.05
26009.289025617672,6.66,Mixed,timer_il2_menten,0,0.05
26061.274184634363,6.67,Mixed,timer_il2_menten,0,0.05
26109.559123172796,6.68,Mixed,timer_il2_menten,0,0.05
26154.112194927737,6.69,Mixed,timer_il2_menten,0,0.05
26194.91113507029,6.7,Mixed,timer_il2_menten,0,0.05
26231.94292430536,6.71,Mixed,timer_il2_menten,0,0.05
26265.2043965146,6.72,Mixed,timer_il2_menten,0,0.05
26294.702777223327,6.73,Mixed,timer_il2_menten,0,0.05
26320.454865413725,6.74,Mixed,timer_il2_menten,0,0.05
26342.48775839551,6.75,Mixed,timer_il2_menten,0,0.05
26360.838405492086,6.76,Mixed,timer_il2_menten,0,0.05
26375.55375534836,6.7700000000000005,Mixed,timer_il2_menten,0,0.05
26386.689842634718,6.78,Mixed,timer_il2_menten,0,0.05
26394.31181901019,6.79,Mixed,timer_il2_menten,0,0.05
26398.4930690447,6.8,Mixed,timer_il2_menten,0,0.05
26399.314854662025,6.8100000000000005,Mixed,timer_il2_menten,0,0.05
26396.865427551165,6.82,Mixed,timer_il2_menten,0,0.05
26391.239386791465,6.83,Mixed,timer_il2_menten,0,0.05
26382.536860349377,6.84,Mixed,timer_il2_menten,0,0.05
26370.86265391314,6.8500000000000005,Mixed,timer_il2_menten,0,0.05
26356.325498108814,6.86,Mixed,timer_il2_menten,0,0.05
26339.03712497423,6.87,Mixed,timer_il2_menten,0,0.05
26319.111547666085,6.88,Mixed,timer_il2_menten,0,0.05
26296.66420928519,6.890000000000001,Mixed,timer_il2_menten,0,0.05
26271.81125213117,6.9,Mixed,timer_il2_menten,0,0.05
26244.66885576769,6.91,Mixed,timer_il2_menten,0,0.05
26215.35250246329,6.92,Mixed,timer_il2_menten,0,0.05
26183.97655503632,6.93,Mixed,timer_il2_menten,0,0.05
26150.653291348535,6.94,Mixed,timer_il2_menten,0,0.05
26115.493023078783,6.95,Mixed,timer_il2_menten,0,0.05
26078.60334167644,6.96,Mixed,timer_il2_menten,0,0.05
26040.088583613273,6.97,Mixed,timer_il2_menten,0,0.05
26000.050208789926,6.98,Mixed,timer_il2_menten,0,0.05
25958.585734808654,6.99,Mixed,timer_il2_menten,0,0.05
25915.789147552052,7.0,Mixed,timer_il2_menten,0,0.05
25871.750668127446,7.01,Mixed,timer_il2_menten,0,0.05
25826.55627909782,7.0200000000000005,Mixed,timer_il2_menten,0,0.05
25780.288354815573,7.03,Mixed,timer_il2_menten,0,0.05
25733.025025649178,7.04,Mixed,timer_il2_menten,0,0.05
25684.840488923048,7.05,Mixed,timer_il2_menten,0,0.05
25635.80517721424,7.0600000000000005,Mixed,timer_il2_menten,0,0.05
25585.985449330346,7.07,Mixed,timer_il2_menten,0,0.05
25535.444112382123,7.08,Mixed,timer_il2_menten,0,0.05
25484.240238992286,7.09,Mixed,timer_il2_menten,0,0.05
25432.42934416375,7.1000000000000005,Mixed,timer_il2_menten,0,0.05
25380.063663084125,7.11,Mixed,timer_il2_menten,0,0.05
25327.192067554162,7.12,Mixed,timer_il2_menten,0,0.05
25273.86038025451,7.13,Mixed,timer_il2_menten,0,0.05
25220.11144781753,7.140000000000001,Mixed,timer_il2_menten,0,0.05
25165.98527123051,7.15,Mixed,timer_il2_menten,0,0.05
25111.519209415317,7.16,Mixed,timer_il2_menten,0,0.05
25056.748074300012,7.17,Mixed,timer_il2_menten,0,0.05
25001.70428683974,7.18,Mixed,timer_il2_menten,0,0.05
24946.418021756363,7.19,Mixed,timer_il2_menten,0,0.05
24890.917341839464,7.2,Mixed,timer_il2_menten,0,0.05
24835.22830048431,7.21,Mixed,timer_il2_menten,0,0.05
24779.375109727953,7.22,Mixed,timer_il2_menten,0,0.05
24723.380221915704,7.23,Mixed,timer_il2_menten,0,0.05
24667.26444807362,7.24,Mixed,timer_il2_menten,0,0.05
24611.047101717755,7.25,Mixed,timer_il2_menten,0,0.05
24554.74603392211,7.26,Mixed,timer_il2_menten,0,0.05
24498.37779586883,7.2700000000000005,Mixed,timer_il2_menten,0,0.05
24441.95769954512,7.28,Mixed,timer_il2_menten,0,0.05
24385.49988285159,7.29,Mixed,timer_il2_menten,0,0.05
24329.01744872787,7.3,Mixed,timer_il2_menten,0,0.05
24272.522458972322,7.3100000000000005,Mixed,timer_il2_menten,0,0.05
24216.0260818002,7.32,Mixed,timer_il2_menten,0,0.05
24159.53867087073,7.33,Mixed,timer_il2_menten,0,0.05
24103.06970797651,7.34,Mixed,timer_il2_menten,0,0.05
24046.6279566585,7.3500000000000005,Mixed,timer_il2_menten,0,0.05
23990.22154284667,7.36,Mixed,timer_il2_menten,0,0.05
23933.857904255066,7.37,Mixed,timer_il2_menten,0,0.05
23877.54390023304,7.38,Mixed,timer_il2_menten,0,0.05
23821.285889637278,7.390000000000001,Mixed,timer_il2_menten,0,0.05
23765.089686041978,7.4,Mixed,timer_il2_menten,0,0.05
23708.960636226635,7.41,Mixed,timer_il2_menten,0,0.05
23652.903695583133,7.42,Mixed,timer_il2_menten,0,0.05
23596.92339168713,7.43,Mixed,timer_il2_menten,0,0.05
23541.023875520048,7.44,Mixed,timer_il2_menten,0,0.05
23485.208989553495,7.45,Mixed,timer_il2_menten,0,0.05
23429.482251628586,7.46,Mixed,timer_il2_menten,0,0.05
23373.846862196173,7.47,Mixed,timer_il2_menten,0,0.05
23318.305790728595,7.48,Mixed,timer_il2_menten,0,0.05
23262.86174704071,7.49,Mixed,timer_il2_menten,0,0.05
23207.517196067136,7.5,Mixed,timer_il2_menten,0,0.05
23152.274408228746,7.51,Mixed,timer_il2_menten,0,0.05
23097.135460443416,7.5200000000000005,Mixed,timer_il2_menten,0,0.05
23042.102249999887,7.53,Mixed,timer_il2_menten,0,0.05
22987.176499155947,7.54,Mixed,timer_il2_menten,0,0.05
22932.359758752886,7.55,Mixed,timer_il2_menten,0,0.05
22877.653444235028,7.5600000000000005,Mixed,timer_il2_menten,0,0.05
22823.058876771804,7.57,Mixed,timer_il2_menten,0,0.05
22768.57722865674,7.58,Mixed,timer_il2_menten,0,0.05
22714.209552791952,7.59,Mixed,timer_il2_menten,0,0.05
22659.956815201956,7.6000000000000005,Mixed,timer_il2_menten,0,0.05
22605.8198852922,7.61,Mixed,timer_il2_menten,0,0.05
22551.79953826061,7.62,Mixed,timer_il2_menten,0,0.05
22497.89646789708,7.63,Mixed,timer_il2_menten,0,0.05
22444.11129888158,7.640000000000001,Mixed,timer_il2_menten,0,0.05
22390.444582748518,7.65,Mixed,timer_il2_menten,0,0.05
22336.89680529032,7.66,Mixed,timer_il2_menten,0,0.05
22283.468396328637,7.67,Mixed,timer_il2_menten,0,0.05
22230.159731671458,7.68,Mixed,timer_il2_menten,0,0.05
22176.971134633968,7.69,Mixed,timer_il2_menten,0,0.05
22123.90288156435,7.7,Mixed,timer_il2_menten,0,0.05
22070.955209264015,7.71,Mixed,timer_il2_menten,0,0.05
22018.128313100977,7.72,Mixed,timer_il2_menten,0,0.05
21965.422350824432,7.73,Mixed,timer_il2_menten,0,0.05
21912.83744889735,7.74,Mixed,timer_il2_menten,0,0.05
21860.37370346628,7.75,Mixed,timer_il2_menten,0,0.05
21808.031179561527,7.76,Mixed,timer_il2_menten,0,0.05
21755.809914379184,7.7700000000000005,Mixed,timer_il2_menten,0,0.05
21703.709918763292,7.78,Mixed,timer_il2_menten,0,0.05
21651.731182117932,7.79,Mixed,timer_il2_menten,0,0.05
21599.873678136297,7.8,Mixed,timer_il2_menten,0,0.05
21548.1373584706,7.8100000000000005,Mixed,timer_il2_menten,0,0.05
21496.52215827343,7.82,Mixed,timer_il2_menten,0,0.05
21445.027998705693,7.83,Mixed,timer_il2_menten,0,0.05
21393.654786589977,7.84,Mixed,timer_il2_menten,0,0.05
21342.4024034931,7.8500000000000005,Mixed,timer_il2_menten,0,0.05
21291.270723963047,7.86,Mixed,timer_il2_menten,0,0.05
21240.259613156857,7.87,Mixed,timer_il2_menten,0,0.05
21189.368927545693,7.88,Mixed,timer_il2_menten,0,0.05
21138.598516077443,7.890000000000001,Mixed,timer_il2_menten,0,0.05
21087.94820848893,7.9,Mixed,timer_il2_menten,0,0.05
21037.417827653786,7.91,Mixed,timer_il2_menten,0,0.05
20987.007191602435,7.92,Mixed,timer_il2_menten,0,0.05
20936.716111816866,7.930000000000001,Mixed,timer_il2_menten,0,0.05
20886.54439415253,7.94,Mixed,timer_il2_menten,0,0.05
20836.491836244764,7.95,Mixed,timer_il2_menten,0,0.05
20786.558228916274,7.96,Mixed,timer_il2_menten,0,0.05
20736.743359491542,7.97,Mixed,timer_il2_menten,0,0.05
20687.047010792467,7.98,Mixed,timer_il2_menten,0,0.05
20637.468961652354,7.99,Mixed,timer_il2_menten,0,0.05
20588.008986727313,8.0,Mixed,timer_il2_menten,0,0.05
20538.666855990465,8.01,Mixed,timer_il2_menten,0,0.05
20489.4423368926,8.02,Mixed,timer_il2_menten,0,0.05
20440.335194010797,8.03,Mixed,timer_il2_menten,0,0.05
20391.345189360523,8.040000000000001,Mixed,timer_il2_menten,0,0.05
20342.47208253803,8.05,Mixed,timer_il2_menten,0,0.05
20293.715630045408,8.06,Mixed,timer_il2_menten,0,0.05
20245.075586715277,8.07,Mixed,timer_il2_menten,0,0.05
20196.551705672435,8.08,Mixed,timer_il2_menten,0,0.05
20148.143738469116,8.09,Mixed,timer_il2_menten,0,0.05
20099.851435273136,8.1,Mixed,timer_il2_menten,0,0.05
20051.674544413836,8.11,Mixed,timer_il2_menten,0,0.05
20003.6128130657,8.120000000000001,Mixed,timer_il2_menten,0,0.05
19955.665987503722,8.13,Mixed,timer_il2_menten,0,0.05
19907.833813107278,8.14,Mixed,timer_il2_menten,0,0.05
19860.11603451011,8.15,Mixed,timer_il2_menten,0,0.05
19812.51239535459,8.16,Mixed,timer_il2_menten,0,0.05
19765.022638506507,8.17,Mixed,timer_il2_menten,0,0.05
19717.646506512217,8.18,Mixed,timer_il2_menten,0,0.05
19670.38374150299,8.19,Mixed,timer_il2_menten,0,0.05
19623.234085295448,8.2,Mixed,timer_il2_menten,0,0.05
19576.197279490298,8.21,Mixed,timer_il2_menten,0,0.05
19529.273065460384,8.22,Mixed,timer_il2_menten,0,0.05
19482.46118397054,8.23,Mixed,timer_il2_menten,0,0.05
19435.76137585491,8.24,Mixed,timer_il2_menten,0,0.05
19389.17338187756,8.25,Mixed,timer_il2_menten,0,0.05
19342.696942703864,8.26,Mixed,timer_il2_menten,0,0.05
19296.331798897427,8.27,Mixed,timer_il2_menten,0,0.05
19250.077690905244,8.28,Mixed,timer_il2_menten,0,0.05
19203.93435988262,8.290000000000001,Mixed,timer_il2_menten,0,0.05
19157.901547287813,8.3,Mixed,timer_il2_menten,0,0.05
19111.97899437857,8.31,Mixed,timer_il2_menten,0,0.05
19066.166442551174,8.32,Mixed,timer_il2_menten,0,0.05
19020.463633323667,8.33,Mixed,timer_il2_menten,0,0.05
18974.870308302052,8.34,Mixed,timer_il2_menten,0,0.05
18929.38620941747,8.35,Mixed,timer_il2_menten,0,0.05
18884.011079764172,8.36,Mixed,timer_il2_menten,0,0.05
18838.744662262237,8.370000000000001,Mixed,timer_il2_menten,0,0.05
18793.586700079548,8.38,Mixed,timer_il2_menten,0,0.05
18748.536936688502,8.39,Mixed,timer_il2_menten,0,0.05
18703.59511585052,8.4,Mixed,timer_il2_menten,0,0.05
18658.760981603653,8.41,Mixed,timer_il2_menten,0,0.05
18614.034278828192,8.42,Mixed,timer_il2_menten,0,0.05
18569.4147528585,8.43,Mixed,timer_il2_menten,0,0.05
18524.902149269743,8.44,Mixed,timer_il2_menten,0,0.05
18480.496214073868,8.45,Mixed,timer_il2_menten,0,0.05
18436.19669372473,8.46,Mixed,timer_il2_menten,0,0.05
18392.003335120946,8.47,Mixed,timer_il2_menten,0,0.05
18347.91588564554,8.48,Mixed,timer_il2_menten,0,0.05
18303.93409325126,8.49,Mixed,timer_il2_menten,0,0.05
18260.05770632184,8.5,Mixed,timer_il2_menten,0,0.05
18216.286473728596,8.51,Mixed,timer_il2_menten,0,0.05
18172.620144839093,8.52,Mixed,timer_il2_menten,0,0.05
18129.058469520143,8.53,Mixed,timer_il2_menten,0,0.05
18085.601198141525,8.540000000000001,Mixed,timer_il2_menten,0,0.05
18042.248081627684,8.55,Mixed,timer_il2_menten,0,0.05
17998.998871420263,8.56,Mixed,timer_il2_menten,0,0.05
17955.8533194713,8.57,Mixed,timer_il2_menten,0,0.05
17912.811178258788,8.58,Mixed,timer_il2_menten,0,0.05
17869.8722007885,8.59,Mixed,timer_il2_menten,0,0.05
17827.036140595224,8.6,Mixed,timer_il2_menten,0,0.05
17784.302751755313,8.61,Mixed,timer_il2_menten,0,0.05
17741.671788904714,8.620000000000001,Mixed,timer_il2_menten,0,0.05
17699.1430072054,8.63,Mixed,timer_il2_menten,0,0.05
17656.716162360437,8.64,Mixed,timer_il2_menten,0,0.05
17614.391010615593,8.65,Mixed,timer_il2_menten,0,0.05
17572.167308759756,8.66,Mixed,timer_il2_menten,0,0.05
17530.044814126137,8.67,Mixed,timer_il2_menten,0,0.05
17488.023284610597,8.68,Mixed,timer_il2_menten,0,0.05
17446.10247865494,8.69,Mixed,timer_il2_menten,0,0.05
17404.28215524637,8.700000000000001,Mixed,timer_il2_menten,0,0.05
17362.562073921643,8.71,Mixed,timer_il2_menten,0,0.05
17320.94199476703,8.72,Mixed,timer_il2_menten,0,0.05
17279.42167841803,8.73,Mixed,timer_il2_menten,0,0.05
17238.00088606596,8.74,Mixed,timer_il2_menten,0,0.05
17196.679379462104,8.75,Mixed,timer_il2_menten,0,0.05
17155.45692090121,8.76,Mixed,timer_il2_menten,0,0.05
17114.33327322833,8.77,Mixed,timer_il2_menten,0,0.05
17073.30819983817,8.78,Mixed,timer_il2_menten,0,0.05
17032.38146467405,8.790000000000001,Mixed,timer_il2_menten,0,0.05
16991.5528322266,8.8,Mixed,timer_il2_menten,0,0.05
16950.822067532416,8.81,Mixed,timer_il2_menten,0,0.05
16910.188936198574,8.82,Mixed,timer_il2_menten,0,0.05
16869.653204384886,8.83,Mixed,timer_il2_menten,0,0.05
16829.21463878913,8.84,Mixed,timer_il2_menten,0,0.05
16788.873006657144,8.85,Mixed,timer_il2_menten,0,0.05
16748.628075781908,8.86,Mixed,timer_il2_menten,0,0.05
16708.47961450249,8.870000000000001,Mixed,timer_il2_menten,0,0.05
16668.427391702888,8.88,Mixed,timer_il2_menten,0,0.05
16628.47117681191,8.89,Mixed,timer_il2_menten,0,0.05
16588.610739814183,8.9,Mixed,timer_il2_menten,0,0.05
16548.845851234433,8.91,Mixed,timer_il2_menten,0,0.05
16509.17628213813,8.92,Mixed,timer_il2_menten,0,0.05
16469.601804132646,8.93,Mixed,timer_il2_menten,0,0.05
16430.122189366106,8.94,Mixed,timer_il2_menten,0,0.05
16390.737210526127,8.950000000000001,Mixed,timer_il2_menten,0,0.05
16351.446640838501,8.96,Mixed,timer_il2_menten,0,0.05
16312.250254068787,8.97,Mixed,timer_il2_menten,0,0.05
16273.147824528976,8.98,Mixed,timer_il2_menten,0,0.05
16234.139127062128,8.99,Mixed,timer_il2_menten,0,0.05
16195.223937046234,9.0,Mixed,timer_il2_menten,0,0.05
16156.402030393725,9.01,Mixed,timer_il2_menten,0,0.05
16117.67318355033,9.02,Mixed,timer_il2_menten,0,0.05
16079.037173493893,9.03,Mixed,timer_il2_menten,0,0.05
16040.493777733125,9.040000000000001,Mixed,timer_il2_menten,0,0.05
16002.042774308708,9.05,Mixed,timer_il2_menten,0,0.05
15963.6839417925,9.06,Mixed,timer_il2_menten,0,0.05
15925.417059282525,9.07,Mixed,timer_il2_menten,0,0.05
15887.241906403768,9.08,Mixed,timer_il2_menten,0,0.05
15849.158263307017,9.09,Mixed,timer_il2_menten,0,0.05
15811.165910667645,9.1,Mixed,timer_il2_menten,0,0.05
15773.264629684378,9.11,Mixed,timer_il2_menten,0,0.05
15735.454202078105,9.120000000000001,Mixed,timer_il2_menten,0,0.05
15697.734410093424,9.13,Mixed,timer_il2_menten,0,0.05
15660.105036495128,9.14,Mixed,timer_il2_menten,0,0.05
15622.565864566219,9.15,Mixed,timer_il2_menten,0,0.05
15585.11667810764,9.16,Mixed,timer_il2_menten,0,0.05
15547.757261437117,9.17,Mixed,timer_il2_menten,0,0.05
15510.487399387917,9.18,Mixed,timer_il2_menten,0,0.05
15473.306877307665,9.19,Mixed,timer_il2_menten,0,0.05
15436.215481057297,9.200000000000001,Mixed,timer_il2_menten,0,0.05
15399.212997011324,9.21,Mixed,timer_il2_menten,0,0.05
15362.299212054684,9.22,Mixed,timer_il2_menten,0,0.05
15325.473913581995,9.23,Mixed,timer_il2_menten,0,0.05
15288.736889496544,9.24,Mixed,timer_il2_menten,0,0.05
15252.087928209126,9.25,Mixed,timer_il2_menten,0,0.05
15215.526818636834,9.26,Mixed,timer_il2_menten,0,0.05
15179.053350201868,9.27,Mixed,timer_il2_menten,0,0.05
15142.667312830643,9.28,Mixed,timer_il2_menten,0,0.05
15106.368496953135,9.290000000000001,Mixed,timer_il2_menten,0,0.05
15070.156693500576,9.3,Mixed,timer_il2_menten,0,0.05
15034.031693904697,9.31,Mixed,timer_il2_menten,0,0.05
14997.993290096598,9.32,Mixed,timer_il2_menten,0,0.05
14962.04127450557,9.33,Mixed,timer_il2_menten,0,0.05
14926.175440057925,9.34,Mixed,timer_il2_menten,0,0.05
14890.395580175784,9.35,Mixed,timer_il2_menten,0,0.05
14854.701488776293,9.36,Mixed,timer_il2_menten,0,0.05
14819.092960270322,9.370000000000001,Mixed,timer_il2_menten,0,0.05
14783.56978956097,9.38,Mixed,timer_il2_menten,0,0.05
14748.131772042552,9.39,Mixed,timer_il2_menten,0,0.05
14712.778703599497,9.4,Mixed,timer_il2_menten,0,0.05
14677.510380605145,9.41,Mixed,timer_il2_menten,0,0.05
14642.326599920609,9.42,Mixed,timer_il2_menten,0,0.05
14607.227158893615,9.43,Mixed,timer_il2_menten,0,0.05
14572.21185535762,9.44,Mixed,timer_il2_menten,0,0.05
14537.280487630389,9.450000000000001,Mixed,timer_il2_menten,0,0.05
14502.432854512806,9.46,Mixed,timer_il2_menten,0,0.05
14467.668755287814,9.47,Mixed,timer_il2_menten,0,0.05
14432.987989719251,9.48,Mixed,timer_il2_menten,0,0.05
14398.390358050723,9.49,Mixed,timer_il2_menten,0,0.05
14363.87566100444,9.5,Mixed,timer_il2_menten,0,0.05
14329.443699780122,9.51,Mixed,timer_il2_menten,0,0.05
14295.094276054,9.52,Mixed,timer_il2_menten,0,0.05
14260.827191977467,9.53,Mixed,timer_il2_menten,0,0.05
14226.64225017598,9.540000000000001,Mixed,timer_il2_menten,0,0.05
14192.539253747997,9.55,Mixed,timer_il2_menten,0,0.05
14158.518006263788,9.56,Mixed,timer_il2_menten,0,0.05
14124.578311764355,9.57,Mixed,timer_il2_menten,0,0.05
14090.719974760283,9.58,Mixed,timer_il2_menten,0,0.05
14056.942800230672,9.59,Mixed,timer_il2_menten,0,0.05
14023.246593622069,9.6,Mixed,timer_il2_menten,0,0.05
13989.631160847195,9.61,Mixed,timer_il2_menten,0,0.05
13956.096308283926,9.620000000000001,Mixed,timer_il2_menten,0,0.05
13922.641842774183,9.63,Mixed,timer_il2_menten,0,0.05
13889.267571622782,9.64,Mixed,timer_il2_menten,0,0.05
13855.973302596367,9.65,Mixed,timer_il2_menten,0,0.05
13822.758843922289,9.66,Mixed,timer_il2_menten,0,0.05
13789.624004287558,9.67,Mixed,timer_il2_menten,0,0.05
13756.568592837724,9.68,Mixed,timer_il2_menten,0,0.05
13723.592419175726,9.69,Mixed,timer_il2_menten,0,0.05
13690.695293360834,9.700000000000001,Mixed,timer_il2_menten,0,0.05
13657.877025907559,9.71,Mixed,timer_il2_menten,0,0.05
13625.137427784563,9.72,Mixed,timer_il2_menten,0,0.05
13592.476310413553,9.73,Mixed,timer_il2_menten,0,0.05
13559.89348566822,9.74,Mixed,timer_il2_menten,0,0.05
13527.38876587317,9.75,Mixed,timer_il2_menten,0,0.05
13494.961963802903,9.76,Mixed,timer_il2_menten,0,0.05
13462.612892680638,9.77,Mixed,timer_il2_menten,0,0.05
13430.341366177256,9.78,Mixed,timer_il2_menten,0,0.05
13398.147198410232,9.790000000000001,Mixed,timer_il2_menten,0,0.05
13366.030203942602,9.8,Mixed,timer_il2_menten,0,0.05
13333.990197781855,9.81,Mixed,timer_il2_menten,0,0.05
13302.026995378877,9.82,Mixed,timer_il2_menten,0,0.05
13270.140412626912,9.83,Mixed,timer_il2_menten,0,0.05
13238.330265860506,9.84,Mixed,timer_il2_menten,0,0.05
13206.59637185444,9.85,Mixed,timer_il2_menten,0,0.05
13174.938547822665,9.86,Mixed,timer_il2_menten,0,0.05
13143.356611417246,9.870000000000001,Mixed,timer_il2_menten,0,0.05
13111.850380727352,9.88,Mixed,timer_il2_menten,0,0.05
13080.419674278153,9.89,Mixed,timer_il2_menten,0,0.05
13049.064311029822,9.9,Mixed,timer_il2_menten,0,0.05
13017.784110376459,9.91,Mixed,timer_il2_menten,0,0.05
12986.578892145077,9.92,Mixed,timer_il2_menten,0,0.05
12955.448476594594,9.93,Mixed,timer_il2_menten,0,0.05
12924.392684414748,9.94,Mixed,timer_il2_menten,0,0.05
12893.411336725068,9.950000000000001,Mixed,timer_il2_menten,0,0.05
12862.504255073876,9.96,Mixed,timer_il2_menten,0,0.05
12831.671261437219,9.97,Mixed,timer_il2_menten,0,0.05
12800.912178217885,9.98,Mixed,timer_il2_menten,0,0.05
12770.226828244344,9.99,Mixed,timer_il2_menten,0,0.05
12739.615034769766,10.0,Mixed,timer_il2_menten,0,0.05
12709.076621470978,10.01,Mixed,timer_il2_menten,0,0.05
12678.611412447462,10.02,Mixed,timer_il2_menten,0,0.05
12648.219232220337,10.03,Mixed,timer_il2_menten,0,0.05
12617.899905731334,10.040000000000001,Mixed,timer_il2_menten,0,0.05
12587.653258341832,10.05,Mixed,timer_il2_menten,0,0.05
12557.479115831791,10.06,Mixed,timer_il2_menten,0,0.05
12527.377304398806,10.07,Mixed,timer_il2_menten,0,0.05
12497.347650657055,10.08,Mixed,timer_il2_menten,0,0.05
12467.389981636356,10.09,Mixed,timer_il2_menten,0,0.05
12437.504124781128,10.1,Mixed,timer_il2_menten,0,0.05
12407.689907949425,10.11,Mixed,timer_il2_menten,0,0.05
12377.947159411926,10.120000000000001,Mixed,timer_il2_menten,0,0.05
12348.275707850953,10.13,Mixed,timer_il2_menten,0,0.05
12318.675382359486,10.14,Mixed,timer_il2_menten,0,0.05
12289.146012440178,10.15,Mixed,timer_il2_menten,0,0.05
12259.687428004367,10.16,Mixed,timer_il2_menten,0,0.05
12230.299459371105,10.17,Mixed,timer_il2_menten,0,0.05
12200.981937266191,10.18,Mixed,timer_il2_menten,0,0.05
12171.73469282116,10.19,Mixed,timer_il2_menten,0,0.05
12142.55755757236,10.200000000000001,Mixed,timer_il2_menten,0,0.05
12113.45036345995,10.21,Mixed,timer_il2_menten,0,0.05
12084.412942826926,10.22,Mixed,timer_il2_menten,0,0.05
12055.445128418181,10.23,Mixed,timer_il2_menten,0,0.05
12026.54675337953,10.24,Mixed,timer_il2_menten,0,0.05
11997.717651256742,10.25,Mixed,timer_il2_menten,0,0.05
11968.957655994584,10.26,Mixed,timer_il2_menten,0,0.05
11940.26660193588,10.27,Mixed,timer_il2_menten,0,0.05
11911.64432382055,10.28,Mixed,timer_il2_menten,0,0.05
11883.090656784629,10.290000000000001,Mixed,timer_il2_menten,0,0.05
11854.605436359383,10.3,Mixed,timer_il2_menten,0,0.05
11826.188498470285,10.31,Mixed,timer_il2_menten,0,0.05
11797.839679436125,10.32,Mixed,timer_il2_menten,0,0.05
11769.558815968048,10.33,Mixed,timer_il2_menten,0,0.05
11741.345745168606,10.34,Mixed,timer_il2_menten,0,0.05
11713.200304530841,10.35,Mixed,timer_il2_menten,0,0.05
11685.122331937331,10.36,Mixed,timer_il2_menten,0,0.05
11657.11166565926,10.370000000000001,Mixed,timer_il2_menten,0,0.05
11629.1681443555,10.38,Mixed,timer_il2_menten,0,0.05
11601.29160707166,10.39,Mixed,timer_il2_menten,0,0.05
11573.481893239175,10.4,Mixed,timer_il2_menten,0,0.05
11545.738842674378,10.41,Mixed,timer_il2_menten,0,0.05
11518.062295577565,10.42,Mixed,timer_il2_menten,0,0.05
11490.452092532098,10.43,Mixed,timer_il2_menten,0,0.05
11462.90807450347,10.44,Mixed,timer_il2_menten,0,0.05
11435.43008283839,10.450000000000001,Mixed,timer_il2_menten,0,0.05
11408.017959263881,10.46,Mixed,timer_il2_menten,0,0.05
11380.671545886362,10.47,Mixed,timer_il2_menten,0,0.05
11353.390685190721,10.48,Mixed,timer_il2_menten,0,0.05
11326.175220039437,10.49,Mixed,timer_il2_menten,0,0.05
11299.024993671654,10.5,Mixed,timer_il2_menten,0,0.05
11271.939849702298,10.51,Mixed,timer_il2_menten,0,0.05
11244.919632121151,10.52,Mixed,timer_il2_menten,0,0.05
11217.96418529197,10.53,Mixed,timer_il2_menten,0,0.05
11191.073353951588,10.540000000000001,Mixed,timer_il2_menten,0,0.05
11164.246983209028,10.55,Mixed,timer_il2_menten,0,0.05
11137.48491854459,10.56,Mixed,timer_il2_menten,0,0.05
11110.787005808968,10.57,Mixed,timer_il2_menten,0,0.05
11084.153091222372,10.58,Mixed,timer_il2_menten,0,0.05
11057.583021373643,10.59,Mixed,timer_il2_menten,0,0.05
11031.076643219354,10.6,Mixed,timer_il2_menten,0,0.05
11004.633804082943,10.61,Mixed,timer_il2_menten,0,0.05
10978.25435165382,10.620000000000001,Mixed,timer_il2_menten,0,0.05
10951.938133986516,10.63,Mixed,timer_il2_menten,0,0.05
10925.684999499776,10.64,Mixed,timer_il2_menten,0,0.05
10899.494796975703,10.65,Mixed,timer_il2_menten,0,0.05
10873.367375558882,10.66,Mixed,timer_il2_menten,0,0.05
10847.30258475552,10.67,Mixed,timer_il2_menten,0,0.05
10821.300274432566,10.68,Mixed,timer_il2_menten,0,0.05
10795.360294816857,10.69,Mixed,timer_il2_menten,0,0.05
10769.482496494242,10.700000000000001,Mixed,timer_il2_menten,0,0.05
10743.666730408753,10.71,Mixed,timer_il2_menten,0,0.05
10717.9128478617,10.72,Mixed,timer_il2_menten,0,0.05
10692.22070051085,10.73,Mixed,timer_il2_menten,0,0.05
10666.59014036956,10.74,Mixed,timer_il2_menten,0,0.05
10641.021019805925,10.75,Mixed,timer_il2_menten,0,0.05
10615.51319154193,10.76,Mixed,timer_il2_menten,0,0.05
10590.066508652606,10.77,Mixed,timer_il2_menten,0,0.05
10564.680824565163,10.78,Mixed,timer_il2_menten,0,0.05
10539.355993058169,10.790000000000001,Mixed,timer_il2_menten,0,0.05
10514.091868260715,10.8,Mixed,timer_il2_menten,0,0.05
10488.888304651537,10.81,Mixed,timer_il2_menten,0,0.05
10463.74515705821,10.82,Mixed,timer_il2_menten,0,0.05
10438.662280656305,10.83,Mixed,timer_il2_menten,0,0.05
10413.639530968545,10.84,Mixed,timer_il2_menten,0,0.05
10388.67676386399,10.85,Mixed,timer_il2_menten,0,0.05
10363.77383555719,10.86,Mixed,timer_il2_menten,0,0.05
10338.930602607357,10.870000000000001,Mixed,timer_il2_menten,0,0.05
10314.146921917567,10.88,Mixed,timer_il2_menten,0,0.05
10289.422650733897,10.89,Mixed,timer_il2_menten,0,0.05
10264.757646644628,10.9,Mixed,timer_il2_menten,0,0.05
10240.151767579408,10.91,Mixed,timer_il2_menten,0,0.05
10215.60487180845,10.92,Mixed,timer_il2_menten,0,0.05
10191.11681794171,10.93,Mixed,timer_il2_menten,0,0.05
10166.687464928073,10.94,Mixed,timer_il2_menten,0,0.05
10142.316672054521,10.950000000000001,Mixed,timer_il2_menten,0,0.05
10118.004298945369,10.96,Mixed,timer_il2_menten,0,0.05
10093.750205561402,10.97,Mixed,timer_il2_menten,0,0.05
10069.554252199108,10.98,Mixed,timer_il2_menten,0,0.05
10045.416299489856,10.99,Mixed,timer_il2_menten,0,0.05
10021.336208399098,11.0,Mixed,timer_il2_menten,0,0.05
9997.31384022556,11.01,Mixed,timer_il2_menten,0,0.05
9973.349056600458,11.02,Mixed,timer_il2_menten,0,0.05
9949.441719486691,11.03,Mixed,timer_il2_menten,0,0.05
9925.591691178048,11.040000000000001,Mixed,timer_il2_menten,0,0.05
9901.798834298414,11.05,Mixed,timer_il2_menten,0,0.05
9878.063011800981,11.06,Mixed,timer_il2_menten,0,0.05
9854.384086967457,11.07,Mixed,timer_il2_menten,0,0.05
9830.761923407274,11.08,Mixed,timer_il2_menten,0,0.05
9807.196385056817,11.09,Mixed,timer_il2_menten,0,0.05
9783.687336178624,11.1,Mixed,timer_il2_menten,0,0.05
9760.234641360606,11.11,Mixed,timer_il2_menten,0,0.05
9736.83816551528,11.120000000000001,Mixed,timer_il2_menten,0,0.05
9713.497773878984,11.13,Mixed,timer_il2_menten,0,0.05
9690.213332011095,11.14,Mixed,timer_il2_menten,0,0.05
9666.984705793257,11.15,Mixed,timer_il2_menten,0,0.05
9643.811761428615,11.16,Mixed,timer_il2_menten,0,0.05
9620.694365441039,11.17,Mixed,timer_il2_menten,0,0.05
9597.632384674353,11.18,Mixed,timer_il2_menten,0,0.05
9574.625686291574,11.19,Mixed,timer_il2_menten,0,0.05
9551.674137774144,11.200000000000001,Mixed,timer_il2_menten,0,0.05
9528.777606921174,11.21,Mixed,timer_il2_menten,0,0.05
9505.935961848661,11.22,Mixed,timer_il2_menten,0,0.05
9483.149070988755,11.23,Mixed,timer_il2_menten,0,0.05
9460.416803088978,11.24,Mixed,timer_il2_menten,0,0.05
9437.739027211488,11.25,Mixed,timer_il2_menten,0,0.05
9415.115612732317,11.26,Mixed,timer_il2_menten,0,0.05
9392.546429340608,11.27,Mixed,timer_il2_menten,0,0.05
9370.03134703788,11.28,Mixed,timer_il2_menten,0,0.05
9347.570236137273,11.290000000000001,Mixed,timer_il2_menten,0,0.05
9325.1629672628,11.3,Mixed,timer_il2_menten,0,0.05
9302.809411348608,11.31,Mixed,timer_il2_menten,0,0.05
9280.509439638221,11.32,Mixed,timer_il2_menten,0,0.05
9258.262923683811,11.33,Mixed,timer_il2_menten,0,0.05
9236.069735345453,11.34,Mixed,timer_il2_menten,0,0.05
9213.929746790393,11.35,Mixed,timer_il2_menten,0,0.05
9191.8428304923,11.36,Mixed,timer_il2_menten,0,0.05
9169.808859230536,11.370000000000001,Mixed,timer_il2_menten,0,0.05
9147.827706089443,11.38,Mixed,timer_il2_menten,0,0.05
9125.89924445757,11.39,Mixed,timer_il2_menten,0,0.05
9104.023348026989,11.4,Mixed,timer_il2_menten,0,0.05
9082.19989079253,11.41,Mixed,timer_il2_menten,0,0.05
9060.42874705108,11.42,Mixed,timer_il2_menten,0,0.05
9038.70979140086,11.43,Mixed,timer_il2_menten,0,0.05
9017.042898740676,11.44,Mixed,timer_il2_menten,0,0.05
8995.427944269219,11.450000000000001,Mixed,timer_il2_menten,0,0.05
8973.864803484357,11.46,Mixed,timer_il2_menten,0,0.05
8952.353352182392,11.47,Mixed,timer_il2_menten,0,0.05
8930.89346645736,11.48,Mixed,timer_il2_menten,0,0.05
8909.485022700315,11.49,Mixed,timer_il2_menten,0,0.05
8888.127897598613,11.5,Mixed,timer_il2_menten,0,0.05
8866.821968135204,11.51,Mixed,timer_il2_menten,0,0.05
8845.567111587927,11.52,Mixed,timer_il2_menten,0,0.05
8824.3632055288,11.53,Mixed,timer_il2_menten,0,0.05
8803.210127823313,11.540000000000001,Mixed,timer_il2_menten,0,0.05
8782.107756629735,11.55,Mixed,timer_il2_menten,0,0.05
8761.055970398393,11.56,Mixed,timer_il2_menten,0,0.05
8740.054647870988,11.57,Mixed,timer_il2_menten,0,0.05
8719.103668079886,11.58,Mixed,timer_il2_menten,0,0.05
8698.202910347434,11.59,Mixed,timer_il2_menten,0,0.05
8677.352254285255,11.6,Mixed,timer_il2_menten,0,0.05
8656.551579793553,11.61,Mixed,timer_il2_menten,0,0.05
8635.800767060427,11.620000000000001,Mixed,timer_il2_menten,0,0.05
8615.099696561188,11.63,Mixed,timer_il2_menten,0,0.05
8594.448249057647,11.64,Mixed,timer_il2_menten,0,0.05
8573.846305597455,11.65,Mixed,timer_il2_menten,0,0.05
8553.293747513399,11.66,Mixed,timer_il2_menten,0,0.05
8532.790456422723,11.67,Mixed,timer_il2_menten,0,0.05
8512.336314226457,11.68,Mixed,timer_il2_menten,0,0.05
8491.931203108721,11.69,Mixed,timer_il2_menten,0,0.05
8471.575005536055,11.700000000000001,Mixed,timer_il2_menten,0,0.05
8451.267604256747,11.71,Mixed,timer_il2_menten,0,0.05
8431.008882300142,11.72,Mixed,timer_il2_menten,0,0.05
8410.79872297598,11.73,Mixed,timer_il2_menten,0,0.05
8390.637009873722,11.74,Mixed,timer_il2_menten,0,0.05
8370.523626861883,11.75,Mixed,timer_il2_menten,0,0.05
8350.458458087349,11.76,Mixed,timer_il2_menten,0,0.05
8330.441387974734,11.77,Mixed,timer_il2_menten,0,0.05
8310.47230122568,11.78,Mixed,timer_il2_menten,0,0.05
8290.55108281823,11.790000000000001,Mixed,timer_il2_menten,0,0.05
8270.677618006146,11.8,Mixed,timer_il2_menten,0,0.05
8250.851792318244,11.81,Mixed,timer_il2_menten,0,0.05
8231.073491557741,11.82,Mixed,timer_il2_menten,0,0.05
8211.342601801603,11.83,Mixed,timer_il2_menten,0,0.05
8191.659009399878,11.84,Mixed,timer_il2_menten,0,0.05
8172.0226009750495,11.85,Mixed,timer_il2_menten,0,0.05
8152.433263421376,11.86,Mixed,timer_il2_menten,0,0.05
8132.890883904247,11.870000000000001,Mixed,timer_il2_menten,0,0.05
8113.3953498595365,11.88,Mixed,timer_il2_menten,0,0.05
8093.946548992936,11.89,Mixed,timer_il2_menten,0,0.05
8074.544369279326,11.9,Mixed,timer_il2_menten,0,0.05
8055.188698962123,11.91,Mixed,timer_il2_menten,0,0.05
8035.879426552639,11.92,Mixed,timer_il2_menten,0,0.05
8016.616440829439,11.93,Mixed,timer_il2_menten,0,0.05
7997.399630837692,11.94,Mixed,timer_il2_menten,0,0.05
7978.22888588854,11.950000000000001,Mixed,timer_il2_menten,0,0.05
7959.104095558478,11.96,Mixed,timer_il2_menten,0,0.05
7940.025149688669,11.97,Mixed,timer_il2_menten,0,0.05
7920.991938384366,11.98,Mixed,timer_il2_menten,0,0.05
7902.004352014235,11.99,Mixed,timer_il2_menten,0,0.05
7883.06228120975,12.0,Mixed,timer_il2_menten,0,0.05
7864.165616864556,12.01,Mixed,timer_il2_menten,0,0.05
7845.314250133828,12.02,Mixed,timer_il2_menten,0,0.05
7826.508072433668,12.030000000000001,Mixed,timer_il2_menten,0,0.05
7807.746975440461,12.040000000000001,Mixed,timer_il2_menten,0,0.05
7789.030851090258,12.05,Mixed,timer_il2_menten,0,0.05
7770.359591578148,12.06,Mixed,timer_il2_menten,0,0.05
7751.733089357649,12.07,Mixed,timer_il2_menten,0,0.05
7733.1512371400695,12.08,Mixed,timer_il2_menten,0,0.05
7714.613927893912,12.09,Mixed,timer_il2_menten,0,0.05
7696.121054844243,12.1,Mixed,timer_il2_menten,0,0.05
7677.672511472083,12.11,Mixed,timer_il2_menten,0,0.05
7659.268191513782,12.120000000000001,Mixed,timer_il2_menten,0,0.05
7640.907988960433,12.13,Mixed,timer_il2_menten,0,0.05
7622.59179805723,12.14,Mixed,timer_il2_menten,0,0.05
7604.319513302881,12.15,Mixed,timer_il2_menten,0,0.05
7586.091029448995,12.16,Mixed,timer_il2_menten,0,0.05
7567.90624149947,12.17,Mixed,timer_il2_menten,0,0.05
7549.76504470989,12.18,Mixed,timer_il2_menten,0,0.05
7531.66733458693,12.19,Mixed,timer_il2_menten,0,0.05
7513.613006887745,12.200000000000001,Mixed,timer_il2_menten,0,0.05
7495.601957619374,12.21,Mixed,timer_il2_menten,0,0.05
7477.634083038138,12.22,Mixed,timer_il2_menten,0,0.05
7459.709279649046,12.23,Mixed,timer_il2_menten,0,0.05
7441.827444205195,12.24,Mixed,timer_il2_menten,0,0.05
7423.988473707175,12.25,Mixed,timer_il2_menten,0,0.05
7406.192265402484,12.26,Mixed,timer_il2_menten,0,0.05
7388.438716784927,12.27,Mixed,timer_il2_menten,0,0.05
7370.727725594022,12.280000000000001,Mixed,timer_il2_menten,0,0.05
7353.059189814434,12.290000000000001,Mixed,timer_il2_menten,0,0.05
7335.433007675358,12.3,Mixed,timer_il2_menten,0,0.05
7317.8490776499475,12.31,Mixed,timer_il2_menten,0,0.05
7300.307298454731,12.32,Mixed,timer_il2_menten,0,0.05
7282.807569049022,12.33,Mixed,timer_il2_menten,0,0.05
7265.349788634347,12.34,Mixed,timer_il2_menten,0,0.05
7247.933856653852,12.35,Mixed,timer_il2_menten,0,0.05
7230.559672791732,12.36,Mixed,timer_il2_menten,0,0.05
7213.227136972651,12.370000000000001,Mixed,timer_il2_menten,0,0.05
7195.9361493611705,12.38,Mixed,timer_il2_menten,0,0.05
7178.686610361163,12.39,Mixed,timer_il2_menten,0,0.05
7161.478420615248,12.4,Mixed,timer_il2_menten,0,0.05
7144.311481004215,12.41,Mixed,timer_il2_menten,0,0.05
7127.185692646455,12.42,Mixed,timer_il2_menten,0,0.05
7110.100956897391,12.43,Mixed,timer_il2_menten,0,0.05
7093.057175348909,12.44,Mixed,timer_il2_menten,0,0.05
7076.054249828785,12.450000000000001,Mixed,timer_il2_menten,0,0.05
7059.09208240014,12.46,Mixed,timer_il2_menten,0,0.05
7042.170575360848,12.47,Mixed,timer_il2_menten,0,0.05
7025.289631242989,12.48,Mixed,timer_il2_menten,0,0.05
7008.449152812292,12.49,Mixed,timer_il2_menten,0,0.05
6991.64904306756,12.5,Mixed,timer_il2_menten,0,0.05
6974.889205240126,12.51,Mixed,timer_il2_menten,0,0.05
6958.16954279329,12.52,Mixed,timer_il2_menten,0,0.05
6941.489959421748,12.530000000000001,Mixed,timer_il2_menten,0,0.05
6924.850359051074,12.540000000000001,Mixed,timer_il2_menten,0,0.05
6908.250645837131,12.55,Mixed,timer_il2_menten,0,0.05
6891.690724165528,12.56,Mixed,timer_il2_menten,0,0.05
6875.170498651083,12.57,Mixed,timer_il2_menten,0,0.05
6858.689874137257,12.58,Mixed,timer_il2_menten,0,0.05
6842.248755695617,12.59,Mixed,timer_il2_menten,0,0.05
6825.84704862528,12.6,Mixed,timer_il2_menten,0,0.05
6809.48465845238,12.61,Mixed,timer_il2_menten,0,0.05
6793.161490929507,12.620000000000001,Mixed,timer_il2_menten,0,0.05
6776.877452035183,12.63,Mixed,timer_il2_menten,0,0.05
6760.632447973305,12.64,Mixed,timer_il2_menten,0,0.05
6744.426385172612,12.65,Mixed,timer_il2_menten,0,0.05
6728.2591702861455,12.66,Mixed,timer_il2_menten,0,0.05
6712.130710190706,12.67,Mixed,timer_il2_menten,0,0.05
6696.040911986329,12.68,Mixed,timer_il2_menten,0,0.05
6679.989682995739,12.69,Mixed,timer_il2_menten,0,0.05
6663.976930763815,12.700000000000001,Mixed,timer_il2_menten,0,0.05
6648.0025630570735,12.71,Mixed,timer_il2_menten,0,0.05
6632.066487863115,12.72,Mixed,timer_il2_menten,0,0.05
6616.168613390108,12.73,Mixed,timer_il2_menten,0,0.05
6600.308848066259,12.74,Mixed,timer_il2_menten,0,0.05
6584.4871005392815,12.75,Mixed,timer_il2_menten,0,0.05
6568.703279675872,12.76,Mixed,timer_il2_menten,0,0.05
6552.9572945611835,12.77,Mixed,timer_il2_menten,0,0.05
6537.249054498301,12.780000000000001,Mixed,timer_il2_menten,0,0.05
6521.578469007734,12.790000000000001,Mixed,timer_il2_menten,0,0.05
6505.945447826863,12.8,Mixed,timer_il2_menten,0,0.05
6490.349900909452,12.81,Mixed,timer_il2_menten,0,0.05
6474.791738425114,12.82,Mixed,timer_il2_menten,0,0.05
6459.270870758792,12.83,Mixed,timer_il2_menten,0,0.05
6443.787208510252,12.84,Mixed,timer_il2_menten,0,0.05
6428.340662493563,12.85,Mixed,timer_il2_menten,0,0.05
6412.9311437365795,12.86,Mixed,timer_il2_menten,0,0.05
6397.558563480437,12.870000000000001,Mixed,timer_il2_menten,0,0.05
6382.2228331790375,12.88,Mixed,timer_il2_menten,0,0.05
6366.923864498536,12.89,Mixed,timer_il2_menten,0,0.05
6351.661569316835,12.9,Mixed,timer_il2_menten,0,0.05
6336.435859723073,12.91,Mixed,timer_il2_menten,0,0.05
6321.24664801713,12.92,Mixed,timer_il2_menten,0,0.05
6306.093846709107,12.93,Mixed,timer_il2_menten,0,0.05
6290.977368518832,12.94,Mixed,timer_il2_menten,0,0.05
6275.89712637535,12.950000000000001,Mixed,timer_il2_menten,0,0.05
6260.8530334164325,12.96,Mixed,timer_il2_menten,0,0.05
6245.845002988066,12.97,Mixed,timer_il2_menten,0,0.05
6230.872948643958,12.98,Mixed,timer_il2_menten,0,0.05
6215.936784145035,12.99,Mixed,timer_il2_menten,0,0.05
6201.036423458956,13.0,Mixed,timer_il2_menten,0,0.05
6186.171780759603,13.01,Mixed,timer_il2_menten,0,0.05
6171.342770426598,13.02,Mixed,timer_il2_menten,0,0.05
6156.549307044801,13.030000000000001,Mixed,timer_il2_menten,0,0.05
6141.791305403833,13.040000000000001,Mixed,timer_il2_menten,0,0.05
6127.06868049756,13.05,Mixed,timer_il2_menten,0,0.05
6112.381347523632,13.06,Mixed,timer_il2_menten,0,0.05
6097.729221882968,13.07,Mixed,timer_il2_menten,0,0.05
6083.112219179291,13.08,Mixed,timer_il2_menten,0,0.05
6068.530255218626,13.09,Mixed,timer_il2_menten,0,0.05
6053.983246008826,13.1,Mixed,timer_il2_menten,0,0.05
6039.47110775908,13.11,Mixed,timer_il2_menten,0,0.05
6024.993756879429,13.120000000000001,Mixed,timer_il2_menten,0,0.05
6010.551109980304,13.13,Mixed,timer_il2_menten,0,0.05
5996.14308387202,13.14,Mixed,timer_il2_menten,0,0.05
5981.769595564305,13.15,Mixed,timer_il2_menten,0,0.05
5967.430562265836,13.16,Mixed,timer_il2_menten,0,0.05
5953.125901383739,13.17,Mixed,timer_il2_menten,0,0.05
5938.855530523132,13.18,Mixed,timer_il2_menten,0,0.05
5924.6193674866445,13.19,Mixed,timer_il2_menten,0,0.05
5910.417330273935,13.200000000000001,Mixed,timer_il2_menten,0,0.05
5896.249337081241,13.21,Mixed,timer_il2_menten,0,0.05
5882.115306300881,13.22,Mixed,timer_il2_menten,0,0.05
5868.015156520801,13.23,Mixed,timer_il2_menten,0,0.05
5853.9488065241,13.24,Mixed,timer_il2_menten,0,0.05
5839.91617528857,13.25,Mixed,timer_il2_menten,0,0.05
5825.917181986217,13.26,Mixed,timer_il2_menten,0,0.05
5811.951745982801,13.27,Mixed,timer_il2_menten,0,0.05
5798.019786837374,13.280000000000001,Mixed,timer_il2_menten,0,0.05
5784.12122430182,13.290000000000001,Mixed,timer_il2_menten,0,0.05
5770.25597832038,13.3,Mixed,timer_il2_menten,0,0.05
5756.423969029202,13.31,Mixed,timer_il2_menten,0,0.05
5742.625116755877,13.32,Mixed,timer_il2_menten,0,0.05
5728.859342018976,13.33,Mixed,timer_il2_menten,0,0.05
5715.126565527603,13.34,Mixed,timer_il2_menten,0,0.05
5701.42670818093,13.35,Mixed,timer_il2_menten,0,0.05
5687.759691067746,13.36,Mixed,timer_il2_menten,0,0.05
5674.125435465989,13.370000000000001,Mixed,timer_il2_menten,0,0.05
5660.523862842316,13.38,Mixed,timer_il2_menten,0,0.05
5646.954894851633,13.39,Mixed,timer_il2_menten,0,0.05
5633.418453336648,13.4,Mixed,timer_il2_menten,0,0.05
5619.9144603274235,13.41,Mixed,timer_il2_menten,0,0.05
5606.442838040924,13.42,Mixed,timer_il2_menten,0,0.05
5593.003508880567,13.43,Mixed,timer_il2_menten,0,0.05
5579.596395435786,13.44,Mixed,timer_il2_menten,0,0.05
5566.221420481565,13.450000000000001,Mixed,timer_il2_menten,0,0.05
5552.878506978021,13.46,Mixed,timer_il2_menten,0,0.05
5539.567578069933,13.47,Mixed,timer_il2_menten,0,0.05
5526.288557086316,13.48,Mixed,timer_il2_menten,0,0.05
5513.041367539974,13.49,Mixed,timer_il2_menten,0,0.05
5499.825933127062,13.5,Mixed,timer_il2_menten,0,0.05
5486.6421777266405,13.51,Mixed,timer_il2_menten,0,0.05
5473.4900254002405,13.52,Mixed,timer_il2_menten,0,0.05
5460.369400391435,13.530000000000001,Mixed,timer_il2_menten,0,0.05
5447.2802271253895,13.540000000000001,Mixed,timer_il2_menten,0,0.05
5434.222430208427,13.55,Mixed,timer_il2_menten,0,0.05
5421.1959344276065,13.56,Mixed,timer_il2_menten,0,0.05
5408.200664750277,13.57,Mixed,timer_il2_menten,0,0.05
5395.236546323649,13.58,Mixed,timer_il2_menten,0,0.05
5382.3035044743665,13.59,Mixed,timer_il2_menten,0,0.05
5369.401464708075,13.6,Mixed,timer_il2_menten,0,0.05
5356.530352708993,13.61,Mixed,timer_il2_menten,0,0.05
5343.690094339474,13.620000000000001,Mixed,timer_il2_menten,0,0.05
5330.880615639602,13.63,Mixed,timer_il2_menten,0,0.05
5318.101842826744,13.64,Mixed,timer_il2_menten,0,0.05
5305.353702295136,13.65,Mixed,timer_il2_menten,0,0.05
5292.636120615451,13.66,Mixed,timer_il2_menten,0,0.05
5279.949024534388,13.67,Mixed,timer_il2_menten,0,0.05
5267.292340974236,13.68,Mixed,timer_il2_menten,0,0.05
5254.665997032465,13.69,Mixed,timer_il2_menten,0,0.05
5242.069919981301,13.700000000000001,Mixed,timer_il2_menten,0,0.05
5229.504037267308,13.71,Mixed,timer_il2_menten,0,0.05
5216.9682765109665,13.72,Mixed,timer_il2_menten,0,0.05
5204.462565506262,13.73,Mixed,timer_il2_menten,0,0.05
5191.986832220264,13.74,Mixed,timer_il2_menten,0,0.05
5179.5410047927135,13.75,Mixed,timer_il2_menten,0,0.05
5167.125011535618,13.76,Mixed,timer_il2_menten,0,0.05
5154.738780932814,13.77,Mixed,timer_il2_menten,0,0.05
5142.382241639585,13.780000000000001,Mixed,timer_il2_menten,0,0.05
5130.055322482232,13.790000000000001,Mixed,timer_il2_menten,0,0.05
5117.757952457669,13.8,Mixed,timer_il2_menten,0,0.05
5105.490060733006,13.81,Mixed,timer_il2_menten,0,0.05
5093.251576645158,13.82,Mixed,timer_il2_menten,0,0.05
5081.042429700421,13.83,Mixed,timer_il2_menten,0,0.05
5068.86254957408,13.84,Mixed,timer_il2_menten,0,0.05
5056.711866109987,13.85,Mixed,timer_il2_menten,0,0.05
5044.590309320176,13.86,Mixed,timer_il2_menten,0,0.05
5032.497809384446,13.870000000000001,Mixed,timer_il2_menten,0,0.05
5020.434296649966,13.88,Mixed,timer_il2_menten,0,0.05
5008.3997016308695,13.89,Mixed,timer_il2_menten,0,0.05
4996.393955007858,13.9,Mixed,timer_il2_menten,0,0.05
4984.416987627797,13.91,Mixed,timer_il2_menten,0,0.05
4972.468730503323,13.92,Mixed,timer_il2_menten,0,0.05
4960.549114812442,13.93,Mixed,timer_il2_menten,0,0.05
4948.658071898135,13.94,Mixed,timer_il2_menten,0,0.05
4936.795533267961,13.950000000000001,Mixed,timer_il2_menten,0,0.05
4924.96143059367,13.96,Mixed,timer_il2_menten,0,0.05
4913.155695710796,13.97,Mixed,timer_il2_menten,0,0.05
4901.378260618273,13.98,Mixed,timer_il2_menten,0,0.05
4889.629057478045,13.99,Mixed,timer_il2_menten,0,0.05
4877.908018614669,14.0,Mixed,timer_il2_menten,0,0.05
4866.215076514931,14.01,Mixed,timer_il2_menten,0,0.05
4854.550163827449,14.02,Mixed,timer_il2_menten,0,0.05
4842.913213362297,14.030000000000001,Mixed,timer_il2_menten,0,0.05
4831.304158090611,14.040000000000001,Mixed,timer_il2_menten,0,0.05
4819.722931144199,14.05,Mixed,timer_il2_menten,0,0.05
4808.169465815161,14.06,Mixed,timer_il2_menten,0,0.05
4796.643695555507,14.07,Mixed,timer_il2_menten,0,0.05
4785.1455539767685,14.08,Mixed,timer_il2_menten,0,0.05
4773.67497484962,14.09,Mixed,timer_il2_menten,0,0.05
4762.231892103493,14.1,Mixed,timer_il2_menten,0,0.05
4750.8162398262,14.11,Mixed,timer_il2_menten,0,0.05
4739.42795226355,14.120000000000001,Mixed,timer_il2_menten,0,0.05
4728.066963818981,14.13,Mixed,timer_il2_menten,0,0.05
4716.733209053167,14.14,Mixed,timer_il2_menten,0,0.05
4705.426622683652,14.15,Mixed,timer_il2_menten,0,0.05
4694.14713958446,14.16,Mixed,timer_il2_menten,0,0.05
4682.894694785745,14.17,Mixed,timer_il2_menten,0,0.05
4671.669223473391,14.18,Mixed,timer_il2_menten,0,0.05
4660.470660988655,14.19,Mixed,timer_il2_menten,0,0.05
4649.298942827783,14.200000000000001,Mixed,timer_il2_menten,0,0.05
4638.15400464165,14.21,Mixed,timer_il2_menten,0,0.05
4627.035782235385,14.22,Mixed,timer_il2_menten,0,0.05
4615.944211567994,14.23,Mixed,timer_il2_menten,0,0.05
4604.879228751999,14.24,Mixed,timer_il2_menten,0,0.05
4593.840770053067,14.25,Mixed,timer_il2_menten,0,0.05
4582.82877188965,14.26,Mixed,timer_il2_menten,0,0.05
4571.843170832604,14.27,Mixed,timer_il2_menten,0,0.05
4560.883903604839,14.280000000000001,Mixed,timer_il2_menten,0,0.05
4549.950907080947,14.290000000000001,Mixed,timer_il2_menten,0,0.05
4539.04411828684,14.3,Mixed,timer_il2_menten,0,0.05
4528.16347439938,14.31,Mixed,timer_il2_menten,0,0.05
4517.308912746031,14.32,Mixed,timer_il2_menten,0,0.05
4506.480370804487,14.33,Mixed,timer_il2_menten,0,0.05
4495.677786202321,14.34,Mixed,timer_il2_menten,0,0.05
4484.901096716611,14.35,Mixed,timer_il2_menten,0,0.05
4474.150240273598,14.36,Mixed,timer_il2_menten,0,0.05
4463.42515494832,14.370000000000001,Mixed,timer_il2_menten,0,0.05
4452.725778964255,14.38,Mixed,timer_il2_menten,0,0.05
4442.052050692971,14.39,Mixed,timer_il2_menten,0,0.05
4431.403908653762,14.4,Mixed,timer_il2_menten,0,0.05
4420.7812915133,14.41,Mixed,timer_il2_menten,0,0.05
4410.184138085282,14.42,Mixed,timer_il2_menten,0,0.05
4399.612387330074,14.43,Mixed,timer_il2_menten,0,0.05
4389.065978354365,14.44,Mixed,timer_il2_menten,0,0.05
4378.544850410807,14.450000000000001,Mixed,timer_il2_menten,0,0.05
4368.048942897679,14.46,Mixed,timer_il2_menten,0,0.05
4357.578195358522,14.47,Mixed,timer_il2_menten,0,0.05
4347.132547481802,14.48,Mixed,timer_il2_menten,0,0.05
4336.711939100559,14.49,Mixed,timer_il2_menten,0,0.05
4326.316310192062,14.5,Mixed,timer_il2_menten,0,0.05
4315.945600877456,14.51,Mixed,timer_il2_menten,0,0.05
4305.599751421429,14.52,Mixed,timer_il2_menten,0,0.05
4295.278702231858,14.530000000000001,Mixed,timer_il2_menten,0,0.05
4284.982393859475,14.540000000000001,Mixed,timer_il2_menten,0,0.05
4274.710766997514,14.55,Mixed,timer_il2_menten,0,0.05
4264.463762481376,14.56,Mixed,timer_il2_menten,0,0.05
4254.241321288286,14.57,Mixed,timer_il2_menten,0,0.05
4244.043384536956,14.58,Mixed,timer_il2_menten,0,0.05
4233.869893487241,14.59,Mixed,timer_il2_menten,0,0.05
4223.720789539806,14.6,Mixed,timer_il2_menten,0,0.05
4213.596014235783,14.61,Mixed,timer_il2_menten,0,0.05
4203.495509256438,14.620000000000001,Mixed,timer_il2_menten,0,0.05
4193.419216422837,14.63,Mixed,timer_il2_menten,0,0.05
4183.367077695505,14.64,Mixed,timer_il2_menten,0,0.05
4173.3390351740945,14.65,Mixed,timer_il2_menten,0,0.05
4163.335031097055,14.66,Mixed,timer_il2_menten,0,0.05
4153.355007841294,14.67,Mixed,timer_il2_menten,0,0.05
4143.39890792185,14.68,Mixed,timer_il2_menten,0,0.05
4133.466673991559,14.69,Mixed,timer_il2_menten,0,0.05
4123.558248840727,14.700000000000001,Mixed,timer_il2_menten,0,0.05
4113.6735753968005,14.71,Mixed,timer_il2_menten,0,0.05
4103.812596724032,14.72,Mixed,timer_il2_menten,0,0.05
4093.9752560231545,14.73,Mixed,timer_il2_menten,0,0.05
4084.1614966310617,14.74,Mixed,timer_il2_menten,0,0.05
4074.3712620204724,14.75,Mixed,timer_il2_menten,0,0.05
4064.6044957996055,14.76,Mixed,timer_il2_menten,0,0.05
4054.8611417118636,14.77,Mixed,timer_il2_menten,0,0.05
4045.1411436354974,14.780000000000001,Mixed,timer_il2_menten,0,0.05
4035.4444455832963,14.790000000000001,Mixed,timer_il2_menten,0,0.05
4025.7709917022476,14.8,Mixed,timer_il2_menten,0,0.05
4016.120726273235,14.81,Mixed,timer_il2_menten,0,0.05
4006.4935937107,14.82,Mixed,timer_il2_menten,0,0.05
3996.8895385623346,14.83,Mixed,timer_il2_menten,0,0.05
3987.3085055087527,14.84,Mixed,timer_il2_menten,0,0.05
3977.750439363179,14.85,Mixed,timer_il2_menten,0,0.05
3968.2152850711236,14.86,Mixed,timer_il2_menten,0,0.05
3958.702987710073,14.870000000000001,Mixed,timer_il2_menten,0,0.05
3949.21349248917,14.88,Mixed,timer_il2_menten,0,0.05
3939.7467447488953,14.89,Mixed,timer_il2_menten,0,0.05
3930.302689960754,14.9,Mixed,timer_il2_menten,0,0.05
3920.881273726966,14.91,Mixed,timer_il2_menten,0,0.05
3911.482441780148,14.92,Mixed,timer_il2_menten,0,0.05
3902.106139983002,14.93,Mixed,timer_il2_menten,0,0.05
3892.7523143280023,14.94,Mixed,timer_il2_menten,0,0.05
3883.4209109370886,14.950000000000001,Mixed,timer_il2_menten,0,0.05
3874.111876061353,14.96,Mixed,timer_il2_menten,0,0.05
3864.8251560807284,14.97,Mixed,timer_il2_menten,0,0.05
3855.560697503682,14.98,Mixed,timer_il2_menten,0,0.05
3846.318446966907,14.99,Mixed,timer_il2_menten,0,0.05
3837.098351235014,15.0,Mixed,timer_il2_menten,0,0.05
3827.9003572002293,15.01,Mixed,timer_il2_menten,0,0.05
3818.724411882079,15.02,Mixed,timer_il2_menten,0,0.05
3809.570462427092,15.030000000000001,Mixed,timer_il2_menten,0,0.05
3800.438456108496,15.040000000000001,Mixed,timer_il2_menten,0,0.05
3791.3283403259093,15.05,Mixed,timer_il2_menten,0,0.05
3782.2400626050394,15.06,Mixed,timer_il2_menten,0,0.05
3773.173570597381,15.07,Mixed,timer_il2_menten,0,0.05
3764.128812079916,15.08,Mixed,timer_il2_menten,0,0.05
3755.1057349548105,15.09,Mixed,timer_il2_menten,0,0.05
3746.1042872491143,15.1,Mixed,timer_il2_menten,0,0.05
3737.124417114465,15.11,Mixed,timer_il2_menten,0,0.05
3728.1660728267834,15.120000000000001,Mixed,timer_il2_menten,0,0.05
3719.2292027859858,15.13,Mixed,timer_il2_menten,0,0.05
3710.3137555156736,15.14,Mixed,timer_il2_menten,0,0.05
3701.4196796628466,15.15,Mixed,timer_il2_menten,0,0.05
3692.5469239976046,15.16,Mixed,timer_il2_menten,0,0.05
3683.6954374128486,15.17,Mixed,timer_il2_menten,0,0.05
3674.865168923993,15.18,Mixed,timer_il2_menten,0,0.05
3666.0560676686664,15.19,Mixed,timer_il2_menten,0,0.05
3657.268082906421,15.200000000000001,Mixed,timer_il2_menten,0,0.05
3648.5011640184425,15.21,Mixed,timer_il2_menten,0,0.05
3639.7552605072497,15.22,Mixed,timer_il2_menten,0,0.05
3631.030321996418,15.23,Mixed,timer_il2_menten,0,0.05
3622.326298230275,15.24,Mixed,timer_il2_menten,0,0.05
3613.64313907362,15.25,Mixed,timer_il2_menten,0,0.05
3604.9807945114335,15.26,Mixed,timer_il2_menten,0,0.05
3596.3392146485867,15.27,Mixed,timer_il2_menten,0,0.05
3587.7183497095534,15.280000000000001,Mixed,timer_il2_menten,0,0.05
3579.1181500381313,15.290000000000001,Mixed,timer_il2_menten,0,0.05
3570.538566097145,15.3,Mixed,timer_il2_menten,0,0.05
3561.9795484681676,15.31,Mixed,timer_il2_menten,0,0.05
3553.4410478512345,15.32,Mixed,timer_il2_menten,0,0.05
3544.9230150645576,15.33,Mixed,timer_il2_menten,0,0.05
3536.425401044245,15.34,Mixed,timer_il2_menten,0,0.05
3527.948156844017,15.35,Mixed,timer_il2_menten,0,0.05
3519.4912336349234,15.36,Mixed,timer_il2_menten,0,0.05
3511.054582705062,15.370000000000001,Mixed,timer_il2_menten,0,0.05
3502.638155459304,15.38,Mixed,timer_il2_menten,0,0.05
3494.241903419003,15.39,Mixed,timer_il2_menten,0,0.05
3485.8657782217224,15.4,Mixed,timer_il2_menten,0,0.05
3477.5097316209585,15.41,Mixed,timer_il2_menten,0,0.05
3469.17371548586,15.42,Mixed,timer_il2_menten,0,0.05
3460.8576818009533,15.43,Mixed,timer_il2_menten,0,0.05
3452.5615826658577,15.44,Mixed,timer_il2_menten,0,0.05
3444.2853702950197,15.450000000000001,Mixed,timer_il2_menten,0,0.05
3436.028997017436,15.46,Mixed,timer_il2_menten,0,0.05
3427.7924152763717,15.47,Mixed,timer_il2_menten,0,0.05
3419.5755776290935,15.48,Mixed,timer_il2_menten,0,0.05
3411.378436746595,15.49,Mixed,timer_il2_menten,0,0.05
3403.2009454133213,15.5,Mixed,timer_il2_menten,0,0.05
3395.0430565268994,15.51,Mixed,timer_il2_menten,0,0.05
3386.9047230978676,15.52,Mixed,timer_il2_menten,0,0.05
3378.785898249401,15.530000000000001,Mixed,timer_il2_menten,0,0.05
3370.686535217049,15.540000000000001,Mixed,timer_il2_menten,0,0.05
3362.6065873484586,15.55,Mixed,timer_il2_menten,0,0.05
3354.5460081031047,15.56,Mixed,timer_il2_menten,0,0.05
3346.5047510520317,15.57,Mixed,timer_il2_menten,0,0.05
3338.482770200161,15.58,Mixed,timer_il2_menten,0,0.05
3330.4800186949296,15.59,Mixed,timer_il2_menten,0,0.05
3322.496450763748,15.6,Mixed,timer_il2_menten,0,0.05
3314.532020421355,15.61,Mixed,timer_il2_menten,0,0.05
3306.586681792548,15.62,Mixed,timer_il2_menten,0,0.05
3298.6603891121777,15.629999999999999,Mixed,timer_il2_menten,0,0.05
3290.753096724787,15.639999999999999,Mixed,timer_il2_menten,0,0.05
3282.8647590843107,15.649999999999999,Mixed,timer_il2_menten,0,0.05
3274.9953307539245,15.659999999999998,Mixed,timer_il2_menten,0,0.05
3267.1447664056977,15.669999999999998,Mixed,timer_il2_menten,0,0.05
3259.3130208203547,15.679999999999998,Mixed,timer_il2_menten,0,0.05
3251.500048887021,15.689999999999998,Mixed,timer_il2_menten,0,0.05
3243.705805602958,15.699999999999998,Mixed,timer_il2_menten,0,0.05
3235.9302460733015,15.709999999999997,Mixed,timer_il2_menten,0,0.05
3228.1733255108074,15.719999999999997,Mixed,timer_il2_menten,0,0.05
3220.434999235592,15.729999999999997,Mixed,timer_il2_menten,0,0.05
3212.7152226748735,15.739999999999997,Mixed,timer_il2_menten,0,0.05
3205.013951362719,15.749999999999996,Mixed,timer_il2_menten,0,0.05
3197.331140939784,15.759999999999996,Mixed,timer_il2_menten,0,0.05
3189.666747153059,15.769999999999996,Mixed,timer_il2_menten,0,0.05
3182.020725855615,15.779999999999996,Mixed,timer_il2_menten,0,0.05
3174.3930330063477,15.789999999999996,Mixed,timer_il2_menten,0,0.05
3166.7836246697266,15.799999999999995,Mixed,timer_il2_menten,0,0.05
3159.192457015537,15.809999999999995,Mixed,timer_il2_menten,0,0.05
3151.619486318633,15.819999999999995,Mixed,timer_il2_menten,0,0.05
3144.064668958682,15.829999999999995,Mixed,timer_il2_menten,0,0.05
3136.527961419916,15.839999999999995,Mixed,timer_il2_menten,0,0.05
3129.0093202908774,15.849999999999994,Mixed,timer_il2_menten,0,0.05
3121.5087022641746,15.859999999999994,Mixed,timer_il2_menten,0,0.05
3114.0260641362256,15.869999999999994,Mixed,timer_il2_menten,0,0.05
3106.5613628070146,15.879999999999994,Mixed,timer_il2_menten,0,0.05
3099.11455527984,15.889999999999993,Mixed,timer_il2_menten,0,0.05
3091.685598661071,15.899999999999993,Mixed,timer_il2_menten,0,0.05
3084.2744501598972,15.909999999999993,Mixed,timer_il2_menten,0,0.05
3076.8810670880835,15.919999999999993,Mixed,timer_il2_menten,0,0.05
3069.5054068597215,15.929999999999993,Mixed,timer_il2_menten,0,0.05
3062.147426990988,15.939999999999992,Mixed,timer_il2_menten,0,0.05
3054.8070850998984,15.949999999999992,Mixed,timer_il2_menten,0,0.05
3047.484338906065,15.959999999999992,Mixed,timer_il2_menten,0,0.05
3040.179146230448,15.969999999999992,Mixed,timer_il2_menten,0,0.05
3032.891464995117,15.979999999999992,Mixed,timer_il2_menten,0,0.05
3025.6212532230084,15.989999999999991,Mixed,timer_il2_menten,0,0.05
3018.368469037683,15.999999999999991,Mixed,timer_il2_menten,0,0.05
3011.1330706630824,16.00999999999999,Mixed,timer_il2_menten,0,0.05
3003.915016423296,16.01999999999999,Mixed,timer_il2_menten,0,0.05
2996.714264742305,16.02999999999999,Mixed,timer_il2_menten,0,0.05
2989.530774143764,16.039999999999992,Mixed,timer_il2_menten,0,0.05
2982.3645032507484,16.04999999999999,Mixed,timer_il2_menten,0,0.05
2975.2154107855167,16.059999999999988,Mixed,timer_il2_menten,0,0.05
2968.0834555692736,16.06999999999999,Mixed,timer_il2_menten,0,0.05
2960.9685965219396,16.07999999999999,Mixed,timer_il2_menten,0,0.05
2953.870792661909,16.08999999999999,Mixed,timer_il2_menten,0,0.05
2946.7900031058107,16.099999999999987,Mixed,timer_il2_menten,0,0.05
2939.7261870682746,16.10999999999999,Mixed,timer_il2_menten,0,0.05
2932.6793038617025,16.11999999999999,Mixed,timer_il2_menten,0,0.05
2925.6493128960306,16.12999999999999,Mixed,timer_il2_menten,0,0.05
2918.636173678489,16.139999999999986,Mixed,timer_il2_menten,0,0.05
2911.639845813374,16.149999999999988,Mixed,timer_il2_menten,0,0.05
2904.6602890018203,16.15999999999999,Mixed,timer_il2_menten,0,0.05
2897.6974630415634,16.169999999999987,Mixed,timer_il2_menten,0,0.05
2890.7513278267047,16.179999999999986,Mixed,timer_il2_menten,0,0.05
2883.821843347483,16.189999999999987,Mixed,timer_il2_menten,0,0.05
2876.9089696900523,16.19999999999999,Mixed,timer_il2_menten,0,0.05
2870.0126670362424,16.209999999999987,Mixed,timer_il2_menten,0,0.05
2863.132895663328,16.219999999999985,Mixed,timer_il2_menten,0,0.05
2856.269615943807,16.229999999999986,Mixed,timer_il2_menten,0,0.05
2849.4227883451695,16.239999999999988,Mixed,timer_il2_menten,0,0.05
2842.5923734296716,16.249999999999986,Mixed,timer_il2_menten,0,0.05
2835.7783318541046,16.259999999999984,Mixed,timer_il2_menten,0,0.05
2828.9806243695666,16.269999999999985,Mixed,timer_il2_menten,0,0.05
2822.199211821246,16.279999999999987,Mixed,timer_il2_menten,0,0.05
2815.434055148189,16.289999999999985,Mixed,timer_il2_menten,0,0.05
2808.685115383074,16.299999999999983,Mixed,timer_il2_menten,0,0.05
2801.9523536519864,16.309999999999985,Mixed,timer_il2_menten,0,0.05
2795.2357311742007,16.319999999999986,Mixed,timer_il2_menten,0,0.05
2788.535209261958,16.329999999999984,Mixed,timer_il2_menten,0,0.05
2781.8507493202296,16.339999999999982,Mixed,timer_il2_menten,0,0.05
2775.1823128465053,16.349999999999984,Mixed,timer_il2_menten,0,0.05
2768.5298614305752,16.359999999999985,Mixed,timer_il2_menten,0,0.05
2761.8933567543027,16.369999999999983,Mixed,timer_il2_menten,0,0.05
2755.2727605914024,16.37999999999998,Mixed,timer_il2_menten,0,0.05
2748.668034807216,16.389999999999983,Mixed,timer_il2_menten,0,0.05
2742.0791413585093,16.399999999999984,Mixed,timer_il2_menten,0,0.05
2735.506042293242,16.409999999999982,Mixed,timer_il2_menten,0,0.05
2728.948699750339,16.41999999999998,Mixed,timer_il2_menten,0,0.05
2722.4070759594892,16.429999999999982,Mixed,timer_il2_menten,0,0.05
2715.881133240924,16.439999999999984,Mixed,timer_il2_menten,0,0.05
2709.3708340051962,16.44999999999998,Mixed,timer_il2_menten,0,0.05
2702.876140752963,16.45999999999998,Mixed,timer_il2_menten,0,0.05
2696.39701607477,16.46999999999998,Mixed,timer_il2_menten,0,0.05
2689.9334226508454,16.479999999999983,Mixed,timer_il2_menten,0,0.05
2683.485323250873,16.48999999999998,Mixed,timer_il2_menten,0,0.05
2677.0526807337824,16.49999999999998,Mixed,timer_il2_menten,0,0.05
2670.6354580475318,16.50999999999998,Mixed,timer_il2_menten,0,0.05
2664.233618228902,16.519999999999982,Mixed,timer_il2_menten,0,0.05
2657.847124403281,16.52999999999998,Mixed,timer_il2_menten,0,0.05
2651.4759397844455,16.539999999999978,Mixed,timer_il2_menten,0,0.05
2645.1200276743507,16.54999999999998,Mixed,timer_il2_menten,0,0.05
2638.7793514629284,16.55999999999998,Mixed,timer_il2_menten,0,0.05
2632.4538746278668,16.56999999999998,Mixed,timer_il2_menten,0,0.05
2626.143560734403,16.579999999999977,Mixed,timer_il2_menten,0,0.05
2619.8483734351057,16.58999999999998,Mixed,timer_il2_menten,0,0.05
2613.5682764696826,16.59999999999998,Mixed,timer_il2_menten,0,0.05
2607.3032336647602,16.609999999999978,Mixed,timer_il2_menten,0,0.05
2601.053208933672,16.619999999999976,Mixed,timer_il2_menten,0,0.05
2594.8181662762563,16.629999999999978,Mixed,timer_il2_menten,0,0.05
2588.5980697786517,16.63999999999998,Mixed,timer_il2_menten,0,0.05
2582.3928836130876,16.649999999999977,Mixed,timer_il2_menten,0,0.05
2576.2025720376737,16.659999999999975,Mixed,timer_il2_menten,0,0.05
2570.027099396194,16.669999999999977,Mixed,timer_il2_menten,0,0.05
2563.8664301179124,16.67999999999998,Mixed,timer_il2_menten,0,0.05
2557.720528717358,16.689999999999976,Mixed,timer_il2_menten,0,0.05
2551.5893597941217,16.699999999999974,Mixed,timer_il2_menten,0,0.05
2545.4728880326493,16.709999999999976,Mixed,timer_il2_menten,0,0.05
2539.371078202049,16.719999999999978,Mixed,timer_il2_menten,0,0.05
2533.2838951558824,16.729999999999976,Mixed,timer_il2_menten,0,0.05
2527.211303831955,16.739999999999974,Mixed,timer_il2_menten,0,0.05
2521.153269252123,16.749999999999975,Mixed,timer_il2_menten,0,0.05
2515.1097565220916,16.759999999999977,Mixed,timer_il2_menten,0,0.05
2509.080730831214,16.769999999999975,Mixed,timer_il2_menten,0,0.05
2503.066157452283,16.779999999999973,Mixed,timer_il2_menten,0,0.05
2497.0660017413365,16.789999999999974,Mixed,timer_il2_menten,0,0.05
2491.080229137464,16.799999999999976,Mixed,timer_il2_menten,0,0.05
2485.1088051626007,16.809999999999974,Mixed,timer_il2_menten,0,0.05
2479.151695421325,16.819999999999972,Mixed,timer_il2_menten,0,0.05
2473.208865600667,16.829999999999973,Mixed,timer_il2_menten,0,0.05
2467.280281469913,16.839999999999975,Mixed,timer_il2_menten,0,0.05
2461.3659088804034,16.849999999999973,Mixed,timer_il2_menten,0,0.05
2455.465713765335,16.85999999999997,Mixed,timer_il2_menten,0,0.05
2449.579662139563,16.869999999999973,Mixed,timer_il2_menten,0,0.05
2443.7077200994177,16.879999999999974,Mixed,timer_il2_menten,0,0.05
2437.8498538224985,16.889999999999972,Mixed,timer_il2_menten,0,0.05
2432.006029567478,16.89999999999997,Mixed,timer_il2_menten,0,0.05
2426.1762136739085,16.90999999999997,Mixed,timer_il2_menten,0,0.05
2420.3603725620374,16.919999999999973,Mixed,timer_il2_menten,0,0.05
2414.558472732607,16.92999999999997,Mixed,timer_il2_menten,0,0.05
2408.770480766654,16.93999999999997,Mixed,timer_il2_menten,0,0.05
2402.9963633253283,16.94999999999997,Mixed,timer_il2_menten,0,0.05
2397.236087149699,16.959999999999972,Mixed,timer_il2_menten,0,0.05
2391.4896190605605,16.96999999999997,Mixed,timer_il2_menten,0,0.05
2385.7569259582406,16.97999999999997,Mixed,timer_il2_menten,0,0.05
2380.0379748224077,16.98999999999997,Mixed,timer_il2_menten,0,0.05
2374.3327327118905,16.99999999999997,Mixed,timer_il2_menten,0,0.05
2368.6411667644797,17.00999999999997,Mixed,timer_il2_menten,0,0.05
2362.9632441967387,17.019999999999968,Mixed,timer_il2_menten,0,0.05
2357.2989323038146,17.02999999999997,Mixed,timer_il2_menten,0,0.05
2351.648198459258,17.03999999999997,Mixed,timer_il2_menten,0,0.05
2346.0110101148275,17.04999999999997,Mixed,timer_il2_menten,0,0.05
2340.3873348003012,17.059999999999967,Mixed,timer_il2_menten,0,0.05
2334.777140123294,17.06999999999997,Mixed,timer_il2_menten,0,0.05
2329.1803937690684,17.07999999999997,Mixed,timer_il2_menten,0,0.05
2323.5970635003514,17.089999999999968,Mixed,timer_il2_menten,0,0.05
2318.027117157145,17.099999999999966,Mixed,timer_il2_menten,0,0.05
2312.470522656541,17.109999999999967,Mixed,timer_il2_menten,0,0.05
2306.9272479925407,17.11999999999997,Mixed,timer_il2_menten,0,0.05
2301.3972612358716,17.129999999999967,Mixed,timer_il2_menten,0,0.05
2295.8805305337896,17.139999999999965,Mixed,timer_il2_menten,0,0.05
2290.3770241099073,17.149999999999967,Mixed,timer_il2_menten,0,0.05
2284.8867102640243,17.159999999999968,Mixed,timer_il2_menten,0,0.05
2279.4095573719237,17.169999999999966,Mixed,timer_il2_menten,0,0.05
2273.9455338851835,17.179999999999964,Mixed,timer_il2_menten,0,0.05
2268.4946083310024,17.189999999999966,Mixed,timer_il2_menten,0,0.05
2263.056749312018,17.199999999999967,Mixed,timer_il2_menten,0,0.05
2257.6319255061717,17.209999999999965,Mixed,timer_il2_menten,0,0.05
2252.220105666474,17.219999999999963,Mixed,timer_il2_menten,0,0.05
2246.821258620823,17.229999999999965,Mixed,timer_il2_menten,0,0.05
2241.4353532718324,17.239999999999966,Mixed,timer_il2_menten,0,0.05
2236.0623585966505,17.249999999999964,Mixed,timer_il2_menten,0,0.05
2230.7022436468305,17.259999999999962,Mixed,timer_il2_menten,0,0.05
2225.354977548117,17.269999999999964,Mixed,timer_il2_menten,0,0.05
2220.0205295002397,17.279999999999966,Mixed,timer_il2_menten,0,0.05
2214.6988687767525,17.289999999999964,Mixed,timer_il2_menten,0,0.05
2209.3899647248504,17.29999999999996,Mixed,timer_il2_menten,0,0.05
2204.0937867652406,17.309999999999963,Mixed,timer_il2_menten,0,0.05
2198.8103043919537,17.319999999999965,Mixed,timer_il2_menten,0,0.05
2193.5394871721146,17.329999999999963,Mixed,timer_il2_menten,0,0.05
2188.2813047457894,17.33999999999996,Mixed,timer_il2_menten,0,0.05
2183.0357268258067,17.349999999999962,Mixed,timer_il2_menten,0,0.05
2177.802723197632,17.359999999999964,Mixed,timer_il2_menten,0,0.05
2172.5822637191814,17.369999999999962,Mixed,timer_il2_menten,0,0.05
2167.3743183205916,17.37999999999996,Mixed,timer_il2_menten,0,0.05
2162.17885700407,17.38999999999996,Mixed,timer_il2_menten,0,0.05
2156.9958498437245,17.399999999999963,Mixed,timer_il2_menten,0,0.05
2151.8252669854255,17.40999999999996,Mixed,timer_il2_menten,0,0.05
2146.667078646645,17.41999999999996,Mixed,timer_il2_menten,0,0.05
2141.5212551162012,17.42999999999996,Mixed,timer_il2_menten,0,0.05
2136.387766754126,17.439999999999962,Mixed,timer_il2_menten,0,0.05
2131.266583991489,17.44999999999996,Mixed,timer_il2_menten,0,0.05
2126.15767733022,17.459999999999958,Mixed,timer_il2_menten,0,0.05
2121.061017343025,17.46999999999996,Mixed,timer_il2_menten,0,0.05
2115.976574673182,17.47999999999996,Mixed,timer_il2_menten,0,0.05
2110.9043200342844,17.48999999999996,Mixed,timer_il2_menten,0,0.05
2105.844224210121,17.499999999999957,Mixed,timer_il2_menten,0,0.05
2100.7962580545,17.50999999999996,Mixed,timer_il2_menten,0,0.05
2095.760392491086,17.51999999999996,Mixed,timer_il2_menten,0,0.05
2090.7365985133247,17.52999999999996,Mixed,timer_il2_menten,0,0.05
2085.7248471841785,17.539999999999957,Mixed,timer_il2_menten,0,0.05
2080.725109635941,17.549999999999958,Mixed,timer_il2_menten,0,0.05
2075.7373570700993,17.55999999999996,Mixed,timer_il2_menten,0,0.05
2070.7615607571597,17.569999999999958,Mixed,timer_il2_menten,0,0.05
2065.7976920364845,17.579999999999956,Mixed,timer_il2_menten,0,0.05
2060.8457223162313,17.589999999999957,Mixed,timer_il2_menten,0,0.05
2055.9056230730635,17.59999999999996,Mixed,timer_il2_menten,0,0.05
2050.9773658519925,17.609999999999957,Mixed,timer_il2_menten,0,0.05
2046.0609222662276,17.619999999999955,Mixed,timer_il2_menten,0,0.05
2041.1562639970089,17.629999999999956,Mixed,timer_il2_menten,0,0.05
2036.263362793466,17.639999999999958,Mixed,timer_il2_menten,0,0.05
2031.3821904725394,17.649999999999956,Mixed,timer_il2_menten,0,0.05
2026.5127189186737,17.659999999999954,Mixed,timer_il2_menten,0,0.05
2021.6549200836896,17.669999999999956,Mixed,timer_il2_menten,0,0.05
2016.8087659866387,17.679999999999957,Mixed,timer_il2_menten,0,0.05
2011.974228713631,17.689999999999955,Mixed,timer_il2_menten,0,0.05
2007.1512804129513,17.699999999999953,Mixed,timer_il2_menten,0,0.05
2002.3398933171131,17.709999999999955,Mixed,timer_il2_menten,0,0.05
1997.540039702678,17.719999999999956,Mixed,timer_il2_menten,0,0.05
1992.7516919235522,17.729999999999954,Mixed,timer_il2_menten,0,0.05
1987.9748223993947,17.739999999999952,Mixed,timer_il2_menten,0,0.05
1983.2094036156238,17.749999999999954,Mixed,timer_il2_menten,0,0.05
1978.4554081230922,17.759999999999955,Mixed,timer_il2_menten,0,0.05
1973.7128085380452,17.769999999999953,Mixed,timer_il2_menten,0,0.05
1968.9815775428144,17.77999999999995,Mixed,timer_il2_menten,0,0.05
1964.2616878854537,17.789999999999953,Mixed,timer_il2_menten,0,0.05
1959.5531123797386,17.799999999999955,Mixed,timer_il2_menten,0,0.05
1954.85582390516,17.809999999999953,Mixed,timer_il2_menten,0,0.05
1950.1697954069248,17.81999999999995,Mixed,timer_il2_menten,0,0.05
1945.4949998951263,17.829999999999952,Mixed,timer_il2_menten,0,0.05
1940.8314104366116,17.839999999999954,Mixed,timer_il2_menten,0,0.05
1936.1790001670324,17.84999999999995,Mixed,timer_il2_menten,0,0.05
1931.5377422890706,17.85999999999995,Mixed,timer_il2_menten,0,0.05
1926.9076100705502,17.86999999999995,Mixed,timer_il2_menten,0,0.05
1922.2885768444403,17.879999999999953,Mixed,timer_il2_menten,0,0.05
1917.6806160088536,17.88999999999995,Mixed,timer_il2_menten,0,0.05
1913.08370102704,17.89999999999995,Mixed,timer_il2_menten,0,0.05
1908.497805418287,17.90999999999995,Mixed,timer_il2_menten,0,0.05
1903.9229027566253,17.919999999999952,Mixed,timer_il2_menten,0,0.05
1899.3589666907087,17.92999999999995,Mixed,timer_il2_menten,0,0.05
1894.80597093336,17.939999999999948,Mixed,timer_il2_menten,0,0.05
1890.2638892614314,17.94999999999995,Mixed,timer_il2_menten,0,0.05
1885.7326955158073,17.95999999999995,Mixed,timer_il2_menten,0,0.05
1881.212363601402,17.96999999999995,Mixed,timer_il2_menten,0,0.05
1876.7028674855096,17.979999999999947,Mixed,timer_il2_menten,0,0.05
1872.2041811816384,17.98999999999995,Mixed,timer_il2_menten,0,0.05
1867.7162787734624,17.99999999999995,Mixed,timer_il2_menten,0,0.05
1863.2391344113016,18.00999999999995,Mixed,timer_il2_menten,0,0.05
1858.7727223083582,18.019999999999946,Mixed,timer_il2_menten,0,0.05
1854.3170167407225,18.029999999999948,Mixed,timer_il2_menten,0,0.05
1849.8719920473754,18.03999999999995,Mixed,timer_il2_menten,0,0.05
1845.4376226301858,18.049999999999947,Mixed,timer_il2_menten,0,0.05
1841.0138829447264,18.059999999999945,Mixed,timer_il2_menten,0,0.05
1836.6007474989756,18.069999999999947,Mixed,timer_il2_menten,0,0.05
1832.1981908733565,18.07999999999995,Mixed,timer_il2_menten,0,0.05
1827.806187710203,18.089999999999947,Mixed,timer_il2_menten,0,0.05
1823.4247127136096,18.099999999999945,Mixed,timer_il2_menten,0,0.05
1819.053740649439,18.109999999999946,Mixed,timer_il2_menten,0,0.05
1814.693246345322,18.119999999999948,Mixed,timer_il2_menten,0,0.05
1810.3432046890653,18.129999999999946,Mixed,timer_il2_menten,0,0.05
1806.0035906130497,18.139999999999944,Mixed,timer_il2_menten,0,0.05
1801.6743791173392,18.149999999999945,Mixed,timer_il2_menten,0,0.05
1797.3555452662902,18.159999999999947,Mixed,timer_il2_menten,0,0.05
1793.0470641849226,18.169999999999945,Mixed,timer_il2_menten,0,0.05
1788.748911058917,18.179999999999943,Mixed,timer_il2_menten,0,0.05
1784.4610611346175,18.189999999999944,Mixed,timer_il2_menten,0,0.05
1780.1834897190367,18.199999999999946,Mixed,timer_il2_menten,0,0.05
1775.916172170993,18.209999999999944,Mixed,timer_il2_menten,0,0.05
1771.6590838998538,18.219999999999942,Mixed,timer_il2_menten,0,0.05
1767.4122003848697,18.229999999999944,Mixed,timer_il2_menten,0,0.05
1763.1754971650128,18.239999999999945,Mixed,timer_il2_menten,0,0.05
1758.948949838837,18.249999999999943,Mixed,timer_il2_menten,0,0.05
1754.7325340644766,18.25999999999994,Mixed,timer_il2_menten,0,0.05
1750.5262255596463,18.269999999999943,Mixed,timer_il2_menten,0,0.05
1746.330000100113,18.279999999999944,Mixed,timer_il2_menten,0,0.05
1742.1438335046441,18.289999999999942,Mixed,timer_il2_menten,0,0.05
1737.9677016572946,18.29999999999994,Mixed,timer_il2_menten,0,0.05
1733.8015805041343,18.309999999999942,Mixed,timer_il2_menten,0,0.05
1729.6454460497553,18.319999999999943,Mixed,timer_il2_menten,0,0.05
1725.4992743572682,18.32999999999994,Mixed,timer_il2_menten,0,0.05
1721.3630415482999,18.33999999999994,Mixed,timer_il2_menten,0,0.05
1717.2367238029947,18.34999999999994,Mixed,timer_il2_menten,0,0.05
1713.1202973514783,18.359999999999943,Mixed,timer_il2_menten,0,0.05
1709.013738472638,18.36999999999994,Mixed,timer_il2_menten,0,0.05
1704.91702351277,18.37999999999994,Mixed,timer_il2_menten,0,0.05
1700.8301288757784,18.38999999999994,Mixed,timer_il2_menten,0,0.05
1696.7530310230459,18.39999999999994,Mixed,timer_il2_menten,0,0.05
1692.6857064734309,18.40999999999994,Mixed,timer_il2_menten,0,0.05
1688.628131803261,18.419999999999938,Mixed,timer_il2_menten,0,0.05
1684.5802836656758,18.42999999999994,Mixed,timer_il2_menten,0,0.05
1680.5421386818098,18.43999999999994,Mixed,timer_il2_menten,0,0.05
1676.5136736256025,18.44999999999994,Mixed,timer_il2_menten,0,0.05
1672.4948652914884,18.459999999999937,Mixed,timer_il2_menten,0,0.05
1668.4856905310521,18.46999999999994,Mixed,timer_il2_menten,0,0.05
1664.4861262528957,18.47999999999994,Mixed,timer_il2_menten,0,0.05
1660.4961494224938,18.489999999999938,Mixed,timer_il2_menten,0,0.05
1656.515737062059,18.499999999999936,Mixed,timer_il2_menten,0,0.05
1652.5448662383792,18.509999999999938,Mixed,timer_il2_menten,0,0.05
1648.5835140634,18.51999999999994,Mixed,timer_il2_menten,0,0.05
1644.6316577200055,18.529999999999937,Mixed,timer_il2_menten,0,0.05
1640.6892744465542,18.539999999999935,Mixed,timer_il2_menten,0,0.05
1636.7563415365125,18.549999999999937,Mixed,timer_il2_menten,0,0.05
1632.83283633828,18.55999999999994,Mixed,timer_il2_menten,0,0.05
1628.9187362550124,18.569999999999936,Mixed,timer_il2_menten,0,0.05
1625.0140187444422,18.579999999999934,Mixed,timer_il2_menten,0,0.05
1621.1186613187056,18.589999999999936,Mixed,timer_il2_menten,0,0.05
1617.2326415441726,18.599999999999937,Mixed,timer_il2_menten,0,0.05
1613.3559370412627,18.609999999999935,Mixed,timer_il2_menten,0,0.05
1609.4885254842743,18.619999999999933,Mixed,timer_il2_menten,0,0.05
1605.6303846012033,18.629999999999935,Mixed,timer_il2_menten,0,0.05
1601.7814921735792,18.639999999999937,Mixed,timer_il2_menten,0,0.05
1597.9418260342295,18.649999999999935,Mixed,timer_il2_menten,0,0.05
1594.1113640592657,18.659999999999933,Mixed,timer_il2_menten,0,0.05
1590.2900841845262,18.669999999999934,Mixed,timer_il2_menten,0,0.05
1586.4779643996224,18.679999999999936,Mixed,timer_il2_menten,0,0.05
1582.6749827463746,18.689999999999934,Mixed,timer_il2_menten,0,0.05
1578.8811173186193,18.699999999999932,Mixed,timer_il2_menten,0,0.05
1575.0963462620157,18.709999999999933,Mixed,timer_il2_menten,0,0.05
1571.3206477738543,18.719999999999935,Mixed,timer_il2_menten,0,0.05
1567.554000102863,18.729999999999933,Mixed,timer_il2_menten,0,0.05
1563.7963815490093,18.73999999999993,Mixed,timer_il2_menten,0,0.05
1560.0477704633072,18.749999999999932,Mixed,timer_il2_menten,0,0.05
1556.308145247629,18.759999999999934,Mixed,timer_il2_menten,0,0.05
1552.5774843545082,18.769999999999932,Mixed,timer_il2_menten,0,0.05
1548.8557662869412,18.77999999999993,Mixed,timer_il2_menten,0,0.05
1545.142969599096,18.78999999999993,Mixed,timer_il2_menten,0,0.05
1541.439072927336,18.799999999999933,Mixed,timer_il2_menten,0,0.05
1537.744054950842,18.80999999999993,Mixed,timer_il2_menten,0,0.05
1534.057894386368,18.81999999999993,Mixed,timer_il2_menten,0,0.05
1530.3805700016137,18.82999999999993,Mixed,timer_il2_menten,0,0.05
1526.7120606150922,18.839999999999932,Mixed,timer_il2_menten,0,0.05
1523.0523450959959,18.84999999999993,Mixed,timer_il2_menten,0,0.05
1519.4014023640616,18.85999999999993,Mixed,timer_il2_menten,0,0.05
1515.759211389438,18.86999999999993,Mixed,timer_il2_menten,0,0.05
1512.1257511925592,18.87999999999993,Mixed,timer_il2_menten,0,0.05
1508.5010008440045,18.88999999999993,Mixed,timer_il2_menten,0,0.05
1504.8849394643676,18.899999999999928,Mixed,timer_il2_menten,0,0.05
1501.2775462241248,18.90999999999993,Mixed,timer_il2_menten,0,0.05
1497.678800343504,18.91999999999993,Mixed,timer_il2_menten,0,0.05
1494.088681092349,18.92999999999993,Mixed,timer_il2_menten,0,0.05
1490.5071677927467,18.939999999999927,Mixed,timer_il2_menten,0,0.05
1486.934239819183,18.94999999999993,Mixed,timer_il2_menten,0,0.05
1483.3698765917088,18.95999999999993,Mixed,timer_il2_menten,0,0.05
1479.8140575796097,18.969999999999928,Mixed,timer_il2_menten,0,0.05
1476.2667623013538,18.979999999999926,Mixed,timer_il2_menten,0,0.05
1472.7279703244717,18.989999999999927,Mixed,timer_il2_menten,0,0.05
1469.1976612654337,18.99999999999993,Mixed,timer_il2_menten,0,0.05
1465.6758147895243,19.009999999999927,Mixed,timer_il2_menten,0,0.05
1462.1624106107188,19.019999999999925,Mixed,timer_il2_menten,0,0.05
1458.6574284915591,19.029999999999927,Mixed,timer_il2_menten,0,0.05
1455.1608482430352,19.039999999999928,Mixed,timer_il2_menten,0,0.05
1451.6726497244597,19.049999999999926,Mixed,timer_il2_menten,0,0.05
1448.1928128433392,19.059999999999924,Mixed,timer_il2_menten,0,0.05
1444.7213175552579,19.069999999999926,Mixed,timer_il2_menten,0,0.05
1441.258143864189,19.079999999999927,Mixed,timer_il2_menten,0,0.05
1437.8032718243117,19.089999999999925,Mixed,timer_il2_menten,0,0.05
1434.356681535961,19.099999999999923,Mixed,timer_il2_menten,0,0.05
1430.9183531467943,19.109999999999925,Mixed,timer_il2_menten,0,0.05
1427.488266852034,19.119999999999926,Mixed,timer_il2_menten,0,0.05
1424.0664028943454,19.129999999999924,Mixed,timer_il2_menten,0,0.05
1420.652741563716,19.139999999999922,Mixed,timer_il2_menten,0,0.05
1417.2472631973374,19.149999999999924,Mixed,timer_il2_menten,0,0.05
1413.8499481794913,19.159999999999926,Mixed,timer_il2_menten,0,0.05
1410.460776941427,19.169999999999924,Mixed,timer_il2_menten,0,0.05
1407.0797299612375,19.17999999999992,Mixed,timer_il2_menten,0,0.05
1403.7067877637473,19.189999999999923,Mixed,timer_il2_menten,0,0.05
1400.3419309203937,19.199999999999925,Mixed,timer_il2_menten,0,0.05
1396.9851400491036,19.209999999999923,Mixed,timer_il2_menten,0,0.05
1393.636395814221,19.21999999999992,Mixed,timer_il2_menten,0,0.05
1390.2956789284412,19.229999999999922,Mixed,timer_il2_menten,0,0.05
1386.9629701502429,19.239999999999924,Mixed,timer_il2_menten,0,0.05
1383.638250283253,19.249999999999922,Mixed,timer_il2_menten,0,0.05
1380.321500177088,19.25999999999992,Mixed,timer_il2_menten,0,0.05
1377.0127007272436,19.26999999999992,Mixed,timer_il2_menten,0,0.05
1373.7118328749816,19.279999999999923,Mixed,timer_il2_menten,0,0.05
1370.418877607212,19.28999999999992,Mixed,timer_il2_menten,0,0.05
1367.1338159563757,19.29999999999992,Mixed,timer_il2_menten,0,0.05
1363.8566290003325,19.30999999999992,Mixed,timer_il2_menten,0,0.05
1360.5872978622492,19.319999999999922,Mixed,timer_il2_menten,0,0.05
1357.3258037104815,19.32999999999992,Mixed,timer_il2_menten,0,0.05
1354.0721277584557,19.339999999999918,Mixed,timer_il2_menten,0,0.05
1350.8262512645583,19.34999999999992,Mixed,timer_il2_menten,0,0.05
1347.588155532023,19.35999999999992,Mixed,timer_il2_menten,0,0.05
1344.3578219096985,19.36999999999992,Mixed,timer_il2_menten,0,0.05
1341.1352317922415,19.379999999999917,Mixed,timer_il2_menten,0,0.05
1337.9203666175908,19.38999999999992,Mixed,timer_il2_menten,0,0.05
1334.7132078681407,19.39999999999992,Mixed,timer_il2_menten,0,0.05
1331.513737070662,19.40999999999992,Mixed,timer_il2_menten,0,0.05
1328.3219357961902,19.419999999999916,Mixed,timer_il2_menten,0,0.05
1325.137785659917,19.429999999999918,Mixed,timer_il2_menten,0,0.05
1321.961268321083,19.43999999999992,Mixed,timer_il2_menten,0,0.05
1318.7923654828667,19.449999999999918,Mixed,timer_il2_menten,0,0.05
1315.631058892271,19.459999999999916,Mixed,timer_il2_menten,0,0.05
1312.4773303400152,19.469999999999917,Mixed,timer_il2_menten,0,0.05
1309.3311616604292,19.47999999999992,Mixed,timer_il2_menten,0,0.05
1306.1925347314418,19.489999999999917,Mixed,timer_il2_menten,0,0.05
1303.061431475261,19.499999999999915,Mixed,timer_il2_menten,0,0.05
1299.9378338569368,19.509999999999916,Mixed,timer_il2_menten,0,0.05
1296.821723884551,19.519999999999918,Mixed,timer_il2_menten,0,0.05
1293.7130836092956,19.529999999999916,Mixed,timer_il2_menten,0,0.05
1290.6118951253593,19.539999999999914,Mixed,timer_il2_menten,0,0.05
1287.5181405698231,19.549999999999915,Mixed,timer_il2_menten,0,0.05
1284.4318021225554,19.559999999999917,Mixed,timer_il2_menten,0,0.05
1281.352862006102,19.569999999999915,Mixed,timer_il2_menten,0,0.05
1278.281302485576,19.579999999999913,Mixed,timer_il2_menten,0,0.05
1275.2171058685535,19.589999999999915,Mixed,timer_il2_menten,0,0.05
1272.1602545049668,19.599999999999916,Mixed,timer_il2_menten,0,0.05
1269.1107307869959,19.609999999999914,Mixed,timer_il2_menten,0,0.05
1266.0685171498765,19.619999999999912,Mixed,timer_il2_menten,0,0.05
1263.0335960712305,19.629999999999914,Mixed,timer_il2_menten,0,0.05
1260.0059500699253,19.639999999999915,Mixed,timer_il2_menten,0,0.05
1256.9855617067187,19.649999999999913,Mixed,timer_il2_menten,0,0.05
1253.9724135841486,19.65999999999991,Mixed,timer_il2_menten,0,0.05
1250.9664883464352,19.669999999999913,Mixed,timer_il2_menten,0,0.05
1247.9677686793768,19.679999999999914,Mixed,timer_il2_menten,0,0.05
1244.976237310244,19.689999999999912,Mixed,timer_il2_menten,0,0.05
1241.9918770076733,19.69999999999991,Mixed,timer_il2_menten,0,0.05
1239.0146705815655,19.709999999999912,Mixed,timer_il2_menten,0,0.05
1236.044600882985,19.719999999999914,Mixed,timer_il2_menten,0,0.05
1233.0816508040498,19.72999999999991,Mixed,timer_il2_menten,0,0.05
1230.125803278093,19.73999999999991,Mixed,timer_il2_menten,0,0.05
1227.1770412803498,19.74999999999991,Mixed,timer_il2_menten,0,0.05
1224.2353478260866,19.759999999999913,Mixed,timer_il2_menten,0,0.05
1221.300705971153,19.76999999999991,Mixed,timer_il2_menten,0,0.05
1218.3730988119971,19.77999999999991,Mixed,timer_il2_menten,0,0.05
1215.452509485564,19.78999999999991,Mixed,timer_il2_menten,0,0.05
1212.5389211691986,19.799999999999912,Mixed,timer_il2_menten,0,0.05
1209.6323170805422,19.80999999999991,Mixed,timer_il2_menten,0,0.05
1206.7326804774284,19.819999999999908,Mixed,timer_il2_menten,0,0.05
1203.8399946577852,19.82999999999991,Mixed,timer_il2_menten,0,0.05
1200.9542429595358,19.83999999999991,Mixed,timer_il2_menten,0,0.05
1198.0754087604944,19.84999999999991,Mixed,timer_il2_menten,0,0.05
1195.2034754782874,19.859999999999907,Mixed,timer_il2_menten,0,0.05
1192.3384265712382,19.86999999999991,Mixed,timer_il2_menten,0,0.05
1189.4802455371337,19.87999999999991,Mixed,timer_il2_menten,0,0.05
1186.628915912861,19.889999999999908,Mixed,timer_il2_menten,0,0.05
1183.7844212747543,19.899999999999906,Mixed,timer_il2_menten,0,0.05
1180.946745238497,19.909999999999908,Mixed,timer_il2_menten,0,0.05
1178.1158714590276,19.91999999999991,Mixed,timer_il2_menten,0,0.05
1175.2917836304373,19.929999999999907,Mixed,timer_il2_menten,0,0.05
1172.4744654858719,19.939999999999905,Mixed,timer_il2_menten,0,0.05
1169.6639007974345,19.949999999999907,Mixed,timer_il2_menten,0,0.05
1166.86007337609,19.95999999999991,Mixed,timer_il2_menten,0,0.05
1164.0629670715648,19.969999999999906,Mixed,timer_il2_menten,0,0.05
1161.2725657722463,19.979999999999905,Mixed,timer_il2_menten,0,0.05
1158.4888532350733,19.989999999999906,Mixed,timer_il2_menten,0,0.05
1155.7118138292126,19.999999999999908,Mixed,timer_il2_menten,0,0.05
1152.9414313076427,20.009999999999906,Mixed,timer_il2_menten,0,0.05
1150.1776897178788,20.019999999999904,Mixed,timer_il2_menten,0,0.05
1147.4205731447505,20.029999999999905,Mixed,timer_il2_menten,0,0.05
1144.6700657104057,20.039999999999907,Mixed,timer_il2_menten,0,0.05
1141.9261515743071,20.049999999999905,Mixed,timer_il2_menten,0,0.05
1139.1888149332312,20.059999999999903,Mixed,timer_il2_menten,0,0.05
1136.4580400212694,20.069999999999904,Mixed,timer_il2_menten,0,0.05
1133.7338111098306,20.079999999999906,Mixed,timer_il2_menten,0,0.05
1131.0161125076388,20.089999999999904,Mixed,timer_il2_menten,0,0.05
1128.3049285607312,20.099999999999902,Mixed,timer_il2_menten,0,0.05
1125.6002436524911,20.109999999999904,Mixed,timer_il2_menten,0,0.05
1122.9020422040123,20.119999999999905,Mixed,timer_il2_menten,0,0.05
1120.2103086735851,20.129999999999903,Mixed,timer_il2_menten,0,0.05
1117.5250275567455,20.1399999999999,Mixed,timer_il2_menten,0,0.05
1114.846183386371,20.149999999999903,Mixed,timer_il2_menten,0,0.05
1112.173760732681,20.159999999999904,Mixed,timer_il2_menten,0,0.05
1109.5077442032366,20.169999999999902,Mixed,timer_il2_menten,0,0.05
1106.848118442936,20.1799999999999,Mixed,timer_il2_menten,0,0.05
1104.1948681315262,20.189999999999902,Mixed,timer_il2_menten,0,0.05
1101.5479779826833,20.199999999999903,Mixed,timer_il2_menten,0,0.05
1098.9074327503272,20.2099999999999,Mixed,timer_il2_menten,0,0.05
1096.2732172254555,20.2199999999999,Mixed,timer_il2_menten,0,0.05
1093.645316236075,20.2299999999999,Mixed,timer_il2_menten,0,0.05
1091.0237146472034,20.239999999999903,Mixed,timer_il2_menten,0,0.05
1088.4083973608685,20.2499999999999,Mixed,timer_il2_menten,0,0.05
1085.799349315358,20.2599999999999,Mixed,timer_il2_menten,0,0.05
1083.1965554762555,20.2699999999999,Mixed,timer_il2_menten,0,0.05
1080.6000008490853,20.2799999999999,Mixed,timer_il2_menten,0,0.05
1078.009670478044,20.2899999999999,Mixed,timer_il2_menten,0,0.05
1075.4255494437084,20.299999999999898,Mixed,timer_il2_menten,0,0.05
1072.8476228630361,20.3099999999999,Mixed,timer_il2_menten,0,0.05
1070.2758758893683,20.3199999999999,Mixed,timer_il2_menten,0,0.05
1067.7102937124282,20.3299999999999,Mixed,timer_il2_menten,0,0.05
1065.1508615534353,20.339999999999897,Mixed,timer_il2_menten,0,0.05
1062.597564663315,20.3499999999999,Mixed,timer_il2_menten,0,0.05
1060.0503883350552,20.3599999999999,Mixed,timer_il2_menten,0,0.05
1057.509317897515,20.369999999999898,Mixed,timer_il2_menten,0,0.05
1054.9743387152841,20.379999999999896,Mixed,timer_il2_menten,0,0.05
1052.445436188685,20.389999999999898,Mixed,timer_il2_menten,0,0.05
1049.9225957537758,20.3999999999999,Mixed,timer_il2_menten,0,0.05
1047.4058028815875,20.409999999999897,Mixed,timer_il2_menten,0,0.05
1044.8950430690186,20.419999999999895,Mixed,timer_il2_menten,0,0.05
1042.3903018516758,20.429999999999897,Mixed,timer_il2_menten,0,0.05
1039.8915648025886,20.4399999999999,Mixed,timer_il2_menten,0,0.05
1037.3988175298825,20.449999999999896,Mixed,timer_il2_menten,0,0.05
1034.9120456767755,20.459999999999894,Mixed,timer_il2_menten,0,0.05
1032.4312349215816,20.469999999999896,Mixed,timer_il2_menten,0,0.05
1029.956370977711,20.479999999999897,Mixed,timer_il2_menten,0,0.05
1027.4874395889601,20.489999999999895,Mixed,timer_il2_menten,0,0.05
1025.024426527774,20.499999999999893,Mixed,timer_il2_menten,0,0.05
1022.5673176071755,20.509999999999895,Mixed,timer_il2_menten,0,0.05
1020.1160986747908,20.519999999999897,Mixed,timer_il2_menten,0,0.05
1017.6707556127158,20.529999999999895,Mixed,timer_il2_menten,0,0.05
1015.2312743375131,20.539999999999893,Mixed,timer_il2_menten,0,0.05
1012.797640800216,20.549999999999894,Mixed,timer_il2_menten,0,0.05
1010.3698409855964,20.559999999999896,Mixed,timer_il2_menten,0,0.05
1007.9478609033787,20.569999999999894,Mixed,timer_il2_menten,0,0.05
1005.5316866006267,20.57999999999989,Mixed,timer_il2_menten,0,0.05
1003.1213041605017,20.589999999999893,Mixed,timer_il2_menten,0,0.05
1000.7166997000213,20.599999999999895,Mixed,timer_il2_menten,0,0.05
998.317859370057,20.609999999999893,Mixed,timer_il2_menten,0,0.05
995.9247693553333,20.61999999999989,Mixed,timer_il2_menten,0,0.05
993.5374158744288,20.629999999999892,Mixed,timer_il2_menten,0,0.05
991.1557851752336,20.639999999999894,Mixed,timer_il2_menten,0,0.05
988.7798635332784,20.649999999999892,Mixed,timer_il2_menten,0,0.05
986.4096372632325,20.65999999999989,Mixed,timer_il2_menten,0,0.05
984.0450927131444,20.66999999999989,Mixed,timer_il2_menten,0,0.05
981.6862162643147,20.679999999999893,Mixed,timer_il2_menten,0,0.05
979.3329943312942,20.68999999999989,Mixed,timer_il2_menten,0,0.05
976.9854133618835,20.69999999999989,Mixed,timer_il2_menten,0,0.05
974.6434598364272,20.70999999999989,Mixed,timer_il2_menten,0,0.05
972.3071202593413,20.719999999999892,Mixed,timer_il2_menten,0,0.05
969.9763811710636,20.72999999999989,Mixed,timer_il2_menten,0,0.05
967.6512291468507,20.73999999999989,Mixed,timer_il2_menten,0,0.05
965.3316507946163,20.74999999999989,Mixed,timer_il2_menten,0,0.05
963.0176327549333,20.75999999999989,Mixed,timer_il2_menten,0,0.05
960.7091617010317,20.76999999999989,Mixed,timer_il2_menten,0,0.05
958.4062243387971,20.779999999999887,Mixed,timer_il2_menten,0,0.05
956.1088074108206,20.78999999999989,Mixed,timer_il2_menten,0,0.05
953.816897656365,20.79999999999989,Mixed,timer_il2_menten,0,0.05
951.5304818895142,20.80999999999989,Mixed,timer_il2_menten,0,0.05
949.2495469400044,20.819999999999887,Mixed,timer_il2_menten,0,0.05
946.9740796700089,20.829999999999888,Mixed,timer_il2_menten,0,0.05
944.7040669740608,20.83999999999989,Mixed,timer_il2_menten,0,0.05
942.4394957789737,20.849999999999888,Mixed,timer_il2_menten,0,0.05
940.1803530422987,20.859999999999886,Mixed,timer_il2_menten,0,0.05
937.9266257361556,20.869999999999887,Mixed,timer_il2_menten,0,0.05
935.6783008739667,20.87999999999989,Mixed,timer_il2_menten,0,0.05
933.4353655055213,20.889999999999887,Mixed,timer_il2_menten,0,0.05
931.1978067120663,20.899999999999885,Mixed,timer_il2_menten,0,0.05
928.9656116062154,20.909999999999886,Mixed,timer_il2_menten,0,0.05
926.7387673318592,20.919999999999888,Mixed,timer_il2_menten,0,0.05
924.5172610640711,20.929999999999886,Mixed,timer_il2_menten,0,0.05
922.3010800090151,20.939999999999884,Mixed,timer_il2_menten,0,0.05
920.090211403854,20.949999999999886,Mixed,timer_il2_menten,0,0.05
917.8846425166603,20.959999999999887,Mixed,timer_il2_menten,0,0.05
915.6843606463224,20.969999999999885,Mixed,timer_il2_menten,0,0.05
913.4893531224507,20.979999999999883,Mixed,timer_il2_menten,0,0.05
911.2996073052886,20.989999999999885,Mixed,timer_il2_menten,0,0.05
909.1151105856204,20.999999999999886,Mixed,timer_il2_menten,0,0.05
906.9358503846797,21.009999999999884,Mixed,timer_il2_menten,0,0.05
904.7618141540546,21.019999999999882,Mixed,timer_il2_menten,0,0.05
902.5929893755983,21.029999999999884,Mixed,timer_il2_menten,0,0.05
900.4293635613385,21.039999999999885,Mixed,timer_il2_menten,0,0.05
898.2709242506415,21.049999999999883,Mixed,timer_il2_menten,0,0.05
896.1176589989731,21.05999999999988,Mixed,timer_il2_menten,0,0.05
893.9695554020287,21.069999999999883,Mixed,timer_il2_menten,0,0.05
891.8266010871233,21.079999999999885,Mixed,timer_il2_menten,0,0.05
889.6887837109261,21.089999999999883,Mixed,timer_il2_menten,0,0.05
887.5560909593557,21.09999999999988,Mixed,timer_il2_menten,0,0.05
885.4285105474784,21.109999999999882,Mixed,timer_il2_menten,0,0.05
883.3060302194051,21.119999999999884,Mixed,timer_il2_menten,0,0.05
881.1886377481885,21.12999999999988,Mixed,timer_il2_menten,0,0.05
879.0763209357149,21.13999999999988,Mixed,timer_il2_menten,0,0.05
876.9690676126052,21.14999999999988,Mixed,timer_il2_menten,0,0.05
874.8668656381111,21.159999999999883,Mixed,timer_il2_menten,0,0.05
872.7697029000108,21.16999999999988,Mixed,timer_il2_menten,0,0.05
870.677567314503,21.17999999999988,Mixed,timer_il2_menten,0,0.05
868.5904468261064,21.18999999999988,Mixed,timer_il2_menten,0,0.05
866.5083294075567,21.199999999999882,Mixed,timer_il2_menten,0,0.05
864.4312030597016,21.20999999999988,Mixed,timer_il2_menten,0,0.05
862.3590558113958,21.219999999999878,Mixed,timer_il2_menten,0,0.05
860.2918757193994,21.22999999999988,Mixed,timer_il2_menten,0,0.05
858.229650880407,21.23999999999988,Mixed,timer_il2_menten,0,0.05
856.172369447084,21.24999999999988,Mixed,timer_il2_menten,0,0.05
854.1200195717973,21.259999999999877,Mixed,timer_il2_menten,0,0.05
852.0725894330863,21.26999999999988,Mixed,timer_il2_menten,0,0.05
850.030067237768,21.27999999999988,Mixed,timer_il2_menten,0,0.05
847.9924412208625,21.28999999999988,Mixed,timer_il2_menten,0,0.05
845.9596996455148,21.299999999999876,Mixed,timer_il2_menten,0,0.05
843.931830802923,21.309999999999878,Mixed,timer_il2_menten,0,0.05
841.9088230122627,21.31999999999988,Mixed,timer_il2_menten,0,0.05
839.8906646206146,21.329999999999878,Mixed,timer_il2_menten,0,0.05
837.8773440028838,21.339999999999876,Mixed,timer_il2_menten,0,0.05
835.8688495617299,21.349999999999877,Mixed,timer_il2_menten,0,0.05
833.8651697274922,21.35999999999988,Mixed,timer_il2_menten,0,0.05
831.8662929581133,21.369999999999877,Mixed,timer_il2_menten,0,0.05
829.8722077390637,21.379999999999875,Mixed,timer_il2_menten,0,0.05
827.8829025832678,21.389999999999876,Mixed,timer_il2_menten,0,0.05
825.8983660310308,21.399999999999878,Mixed,timer_il2_menten,0,0.05
823.9185866499625,21.409999999999876,Mixed,timer_il2_menten,0,0.05
821.943553034901,21.419999999999874,Mixed,timer_il2_menten,0,0.05
819.973253811992,21.429999999999875,Mixed,timer_il2_menten,0,0.05
818.0076776383024,21.439999999999877,Mixed,timer_il2_menten,0,0.05
816.0468131922712,21.449999999999875,Mixed,timer_il2_menten,0,0.05
814.0906491793663,21.459999999999873,Mixed,timer_il2_menten,0,0.05
812.139174332106,21.469999999999875,Mixed,timer_il2_menten,0,0.05
810.1923774099905,21.479999999999876,Mixed,timer_il2_menten,0,0.05
808.2502471994328,21.489999999999874,Mixed,timer_il2_menten,0,0.05
806.3127725136881,21.499999999999872,Mixed,timer_il2_menten,0,0.05
804.3799421927877,21.509999999999874,Mixed,timer_il2_menten,0,0.05
802.4517451034706,21.519999999999875,Mixed,timer_il2_menten,0,0.05
800.5281701391143,21.529999999999873,Mixed,timer_il2_menten,0,0.05
798.6092062196649,21.53999999999987,Mixed,timer_il2_menten,0,0.05
796.6948422915698,21.549999999999873,Mixed,timer_il2_menten,0,0.05
794.7850673277098,21.559999999999874,Mixed,timer_il2_menten,0,0.05
792.879870327331,21.569999999999872,Mixed,timer_il2_menten,0,0.05
790.9792403159722,21.57999999999987,Mixed,timer_il2_menten,0,0.05
789.0831663454007,21.589999999999872,Mixed,timer_il2_menten,0,0.05
787.1916374935424,21.599999999999874,Mixed,timer_il2_menten,0,0.05
785.304642864419,21.60999999999987,Mixed,timer_il2_menten,0,0.05
783.4221715910355,21.61999999999987,Mixed,timer_il2_menten,0,0.05
781.544212832632,21.62999999999987,Mixed,timer_il2_menten,0,0.05
779.6707557722193,21.639999999999873,Mixed,timer_il2_menten,0,0.05
777.8017896187182,21.64999999999987,Mixed,timer_il2_menten,0,0.05
775.9373036068907,21.65999999999987,Mixed,timer_il2_menten,0,0.05
774.0772869972768,21.66999999999987,Mixed,timer_il2_menten,0,0.05
772.2217290761303,21.679999999999872,Mixed,timer_il2_menten,0,0.05
770.3706191553517,21.68999999999987,Mixed,timer_il2_menten,0,0.05
768.5239465724219,21.699999999999868,Mixed,timer_il2_menten,0,0.05
766.6817006903373,21.70999999999987,Mixed,timer_il2_menten,0,0.05
764.8438708975465,21.71999999999987,Mixed,timer_il2_menten,0,0.05
763.0104466078826,21.72999999999987,Mixed,timer_il2_menten,0,0.05
761.1814172604973,21.739999999999867,Mixed,timer_il2_menten,0,0.05
759.3567723197962,21.74999999999987,Mixed,timer_il2_menten,0,0.05
757.5365012753745,21.75999999999987,Mixed,timer_il2_menten,0,0.05
755.7205936419507,21.769999999999868,Mixed,timer_il2_menten,0,0.05
753.9090389592999,21.779999999999866,Mixed,timer_il2_menten,0,0.05
752.1018267921886,21.789999999999868,Mixed,timer_il2_menten,0,0.05
750.298945567555,21.79999999999987,Mixed,timer_il2_menten,0,0.05
748.5003875099128,21.809999999999867,Mixed,timer_il2_menten,0,0.05
746.7061407605688,21.819999999999865,Mixed,timer_il2_menten,0,0.05
744.9161949938696,21.829999999999867,Mixed,timer_il2_menten,0,0.05
743.1305399078778,21.83999999999987,Mixed,timer_il2_menten,0,0.05
741.3491652243728,21.849999999999866,Mixed,timer_il2_menten,0,0.05
739.5720606888478,21.859999999999864,Mixed,timer_il2_menten,0,0.05
737.799216070513,21.869999999999866,Mixed,timer_il2_menten,0,0.05
736.0306211622949,21.879999999999868,Mixed,timer_il2_menten,0,0.05
734.2662657808362,21.889999999999866,Mixed,timer_il2_menten,0,0.05
732.5061397664949,21.899999999999864,Mixed,timer_il2_menten,0,0.05
730.7502329833444,21.909999999999865,Mixed,timer_il2_menten,0,0.05
728.9985353191753,21.919999999999867,Mixed,timer_il2_menten,0,0.05
727.251036685494,21.929999999999865,Mixed,timer_il2_menten,0,0.05
725.5077270175223,21.939999999999863,Mixed,timer_il2_menten,0,0.05
723.7685962741973,21.949999999999864,Mixed,timer_il2_menten,0,0.05
722.0336344381735,21.959999999999866,Mixed,timer_il2_menten,0,0.05
720.3028315158217,21.969999999999864,Mixed,timer_il2_menten,0,0.05
718.5761775372267,21.979999999999862,Mixed,timer_il2_menten,0,0.05
716.8536625563466,21.989999999999863,Mixed,timer_il2_menten,0,0.05
715.1352766523589,21.999999999999865,Mixed,timer_il2_menten,0,0.05
713.4210099273166,22.009999999999863,Mixed,timer_il2_menten,0,0.05
711.7108525066659,22.01999999999986,Mixed,timer_il2_menten,0,0.05
710.0047945396007,22.029999999999863,Mixed,timer_il2_menten,0,0.05
708.3028261990644,22.039999999999864,Mixed,timer_il2_menten,0,0.05
706.6049376817475,22.049999999999862,Mixed,timer_il2_menten,0,0.05
704.9111192080878,22.05999999999986,Mixed,timer_il2_menten,0,0.05
703.2213610222705,22.06999999999986,Mixed,timer_il2_menten,0,0.05
701.5356533922297,22.079999999999863,Mixed,timer_il2_menten,0,0.05
699.8539866096485,22.08999999999986,Mixed,timer_il2_menten,0,0.05
698.1763509899554,22.09999999999986,Mixed,timer_il2_menten,0,0.05
696.5027368723272,22.10999999999986,Mixed,timer_il2_menten,0,0.05
694.8331346196899,22.119999999999862,Mixed,timer_il2_menten,0,0.05
693.1675346128977,22.12999999999986,Mixed,timer_il2_menten,0,0.05
691.5059272428333,22.13999999999986,Mixed,timer_il2_menten,0,0.05
689.8483029372146,22.14999999999986,Mixed,timer_il2_menten,0,0.05
688.194652148167,22.15999999999986,Mixed,timer_il2_menten,0,0.05
686.5449653512001,22.16999999999986,Mixed,timer_il2_menten,0,0.05
684.8992330452038,22.179999999999858,Mixed,timer_il2_menten,0,0.05
683.2574457524533,22.18999999999986,Mixed,timer_il2_menten,0,0.05
681.6195940186074,22.19999999999986,Mixed,timer_il2_menten,0,0.05
679.9856684127083,22.20999999999986,Mixed,timer_il2_menten,0,0.05
678.3556595271809,22.219999999999857,Mixed,timer_il2_menten,0,0.05
676.7295579778328,22.22999999999986,Mixed,timer_il2_menten,0,0.05
675.1073544038566,22.23999999999986,Mixed,timer_il2_menten,0,0.05
673.4890394678283,22.249999999999858,Mixed,timer_il2_menten,0,0.05
671.8746038557057,22.259999999999856,Mixed,timer_il2_menten,0,0.05
670.2640382524942,22.269999999999857,Mixed,timer_il2_menten,0,0.05
668.6573333599309,22.27999999999986,Mixed,timer_il2_menten,0,0.05
667.0544799231815,22.289999999999857,Mixed,timer_il2_menten,0,0.05
665.4554687100743,22.299999999999855,Mixed,timer_il2_menten,0,0.05
663.8602905111009,22.309999999999857,Mixed,timer_il2_menten,0,0.05
662.2689361394168,22.319999999999858,Mixed,timer_il2_menten,0,0.05
660.681396430842,22.329999999999856,Mixed,timer_il2_menten,0,0.05
659.0976622438573,22.339999999999854,Mixed,timer_il2_menten,0,0.05
657.5177244596073,22.349999999999856,Mixed,timer_il2_menten,0,0.05
655.9415739819015,22.359999999999857,Mixed,timer_il2_menten,0,0.05
654.3692017372118,22.369999999999855,Mixed,timer_il2_menten,0,0.05
652.8005986746729,22.379999999999853,Mixed,timer_il2_menten,0,0.05
651.2357557660825,22.389999999999855,Mixed,timer_il2_menten,0,0.05
649.674664003664,22.399999999999856,Mixed,timer_il2_menten,0,0.05
648.1173143681822,22.409999999999854,Mixed,timer_il2_menten,0,0.05
646.5636978784257,22.419999999999852,Mixed,timer_il2_menten,0,0.05
645.0138055854919,22.429999999999854,Mixed,timer_il2_menten,0,0.05
643.4676285624093,22.439999999999856,Mixed,timer_il2_menten,0,0.05
641.925157904138,22.449999999999854,Mixed,timer_il2_menten,0,0.05
640.386384727567,22.45999999999985,Mixed,timer_il2_menten,0,0.05
638.8513001715171,22.469999999999853,Mixed,timer_il2_menten,0,0.05
637.3198953967405,22.479999999999855,Mixed,timer_il2_menten,0,0.05
635.7921615859211,22.489999999999853,Mixed,timer_il2_menten,0,0.05
634.2680899436716,22.49999999999985,Mixed,timer_il2_menten,0,0.05
632.7476716965364,22.509999999999852,Mixed,timer_il2_menten,0,0.05
631.2308980929914,22.519999999999854,Mixed,timer_il2_menten,0,0.05
629.7177604034437,22.529999999999852,Mixed,timer_il2_menten,0,0.05
628.2082499114583,22.53999999999985,Mixed,timer_il2_menten,0,0.05
626.702357892781,22.54999999999985,Mixed,timer_il2_menten,0,0.05
625.2000756699279,22.559999999999853,Mixed,timer_il2_menten,0,0.05
623.7013945898216,22.56999999999985,Mixed,timer_il2_menten,0,0.05
622.2063060206066,22.57999999999985,Mixed,timer_il2_menten,0,0.05
620.714801351649,22.58999999999985,Mixed,timer_il2_menten,0,0.05
619.2268719935385,22.599999999999852,Mixed,timer_il2_menten,0,0.05
617.742509378086,22.60999999999985,Mixed,timer_il2_menten,0,0.05
616.2617049583237,22.61999999999985,Mixed,timer_il2_menten,0,0.05
614.7844502085062,22.62999999999985,Mixed,timer_il2_menten,0,0.05
613.3107366241103,22.63999999999985,Mixed,timer_il2_menten,0,0.05
611.8405557218358,22.64999999999985,Mixed,timer_il2_menten,0,0.05
610.3738990396027,22.659999999999847,Mixed,timer_il2_menten,0,0.05
608.9107581365532,22.66999999999985,Mixed,timer_il2_menten,0,0.05
607.451124575613,22.67999999999985,Mixed,timer_il2_menten,0,0.05
605.9949899287683,22.68999999999985,Mixed,timer_il2_menten,0,0.05
604.5423458082645,22.699999999999847,Mixed,timer_il2_menten,0,0.05
603.0931838469197,22.709999999999848,Mixed,timer_il2_menten,0,0.05
601.6474956980104,22.71999999999985,Mixed,timer_il2_menten,0,0.05
600.2052730352693,22.729999999999848,Mixed,timer_il2_menten,0,0.05
598.7665075528848,22.739999999999846,Mixed,timer_il2_menten,0,0.05
597.3311909655022,22.749999999999847,Mixed,timer_il2_menten,0,0.05
595.8993150082239,22.75999999999985,Mixed,timer_il2_menten,0,0.05
594.4708714366097,22.769999999999847,Mixed,timer_il2_menten,0,0.05
593.0458520266745,22.779999999999845,Mixed,timer_il2_menten,0,0.05
591.6242485748902,22.789999999999846,Mixed,timer_il2_menten,0,0.05
590.2060528913285,22.799999999999848,Mixed,timer_il2_menten,0,0.05
588.7912567897532,22.809999999999846,Mixed,timer_il2_menten,0,0.05
587.379852119516,22.819999999999844,Mixed,timer_il2_menten,0,0.05
585.9718307511171,22.829999999999846,Mixed,timer_il2_menten,0,0.05
584.5671845749732,22.839999999999847,Mixed,timer_il2_menten,0,0.05
583.1659055014176,22.849999999999845,Mixed,timer_il2_menten,0,0.05
581.7679854606979,22.859999999999843,Mixed,timer_il2_menten,0,0.05
580.3734164029779,22.869999999999845,Mixed,timer_il2_menten,0,0.05
578.9821902983381,22.879999999999846,Mixed,timer_il2_menten,0,0.05
577.5942991367756,22.889999999999844,Mixed,timer_il2_menten,0,0.05
576.2097349282014,22.899999999999842,Mixed,timer_il2_menten,0,0.05
574.8284897024432,22.909999999999844,Mixed,timer_il2_menten,0,0.05
573.4505555059571,22.919999999999845,Mixed,timer_il2_menten,0,0.05
572.0759243830498,22.929999999999843,Mixed,timer_il2_menten,0,0.05
570.7045884115918,22.93999999999984,Mixed,timer_il2_menten,0,0.05
569.336539692765,22.949999999999843,Mixed,timer_il2_menten,0,0.05
567.9717703470834,22.959999999999845,Mixed,timer_il2_menten,0,0.05
566.6102725143911,22.969999999999843,Mixed,timer_il2_menten,0,0.05
565.2520383538618,22.97999999999984,Mixed,timer_il2_menten,0,0.05
563.897060044,22.989999999999842,Mixed,timer_il2_menten,0,0.05
562.5453297826413,22.999999999999844,Mixed,timer_il2_menten,0,0.05
561.1968397869522,23.00999999999984,Mixed,timer_il2_menten,0,0.05
559.8515822934287,23.01999999999984,Mixed,timer_il2_menten,0,0.05
558.509549557897,23.02999999999984,Mixed,timer_il2_menten,0,0.05
557.1707338547103,23.039999999999843,Mixed,timer_il2_menten,0,0.05
555.8351274572028,23.04999999999984,Mixed,timer_il2_menten,0,0.05
554.5027226643548,23.05999999999984,Mixed,timer_il2_menten,0,0.05
553.1735118015083,23.06999999999984,Mixed,timer_il2_menten,0,0.05
551.8474872127774,23.079999999999842,Mixed,timer_il2_menten,0,0.05
550.5246412610486,23.08999999999984,Mixed,timer_il2_menten,0,0.05
549.2049663279779,23.099999999999838,Mixed,timer_il2_menten,0,0.05
547.8884548139939,23.10999999999984,Mixed,timer_il2_menten,0,0.05
546.5750991382968,23.11999999999984,Mixed,timer_il2_menten,0,0.05
545.2648917388589,23.12999999999984,Mixed,timer_il2_menten,0,0.05
543.957825072423,23.139999999999837,Mixed,timer_il2_menten,0,0.05
542.6538916145032,23.14999999999984,Mixed,timer_il2_menten,0,0.05
541.3530838593853,23.15999999999984,Mixed,timer_il2_menten,0,0.05
540.0553943051602,23.16999999999984,Mixed,timer_il2_menten,0,0.05
538.760815464542,23.179999999999836,Mixed,timer_il2_menten,0,0.05
537.4693398806735,23.189999999999838,Mixed,timer_il2_menten,0,0.05
536.1809601149278,23.19999999999984,Mixed,timer_il2_menten,0,0.05
534.8956687469057,23.209999999999837,Mixed,timer_il2_menten,0,0.05
533.6134583744365,23.219999999999835,Mixed,timer_il2_menten,0,0.05
532.3343216135777,23.229999999999837,Mixed,timer_il2_menten,0,0.05
531.0582510986169,23.23999999999984,Mixed,timer_il2_menten,0,0.05
529.78523948207,23.249999999999837,Mixed,timer_il2_menten,0,0.05
528.515279434681,23.259999999999835,Mixed,timer_il2_menten,0,0.05
527.2483636454224,23.269999999999836,Mixed,timer_il2_menten,0,0.05
525.9844848214964,23.279999999999838,Mixed,timer_il2_menten,0,0.05
524.7236356759348,23.289999999999836,Mixed,timer_il2_menten,0,0.05
523.4658089214906,23.299999999999834,Mixed,timer_il2_menten,0,0.05
522.2109973117875,23.309999999999835,Mixed,timer_il2_menten,0,0.05
520.9591936191799,23.319999999999837,Mixed,timer_il2_menten,0,0.05
519.7103906338473,23.329999999999835,Mixed,timer_il2_menten,0,0.05
518.4645811637932,23.339999999999833,Mixed,timer_il2_menten,0,0.05
517.221758034848,23.349999999999834,Mixed,timer_il2_menten,0,0.05
515.9819140906667,23.359999999999836,Mixed,timer_il2_menten,0,0.05
514.7450421927309,23.369999999999834,Mixed,timer_il2_menten,0,0.05
513.5111352203464,23.379999999999832,Mixed,timer_il2_menten,0,0.05
512.280186070644,23.389999999999834,Mixed,timer_il2_menten,0,0.05
511.0521876585816,23.399999999999835,Mixed,timer_il2_menten,0,0.05
509.82713291694193,23.409999999999833,Mixed,timer_il2_menten,0,0.05
508.6050147963324,23.41999999999983,Mixed,timer_il2_menten,0,0.05
507.38582626518587,23.429999999999833,Mixed,timer_il2_menten,0,0.05
506.16956030976144,23.439999999999834,Mixed,timer_il2_menten,0,0.05
504.9562099341437,23.449999999999832,Mixed,timer_il2_menten,0,0.05
503.7457681355702,23.45999999999983,Mixed,timer_il2_menten,0,0.05
502.5382278984265,23.469999999999832,Mixed,timer_il2_menten,0,0.05
501.33358226561603,23.479999999999833,Mixed,timer_il2_menten,0,0.05
500.1318242983181,23.48999999999983,Mixed,timer_il2_menten,0,0.05
498.93294707479856,23.49999999999983,Mixed,timer_il2_menten,0,0.05
497.7369436904126,23.50999999999983,Mixed,timer_il2_menten,0,0.05
496.5438072576046,23.519999999999833,Mixed,timer_il2_menten,0,0.05
495.3535309059079,23.52999999999983,Mixed,timer_il2_menten,0,0.05
494.16610778194286,23.53999999999983,Mixed,timer_il2_menten,0,0.05
492.98153104941923,23.54999999999983,Mixed,timer_il2_menten,0,0.05
491.7997938891359,23.55999999999983,Mixed,timer_il2_menten,0,0.05
490.62088949898015,23.56999999999983,Mixed,timer_il2_menten,0,0.05
489.44481109392746,23.579999999999828,Mixed,timer_il2_menten,0,0.05
488.27155190604157,23.58999999999983,Mixed,timer_il2_menten,0,0.05
487.10110518447567,23.59999999999983,Mixed,timer_il2_menten,0,0.05
485.9334641954719,23.60999999999983,Mixed,timer_il2_menten,0,0.05
484.7686222223599,23.619999999999827,Mixed,timer_il2_menten,0,0.05
483.6065725409553,23.62999999999983,Mixed,timer_il2_menten,0,0.05
482.44730841909643,23.63999999999983,Mixed,timer_il2_menten,0,0.05
481.29082317824884,23.649999999999828,Mixed,timer_il2_menten,0,0.05
480.13711015702233,23.659999999999826,Mixed,timer_il2_menten,0,0.05
478.98616271043744,23.669999999999828,Mixed,timer_il2_menten,0,0.05
477.8379742099281,23.67999999999983,Mixed,timer_il2_menten,0,0.05
476.69253804333937,23.689999999999827,Mixed,timer_il2_menten,0,0.05
475.5498476149274,23.699999999999825,Mixed,timer_il2_menten,0,0.05
474.40989634536015,23.709999999999827,Mixed,timer_il2_menten,0,0.05
473.27267767171804,23.71999999999983,Mixed,timer_il2_menten,0,0.05
472.1381850474932,23.729999999999826,Mixed,timer_il2_menten,0,0.05
471.00641194258833,23.739999999999824,Mixed,timer_il2_menten,0,0.05
469.8773518433186,23.749999999999826,Mixed,timer_il2_menten,0,0.05
468.75099825241097,23.759999999999827,Mixed,timer_il2_menten,0,0.05
467.6273446890044,23.769999999999825,Mixed,timer_il2_menten,0,0.05
466.5063846886487,23.779999999999824,Mixed,timer_il2_menten,0,0.05
465.38811180330566,23.789999999999825,Mixed,timer_il2_menten,0,0.05
464.2725195755977,23.799999999999827,Mixed,timer_il2_menten,0,0.05
463.15960154355434,23.809999999999825,Mixed,timer_il2_menten,0,0.05
462.04935129592747,23.819999999999823,Mixed,timer_il2_menten,0,0.05
460.9417624376568,23.829999999999824,Mixed,timer_il2_menten,0,0.05
459.83682858943985,23.839999999999826,Mixed,timer_il2_menten,0,0.05
458.73454338773104,23.849999999999824,Mixed,timer_il2_menten,0,0.05
457.6349004847412,23.859999999999822,Mixed,timer_il2_menten,0,0.05
456.53789354843786,23.869999999999823,Mixed,timer_il2_menten,0,0.05
455.4435162625464,23.879999999999825,Mixed,timer_il2_menten,0,0.05
454.3517623265493,23.889999999999823,Mixed,timer_il2_menten,0,0.05
453.262625455685,23.89999999999982,Mixed,timer_il2_menten,0,0.05
452.17609938094915,23.909999999999823,Mixed,timer_il2_menten,0,0.05
451.09217784909504,23.919999999999824,Mixed,timer_il2_menten,0,0.05
450.0108546226327,23.929999999999822,Mixed,timer_il2_menten,0,0.05
448.9321234798289,23.93999999999982,Mixed,timer_il2_menten,0,0.05
447.85597821470674,23.94999999999982,Mixed,timer_il2_menten,0,0.05
446.7824126370475,23.959999999999823,Mixed,timer_il2_menten,0,0.05
445.7114208747472,23.96999999999982,Mixed,timer_il2_menten,0,0.05
444.64299597698243,23.97999999999982,Mixed,timer_il2_menten,0,0.05
443.57713222968437,23.98999999999982,Mixed,timer_il2_menten,0,0.05
442.51382348954536,23.999999999999822,Mixed,timer_il2_menten,0,0.05
441.45306362890665,24.00999999999982,Mixed,timer_il2_menten,0,0.05
440.3948465357205,24.01999999999982,Mixed,timer_il2_menten,0,0.05
439.33916611351384,24.02999999999982,Mixed,timer_il2_menten,0,0.05
438.28601628135254,24.03999999999982,Mixed,timer_il2_menten,0,0.05
437.23539097380245,24.04999999999982,Mixed,timer_il2_menten,0,0.05
436.18728414089264,24.059999999999818,Mixed,timer_il2_menten,0,0.05
435.1416897480789,24.06999999999982,Mixed,timer_il2_menten,0,0.05
434.09860177620664,24.07999999999982,Mixed,timer_il2_menten,0,0.05
433.0580142214742,24.08999999999982,Mixed,timer_il2_menten,0,0.05
432.01992109539424,24.099999999999817,Mixed,timer_il2_menten,0,0.05
430.98431642475794,24.1,Mixed,timer_il2_menten,0,0.05
429.9511943493329,24.110000000000003,Mixed,timer_il2_menten,0,0.05
428.92054875232276,24.120000000000005,Mixed,timer_il2_menten,0,0.05
427.892373738851,24.130000000000006,Mixed,timer_il2_menten,0,0.05
426.8666633866412,24.140000000000008,Mixed,timer_il2_menten,0,0.05
425.84341178759087,24.15000000000001,Mixed,timer_il2_menten,0,0.05
424.8226130477709,24.16000000000001,Mixed,timer_il2_menten,0,0.05
423.8042612873794,24.170000000000012,Mixed,timer_il2_menten,0,0.05
422.78835064070233,24.180000000000014,Mixed,timer_il2_menten,0,0.05
421.77487525609416,24.190000000000015,Mixed,timer_il2_menten,0,0.05
420.76382929593376,24.200000000000017,Mixed,timer_il2_menten,0,0.05
419.7552069365933,24.21000000000002,Mixed,timer_il2_menten,0,0.05
418.74900236840534,24.22000000000002,Mixed,timer_il2_menten,0,0.05
417.7452097956287,24.23000000000002,Mixed,timer_il2_menten,0,0.05
416.74382343641565,24.240000000000023,Mixed,timer_il2_menten,0,0.05
415.7448375227777,24.250000000000025,Mixed,timer_il2_menten,0,0.05
414.74824630055343,24.260000000000026,Mixed,timer_il2_menten,0,0.05
413.75404402937437,24.270000000000028,Mixed,timer_il2_menten,0,0.05
412.7622249826329,24.28000000000003,Mixed,timer_il2_menten,0,0.05
411.77278344744855,24.29000000000003,Mixed,timer_il2_menten,0,0.05
410.7857137246353,24.300000000000033,Mixed,timer_il2_menten,0,0.05
409.80101012866885,24.310000000000034,Mixed,timer_il2_menten,0,0.05
408.8186669876537,24.320000000000036,Mixed,timer_il2_menten,0,0.05
407.8386786432909,24.330000000000037,Mixed,timer_il2_menten,0,0.05
406.86103945084454,24.34000000000004,Mixed,timer_il2_menten,0,0.05
405.8857437791104,24.35000000000004,Mixed,timer_il2_menten,0,0.05
404.91278601038255,24.360000000000042,Mixed,timer_il2_menten,0,0.05
403.9421605404217,24.370000000000044,Mixed,timer_il2_menten,0,0.05
402.9738617784222,24.380000000000045,Mixed,timer_il2_menten,0,0.05
402.0078841469809,24.390000000000047,Mixed,timer_il2_menten,0,0.05
401.0442220820637,24.40000000000005,Mixed,timer_il2_menten,0,0.05
400.0828700329744,24.41000000000005,Mixed,timer_il2_menten,0,0.05
399.12382246232266,24.42000000000005,Mixed,timer_il2_menten,0,0.05
398.167073845992,24.430000000000053,Mixed,timer_il2_menten,0,0.05
397.21261867310744,24.440000000000055,Mixed,timer_il2_menten,0,0.05
396.2604514460046,24.450000000000056,Mixed,timer_il2_menten,0,0.05
395.3105666801978,24.460000000000058,Mixed,timer_il2_menten,0,0.05
394.3629589043478,24.47000000000006,Mixed,timer_il2_menten,0,0.05
393.4176226602315,24.48000000000006,Mixed,timer_il2_menten,0,0.05
392.4745525027095,24.490000000000062,Mixed,timer_il2_menten,0,0.05
391.53374299969505,24.500000000000064,Mixed,timer_il2_menten,0,0.05
390.5951887321228,24.510000000000066,Mixed,timer_il2_menten,0,0.05
389.6588842939175,24.520000000000067,Mixed,timer_il2_menten,0,0.05
388.724824291963,24.53000000000007,Mixed,timer_il2_menten,0,0.05
387.7930033460714,24.54000000000007,Mixed,timer_il2_menten,0,0.05
386.8634160889511,24.55000000000007,Mixed,timer_il2_menten,0,0.05
385.9360571661771,24.560000000000073,Mixed,timer_il2_menten,0,0.05
385.01092123615933,24.570000000000075,Mixed,timer_il2_menten,0,0.05
384.08800297011237,24.580000000000076,Mixed,timer_il2_menten,0,0.05
383.16729705202454,24.590000000000078,Mixed,timer_il2_menten,0,0.05
382.24879817862706,24.60000000000008,Mixed,timer_il2_menten,0,0.05
381.33250105936395,24.61000000000008,Mixed,timer_il2_menten,0,0.05
380.41840041636124,24.620000000000083,Mixed,timer_il2_menten,0,0.05
379.50649098439675,24.630000000000084,Mixed,timer_il2_menten,0,0.05
378.5967675108695,24.640000000000086,Mixed,timer_il2_menten,0,0.05
377.6892247557698,24.650000000000087,Mixed,timer_il2_menten,0,0.05
376.7838574916491,24.66000000000009,Mixed,timer_il2_menten,0,0.05
375.8806605035893,24.67000000000009,Mixed,timer_il2_menten,0,0.05
374.9796285891731,24.680000000000092,Mixed,timer_il2_menten,0,0.05
374.0807565584543,24.690000000000094,Mixed,timer_il2_menten,0,0.05
373.1840392339276,24.700000000000095,Mixed,timer_il2_menten,0,0.05
372.2894714504987,24.710000000000097,Mixed,timer_il2_menten,0,0.05
371.39704805545466,24.7200000000001,Mixed,timer_il2_menten,0,0.05
370.5067639084342,24.7300000000001,Mixed,timer_il2_menten,0,0.05
369.61861388139835,24.7400000000001,Mixed,timer_il2_menten,0,0.05
368.73259285860024,24.750000000000103,Mixed,timer_il2_menten,0,0.05
367.8486957365566,24.760000000000105,Mixed,timer_il2_menten,0,0.05
366.9669174240172,24.770000000000106,Mixed,timer_il2_menten,0,0.05
366.087252841937,24.780000000000108,Mixed,timer_il2_menten,0,0.05
365.2096969234452,24.79000000000011,Mixed,timer_il2_menten,0,0.05
364.3342446138174,24.80000000000011,Mixed,timer_il2_menten,0,0.05
363.46089087044584,24.810000000000112,Mixed,timer_il2_menten,0,0.05
362.5896306628106,24.820000000000114,Mixed,timer_il2_menten,0,0.05
361.7204589724505,24.830000000000116,Mixed,timer_il2_menten,0,0.05
360.8533707929342,24.840000000000117,Mixed,timer_il2_menten,0,0.05
359.9883611298312,24.85000000000012,Mixed,timer_il2_menten,0,0.05
359.1254250006839,24.86000000000012,Mixed,timer_il2_menten,0,0.05
358.2645574349773,24.870000000000122,Mixed,timer_il2_menten,0,0.05
357.40575347411215,24.880000000000123,Mixed,timer_il2_menten,0,0.05
356.54900817137514,24.890000000000125,Mixed,timer_il2_menten,0,0.05
355.694316591911,24.900000000000126,Mixed,timer_il2_menten,0,0.05
354.8416738126937,24.910000000000128,Mixed,timer_il2_menten,0,0.05
353.9910749224988,24.92000000000013,Mixed,timer_il2_menten,0,0.05
353.1425150218741,24.93000000000013,Mixed,timer_il2_menten,0,0.05
352.2959892231123,24.940000000000133,Mixed,timer_il2_menten,0,0.05
351.45149265022246,24.950000000000134,Mixed,timer_il2_menten,0,0.05
350.609020438902,24.960000000000136,Mixed,timer_il2_menten,0,0.05
349.76856773650866,24.970000000000137,Mixed,timer_il2_menten,0,0.05
348.9301297020324,24.98000000000014,Mixed,timer_il2_menten,0,0.05
348.0937015060681,24.99000000000014,Mixed,timer_il2_menten,0,0.05
347.25927833078686,25.000000000000142,Mixed,timer_il2_menten,0,0.05
346.4268553699087,25.010000000000144,Mixed,timer_il2_menten,0,0.05
345.5964278286755,25.020000000000145,Mixed,timer_il2_menten,0,0.05
344.767990923822,25.030000000000147,Mixed,timer_il2_menten,0,0.05
343.9415398835496,25.04000000000015,Mixed,timer_il2_menten,0,0.05
343.1170699474976,25.05000000000015,Mixed,timer_il2_menten,0,0.05
342.29457636671737,25.06000000000015,Mixed,timer_il2_menten,0,0.05
341.4740544036433,25.070000000000153,Mixed,timer_il2_menten,0,0.05
340.6554993320667,25.080000000000155,Mixed,timer_il2_menten,0,0.05
339.8389064371082,25.090000000000156,Mixed,timer_il2_menten,0,0.05
339.02427101519027,25.100000000000158,Mixed,timer_il2_menten,0,0.05
338.2115883740107,25.11000000000016,Mixed,timer_il2_menten,0,0.05
337.40085383251534,25.12000000000016,Mixed,timer_il2_menten,0,0.05
336.59206272087084,25.130000000000162,Mixed,timer_il2_menten,0,0.05
335.7852103804382,25.140000000000164,Mixed,timer_il2_menten,0,0.05
334.98029216374573,25.150000000000166,Mixed,timer_il2_menten,0,0.05
334.17730343446226,25.160000000000167,Mixed,timer_il2_menten,0,0.05
333.3762395673707,25.17000000000017,Mixed,timer_il2_menten,0,0.05
332.57709594834057,25.18000000000017,Mixed,timer_il2_menten,0,0.05
331.7798679743027,25.190000000000172,Mixed,timer_il2_menten,0,0.05
330.9845510532216,25.200000000000173,Mixed,timer_il2_menten,0,0.05
330.1911406040697,25.210000000000175,Mixed,timer_il2_menten,0,0.05
329.39963205680067,25.220000000000176,Mixed,timer_il2_menten,0,0.05
328.6100208523229,25.230000000000178,Mixed,timer_il2_menten,0,0.05
327.82230244247387,25.24000000000018,Mixed,timer_il2_menten,0,0.05
327.03647228999324,25.25000000000018,Mixed,timer_il2_menten,0,0.05
326.2525258684971,25.260000000000183,Mixed,timer_il2_menten,0,0.05
325.4704586624521,25.270000000000184,Mixed,timer_il2_menten,0,0.05
324.6902661671488,25.280000000000186,Mixed,timer_il2_menten,0,0.05
323.91194388867643,25.290000000000187,Mixed,timer_il2_menten,0,0.05
323.13548734389633,25.30000000000019,Mixed,timer_il2_menten,0,0.05
322.36089206041675,25.31000000000019,Mixed,timer_il2_menten,0,0.05
321.5881535765667,25.320000000000192,Mixed,timer_il2_menten,0,0.05
320.8172674413703,25.330000000000194,Mixed,timer_il2_menten,0,0.05
320.0482292145214,25.340000000000195,Mixed,timer_il2_menten,0,0.05
319.28103446635765,25.350000000000197,Mixed,timer_il2_menten,0,0.05
318.5156787778352,25.3600000000002,Mixed,timer_il2_menten,0,0.05
317.7521577405031,25.3700000000002,Mixed,timer_il2_menten,0,0.05
316.9904669564782,25.3800000000002,Mixed,timer_il2_menten,0,0.05
316.2306020384193,25.390000000000203,Mixed,timer_il2_menten,0,0.05
315.47255860950247,25.400000000000205,Mixed,timer_il2_menten,0,0.05
314.71633230339546,25.410000000000206,Mixed,timer_il2_menten,0,0.05
313.9619187642327,25.420000000000208,Mixed,timer_il2_menten,0,0.05
313.20931364659,25.43000000000021,Mixed,timer_il2_menten,0,0.05
312.4585126154598,25.44000000000021,Mixed,timer_il2_menten,0,0.05
311.7095113462263,25.450000000000212,Mixed,timer_il2_menten,0,0.05
310.9623055246399,25.460000000000214,Mixed,timer_il2_menten,0,0.05
310.21689084679304,25.470000000000216,Mixed,timer_il2_menten,0,0.05
309.47326301909516,25.480000000000217,Mixed,timer_il2_menten,0,0.05
308.73141775824797,25.49000000000022,Mixed,timer_il2_menten,0,0.05
307.9913507912205,25.50000000000022,Mixed,timer_il2_menten,0,0.05
307.2530578552253,25.510000000000222,Mixed,timer_il2_menten,0,0.05
306.5165346976927,25.520000000000223,Mixed,timer_il2_menten,0,0.05
305.7817770762475,25.530000000000225,Mixed,timer_il2_menten,0,0.05
305.0487807586836,25.540000000000227,Mixed,timer_il2_menten,0,0.05
304.3175415229403,25.550000000000228,Mixed,timer_il2_menten,0,0.05
303.58805515707763,25.56000000000023,Mixed,timer_il2_menten,0,0.05
302.8603174592519,25.57000000000023,Mixed,timer_il2_menten,0,0.05
302.1343242376923,25.580000000000233,Mixed,timer_il2_menten,0,0.05
301.4100713106753,25.590000000000234,Mixed,timer_il2_menten,0,0.05
300.68755450650275,25.600000000000236,Mixed,timer_il2_menten,0,0.05
299.9667696634753,25.610000000000237,Mixed,timer_il2_menten,0,0.05
299.24771262987053,25.62000000000024,Mixed,timer_il2_menten,0,0.05
298.53037926391784,25.63000000000024,Mixed,timer_il2_menten,0,0.05
297.81476543377516,25.640000000000242,Mixed,timer_il2_menten,0,0.05
297.1008670175049,25.650000000000244,Mixed,timer_il2_menten,0,0.05
296.3886799030504,25.660000000000245,Mixed,timer_il2_menten,0,0.05
295.67819998821153,25.670000000000247,Mixed,timer_il2_menten,0,0.05
294.96942318062185,25.68000000000025,Mixed,timer_il2_menten,0,0.05
294.2623453977262,25.69000000000025,Mixed,timer_il2_menten,0,0.05
293.55696256675526,25.70000000000025,Mixed,timer_il2_menten,0,0.05
292.8532706247014,25.710000000000253,Mixed,timer_il2_menten,0,0.05
292.1512655182959,25.720000000000255,Mixed,timer_il2_menten,0,0.05
291.4509432039848,25.730000000000256,Mixed,timer_il2_menten,0,0.05
290.752299647913,25.740000000000258,Mixed,timer_il2_menten,0,0.05
290.0553308258932,25.75000000000026,Mixed,timer_il2_menten,0,0.05
289.3600327233824,25.76000000000026,Mixed,timer_il2_menten,0,0.05
288.66640133546014,25.770000000000262,Mixed,timer_il2_menten,0,0.05
287.9744326668042,25.780000000000264,Mixed,timer_il2_menten,0,0.05
287.284122731676,25.790000000000266,Mixed,timer_il2_menten,0,0.05
286.5954675538913,25.800000000000267,Mixed,timer_il2_menten,0,0.05
285.90846316679387,25.81000000000027,Mixed,timer_il2_menten,0,0.05
285.2231056132348,25.82000000000027,Mixed,timer_il2_menten,0,0.05
284.53939094554954,25.830000000000272,Mixed,timer_il2_menten,0,0.05
283.85731522554164,25.840000000000273,Mixed,timer_il2_menten,0,0.05
283.1768745244564,25.850000000000275,Mixed,timer_il2_menten,0,0.05
282.49806492295323,25.860000000000277,Mixed,timer_il2_menten,0,0.05
281.82088251108524,25.870000000000278,Mixed,timer_il2_menten,0,0.05
281.1453233882771,25.88000000000028,Mixed,timer_il2_menten,0,0.05
280.47138366330705,25.89000000000028,Mixed,timer_il2_menten,0,0.05
279.79905945428453,25.900000000000283,Mixed,timer_il2_menten,0,0.05
279.12834688861983,25.910000000000284,Mixed,timer_il2_menten,0,0.05
278.45924210300564,25.920000000000286,Mixed,timer_il2_menten,0,0.05
277.7917412433935,25.930000000000287,Mixed,timer_il2_menten,0,0.05
277.1258404649774,25.94000000000029,Mixed,timer_il2_menten,0,0.05
276.46153593217235,25.95000000000029,Mixed,timer_il2_menten,0,0.05
275.79882381858255,25.960000000000292,Mixed,timer_il2_menten,0,0.05
275.1377003069829,25.970000000000294,Mixed,timer_il2_menten,0,0.05
274.4781615892968,25.980000000000295,Mixed,timer_il2_menten,0,0.05
273.8202038665743,25.990000000000297,Mixed,timer_il2_menten,0,0.05
273.1638233489799,26.0000000000003,Mixed,timer_il2_menten,0,0.05
272.50901625576665,26.0100000000003,Mixed,timer_il2_menten,0,0.05
271.85577881524375,26.0200000000003,Mixed,timer_il2_menten,0,0.05
271.2041072647601,26.030000000000303,Mixed,timer_il2_menten,0,0.05
270.5539978506831,26.040000000000305,Mixed,timer_il2_menten,0,0.05
269.9054468283757,26.050000000000306,Mixed,timer_il2_menten,0,0.05
269.2584504621875,26.060000000000308,Mixed,timer_il2_menten,0,0.05
268.613005025422,26.07000000000031,Mixed,timer_il2_menten,0,0.05
267.9691068003113,26.08000000000031,Mixed,timer_il2_menten,0,0.05
267.326752077998,26.090000000000312,Mixed,timer_il2_menten,0,0.05
266.6859371585138,26.100000000000314,Mixed,timer_il2_menten,0,0.05
266.04665835075866,26.110000000000316,Mixed,timer_il2_menten,0,0.05
265.40891197249175,26.120000000000317,Mixed,timer_il2_menten,0,0.05
264.7726943502952,26.13000000000032,Mixed,timer_il2_menten,0,0.05
264.1380018195529,26.14000000000032,Mixed,timer_il2_menten,0,0.05
263.5048307244325,26.150000000000322,Mixed,timer_il2_menten,0,0.05
262.87317741786285,26.160000000000323,Mixed,timer_il2_menten,0,0.05
262.2430382615159,26.170000000000325,Mixed,timer_il2_menten,0,0.05
261.61440962579616,26.180000000000327,Mixed,timer_il2_menten,0,0.05
260.98728788980264,26.190000000000328,Mixed,timer_il2_menten,0,0.05
260.36166944131156,26.20000000000033,Mixed,timer_il2_menten,0,0.05
259.7375506767568,26.21000000000033,Mixed,timer_il2_menten,0,0.05
259.11492800120857,26.220000000000333,Mixed,timer_il2_menten,0,0.05
258.4937978277451,26.230000000000334,Mixed,timer_il2_menten,0,0.05
257.87415658029147,26.240000000000336,Mixed,timer_il2_menten,0,0.05
257.2560006884456,26.250000000000338,Mixed,timer_il2_menten,0,0.05
256.63932659176635,26.26000000000034,Mixed,timer_il2_menten,0,0.05
256.024130738281,26.27000000000034,Mixed,timer_il2_menten,0,0.05
255.41040958448536,26.280000000000342,Mixed,timer_il2_menten,0,0.05
254.79815959530276,26.290000000000344,Mixed,timer_il2_menten,0,0.05
254.1873772440772,26.300000000000345,Mixed,timer_il2_menten,0,0.05
253.5780590126647,26.310000000000347,Mixed,timer_il2_menten,0,0.05
252.9702013913854,26.32000000000035,Mixed,timer_il2_menten,0,0.05
252.36380087902285,26.33000000000035,Mixed,timer_il2_menten,0,0.05
251.75885398282406,26.34000000000035,Mixed,timer_il2_menten,0,0.05
251.15535721849966,26.350000000000353,Mixed,timer_il2_menten,0,0.05
250.55330711011698,26.360000000000355,Mixed,timer_il2_menten,0,0.05
249.95270018905157,26.370000000000356,Mixed,timer_il2_menten,0,0.05
249.35353299554046,26.380000000000358,Mixed,timer_il2_menten,0,0.05
248.75580207845377,26.39000000000036,Mixed,timer_il2_menten,0,0.05
248.15950399505056,26.40000000000036,Mixed,timer_il2_menten,0,0.05
247.56463531097987,26.410000000000363,Mixed,timer_il2_menten,0,0.05
246.9711926002798,26.420000000000364,Mixed,timer_il2_menten,0,0.05
246.37917244537823,26.430000000000366,Mixed,timer_il2_menten,0,0.05
245.78857143591952,26.440000000000367,Mixed,timer_il2_menten,0,0.05
245.19938616859764,26.45000000000037,Mixed,timer_il2_menten,0,0.05
244.61161324971738,26.46000000000037,Mixed,timer_il2_menten,0,0.05
244.02524929384793,26.470000000000372,Mixed,timer_il2_menten,0,0.05
243.44029092380438,26.480000000000373,Mixed,timer_il2_menten,0,0.05
242.8567347706483,26.490000000000375,Mixed,timer_il2_menten,0,0.05
242.27457747368717,26.500000000000377,Mixed,timer_il2_menten,0,0.05
241.6938156802627,26.510000000000378,Mixed,timer_il2_menten,0,0.05
241.11444604366784,26.52000000000038,Mixed,timer_il2_menten,0,0.05
240.53646522623228,26.53000000000038,Mixed,timer_il2_menten,0,0.05
239.9598698988683,26.540000000000383,Mixed,timer_il2_menten,0,0.05
239.3846567405871,26.550000000000384,Mixed,timer_il2_menten,0,0.05
238.81082243849914,26.560000000000386,Mixed,timer_il2_menten,0,0.05
238.23836368781383,26.570000000000388,Mixed,timer_il2_menten,0,0.05
237.66727719183956,26.58000000000039,Mixed,timer_il2_menten,0,0.05
237.09755966080186,26.59000000000039,Mixed,timer_il2_menten,0,0.05
236.52920781167478,26.600000000000392,Mixed,timer_il2_menten,0,0.05
235.96221837076217,26.610000000000394,Mixed,timer_il2_menten,0,0.05
235.39658807234133,26.620000000000395,Mixed,timer_il2_menten,0,0.05
234.83231365864376,26.630000000000397,Mixed,timer_il2_menten,0,0.05
234.26939187985576,26.6400000000004,Mixed,timer_il2_menten,0,0.05
233.70781949411816,26.6500000000004,Mixed,timer_il2_menten,0,0.05
233.14759326732195,26.6600000000004,Mixed,timer_il2_menten,0,0.05
232.5887099710983,26.670000000000403,Mixed,timer_il2_menten,0,0.05
232.03116638579576,26.680000000000405,Mixed,timer_il2_menten,0,0.05
231.47495930004223,26.690000000000406,Mixed,timer_il2_menten,0,0.05
230.92008551027834,26.700000000000408,Mixed,timer_il2_menten,0,0.05
230.36654182075705,26.71000000000041,Mixed,timer_il2_menten,0,0.05
229.8143250435445,26.72000000000041,Mixed,timer_il2_menten,0,0.05
229.2634319985192,26.730000000000413,Mixed,timer_il2_menten,0,0.05
228.71385951223198,26.740000000000414,Mixed,timer_il2_menten,0,0.05
228.16560441774368,26.750000000000416,Mixed,timer_il2_menten,0,0.05
227.61866355711527,26.760000000000417,Mixed,timer_il2_menten,0,0.05
227.07303378009874,26.77000000000042,Mixed,timer_il2_menten,0,0.05
226.52871194411952,26.78000000000042,Mixed,timer_il2_menten,0,0.05
225.98569491427634,26.790000000000422,Mixed,timer_il2_menten,0,0.05
225.44397956334112,26.800000000000423,Mixed,timer_il2_menten,0,0.05
224.903562771562,26.810000000000425,Mixed,timer_il2_menten,0,0.05
224.36444142472448,26.820000000000427,Mixed,timer_il2_menten,0,0.05
223.82661241702294,26.830000000000428,Mixed,timer_il2_menten,0,0.05
223.29007265063845,26.84000000000043,Mixed,timer_il2_menten,0,0.05
222.75481903528856,26.85000000000043,Mixed,timer_il2_menten,0,0.05
222.220848488227,26.860000000000433,Mixed,timer_il2_menten,0,0.05
221.68815793424415,26.870000000000434,Mixed,timer_il2_menten,0,0.05
221.15674430566673,26.880000000000436,Mixed,timer_il2_menten,0,0.05
220.62660454125796,26.890000000000438,Mixed,timer_il2_menten,0,0.05
220.0977355860605,26.90000000000044,Mixed,timer_il2_menten,0,0.05
219.5701343937993,26.91000000000044,Mixed,timer_il2_menten,0,0.05
219.0437979256181,26.920000000000442,Mixed,timer_il2_menten,0,0.05
218.51872315006284,26.930000000000444,Mixed,timer_il2_menten,0,0.05
217.99490704308153,26.940000000000445,Mixed,timer_il2_menten,0,0.05
217.4723465880238,26.950000000000447,Mixed,timer_il2_menten,0,0.05
216.95103877545145,26.96000000000045,Mixed,timer_il2_menten,0,0.05
216.43098060126755,26.97000000000045,Mixed,timer_il2_menten,0,0.05
215.91216906948708,26.98000000000045,Mixed,timer_il2_menten,0,0.05
215.39460119182883,26.990000000000453,Mixed,timer_il2_menten,0,0.05
214.8782739872819,27.000000000000455,Mixed,timer_il2_menten,0,0.05
214.3631844821051,27.010000000000456,Mixed,timer_il2_menten,0,0.05
213.84932970982734,27.020000000000458,Mixed,timer_il2_menten,0,0.05
213.33670671124727,27.03000000000046,Mixed,timer_il2_menten,0,0.05
212.82531253337248,27.04000000000046,Mixed,timer_il2_menten,0,0.05
212.31514422926827,27.050000000000463,Mixed,timer_il2_menten,0,0.05
211.8061988603747,27.060000000000464,Mixed,timer_il2_menten,0,0.05
211.29847349528882,27.070000000000466,Mixed,timer_il2_menten,0,0.05
210.79196520974776,27.080000000000467,Mixed,timer_il2_menten,0,0.05
210.28667108662907,27.09000000000047,Mixed,timer_il2_menten,0,0.05
209.78258821595048,27.10000000000047,Mixed,timer_il2_menten,0,0.05
209.2797136946864,27.110000000000472,Mixed,timer_il2_menten,0,0.05
208.77804462496397,27.120000000000474,Mixed,timer_il2_menten,0,0.05
208.2775781167353,27.130000000000475,Mixed,timer_il2_menten,0,0.05
207.7783112873841,27.140000000000477,Mixed,timer_il2_menten,0,0.05
207.28024126130688,27.150000000000478,Mixed,timer_il2_menten,0,0.05
206.78336516991328,27.16000000000048,Mixed,timer_il2_menten,0,0.05
206.28768015162558,27.17000000000048,Mixed,timer_il2_menten,0,0.05
205.79318335187904,27.180000000000483,Mixed,timer_il2_menten,0,0.05
205.2998719220982,27.190000000000484,Mixed,timer_il2_menten,0,0.05
204.80774301955097,27.200000000000486,Mixed,timer_il2_menten,0,0.05
204.3167938095842,27.210000000000488,Mixed,timer_il2_menten,0,0.05
203.82702146444834,27.22000000000049,Mixed,timer_il2_menten,0,0.05
203.33842316328173,27.23000000000049,Mixed,timer_il2_menten,0,0.05
202.8509960921105,27.240000000000492,Mixed,timer_il2_menten,0,0.05
202.36473744384836,27.250000000000494,Mixed,timer_il2_menten,0,0.05
201.87964441811994,27.260000000000495,Mixed,timer_il2_menten,0,0.05
201.3957142195204,27.270000000000497,Mixed,timer_il2_menten,0,0.05
200.912944060193,27.2800000000005,Mixed,timer_il2_menten,0,0.05
200.43133115944988,27.2900000000005,Mixed,timer_il2_menten,0,0.05
199.95087274336817,27.3000000000005,Mixed,timer_il2_menten,0,0.05
199.47156604478988,27.310000000000503,Mixed,timer_il2_menten,0,0.05
198.99340830332187,27.320000000000505,Mixed,timer_il2_menten,0,0.05
198.5163967653361,27.330000000000506,Mixed,timer_il2_menten,0,0.05
198.04052868468355,27.340000000000508,Mixed,timer_il2_menten,0,0.05
197.56580131479524,27.35000000000051,Mixed,timer_il2_menten,0,0.05
197.09221192438676,27.36000000000051,Mixed,timer_il2_menten,0,0.05
196.61975778548427,27.370000000000513,Mixed,timer_il2_menten,0,0.05
196.14843617683255,27.380000000000514,Mixed,timer_il2_menten,0,0.05
195.6782443838788,27.390000000000516,Mixed,timer_il2_menten,0,0.05
195.20917969875637,27.400000000000517,Mixed,timer_il2_menten,0,0.05
194.74123941976316,27.41000000000052,Mixed,timer_il2_menten,0,0.05
194.27442084691404,27.42000000000052,Mixed,timer_il2_menten,0,0.05
193.80872128992826,27.430000000000522,Mixed,timer_il2_menten,0,0.05
193.34413806632398,27.440000000000524,Mixed,timer_il2_menten,0,0.05
192.88066850014687,27.450000000000525,Mixed,timer_il2_menten,0,0.05
192.418309921952,27.460000000000527,Mixed,timer_il2_menten,0,0.05
191.95705966878523,27.470000000000528,Mixed,timer_il2_menten,0,0.05
191.49691508416547,27.48000000000053,Mixed,timer_il2_menten,0,0.05
191.03787351806625,27.49000000000053,Mixed,timer_il2_menten,0,0.05
190.57993232689773,27.500000000000533,Mixed,timer_il2_menten,0,0.05
190.12308887348854,27.510000000000534,Mixed,timer_il2_menten,0,0.05
189.6673405270672,27.520000000000536,Mixed,timer_il2_menten,0,0.05
189.21268466324454,27.530000000000538,Mixed,timer_il2_menten,0,0.05
188.75911866399514,27.54000000000054,Mixed,timer_il2_menten,0,0.05
188.30663991763925,27.55000000000054,Mixed,timer_il2_menten,0,0.05
187.85524581882464,27.560000000000542,Mixed,timer_il2_menten,0,0.05
187.40493376850839,27.570000000000544,Mixed,timer_il2_menten,0,0.05
186.9557011739388,27.580000000000545,Mixed,timer_il2_menten,0,0.05
186.50754544863702,27.590000000000547,Mixed,timer_il2_menten,0,0.05
186.0604640123792,27.60000000000055,Mixed,timer_il2_menten,0,0.05
185.61445429117802,27.61000000000055,Mixed,timer_il2_menten,0,0.05
185.16951371726458,27.62000000000055,Mixed,timer_il2_menten,0,0.05
184.72563972907028,27.630000000000553,Mixed,timer_il2_menten,0,0.05
184.28282977120887,27.640000000000555,Mixed,timer_il2_menten,0,0.05
183.84108129172873,27.650000000000556,Mixed,timer_il2_menten,0,0.05
183.40039174212512,27.660000000000558,Mixed,timer_il2_menten,0,0.05
182.96075858412996,27.67000000000056,Mixed,timer_il2_menten,0,0.05
182.52217928558377,27.68000000000056,Mixed,timer_il2_menten,0,0.05
182.0846513203337,27.690000000000563,Mixed,timer_il2_menten,0,0.05
181.64817216821288,27.700000000000564,Mixed,timer_il2_menten,0,0.05
181.21273931501986,27.710000000000566,Mixed,timer_il2_menten,0,0.05
180.77835025249863,27.720000000000567,Mixed,timer_il2_menten,0,0.05
180.34500247831798,27.73000000000057,Mixed,timer_il2_menten,0,0.05
179.9126934960511,27.74000000000057,Mixed,timer_il2_menten,0,0.05
179.48142081515527,27.750000000000572,Mixed,timer_il2_menten,0,0.05
179.05118195095133,27.760000000000574,Mixed,timer_il2_menten,0,0.05
178.6219744246033,27.770000000000575,Mixed,timer_il2_menten,0,0.05
178.19379576309825,27.780000000000577,Mixed,timer_il2_menten,0,0.05
177.7666434992256,27.79000000000058,Mixed,timer_il2_menten,0,0.05
177.34051517155683,27.80000000000058,Mixed,timer_il2_menten,0,0.05
176.91540832442496,27.81000000000058,Mixed,timer_il2_menten,0,0.05
176.49132050790448,27.820000000000583,Mixed,timer_il2_menten,0,0.05
176.06824927779053,27.830000000000584,Mixed,timer_il2_menten,0,0.05
175.64619219557895,27.840000000000586,Mixed,timer_il2_menten,0,0.05
175.22514682844542,27.850000000000588,Mixed,timer_il2_menten,0,0.05
174.80511074922532,27.86000000000059,Mixed,timer_il2_menten,0,0.05
174.38608153639356,27.87000000000059,Mixed,timer_il2_menten,0,0.05
173.96805677488538,27.880000000000592,Mixed,timer_il2_menten,0,0.05
173.55103406724305,27.890000000000594,Mixed,timer_il2_menten,0,0.05
173.13501101521956,27.900000000000595,Mixed,timer_il2_menten,0,0.05
172.7199852225645,27.910000000000597,Mixed,timer_il2_menten,0,0.05
172.30595429875638,27.9200000000006,Mixed,timer_il2_menten,0,0.05
171.89291585898732,27.9300000000006,Mixed,timer_il2_menten,0,0.05
171.48086752414767,27.9400000000006,Mixed,timer_il2_menten,0,0.05
171.06980692081098,27.950000000000603,Mixed,timer_il2_menten,0,0.05
170.65973168121832,27.960000000000605,Mixed,timer_il2_menten,0,0.05
170.25063944326314,27.970000000000606,Mixed,timer_il2_menten,0,0.05
169.8425278504762,27.980000000000608,Mixed,timer_il2_menten,0,0.05
169.43539455200983,27.99000000000061,Mixed,timer_il2_menten,0,0.05
169.029237202623,28.00000000000061,Mixed,timer_il2_menten,0,0.05
168.62405346266578,28.010000000000613,Mixed,timer_il2_menten,0,0.05
168.21984099806411,28.020000000000614,Mixed,timer_il2_menten,0,0.05
167.8165974803046,28.030000000000616,Mixed,timer_il2_menten,0,0.05
167.41432058641908,28.040000000000617,Mixed,timer_il2_menten,0,0.05
167.01300799896933,28.05000000000062,Mixed,timer_il2_menten,0,0.05
166.6126574060319,28.06000000000062,Mixed,timer_il2_menten,0,0.05
166.21326650118266,28.070000000000622,Mixed,timer_il2_menten,0,0.05
165.81483298348144,28.080000000000624,Mixed,timer_il2_menten,0,0.05
165.41735455745703,28.090000000000625,Mixed,timer_il2_menten,0,0.05
165.0208289330916,28.100000000000627,Mixed,timer_il2_menten,0,0.05
164.62525382580532,28.11000000000063,Mixed,timer_il2_menten,0,0.05
164.23062695791634,28.12000000000063,Mixed,timer_il2_menten,0,0.05
163.83694605930108,28.13000000000063,Mixed,timer_il2_menten,0,0.05
163.44420886249662,28.140000000000633,Mixed,timer_il2_menten,0,0.05
163.05241310536167,28.150000000000635,Mixed,timer_il2_menten,0,0.05
162.6615565311708,28.160000000000636,Mixed,timer_il2_menten,0,0.05
162.27163688860017,28.170000000000638,Mixed,timer_il2_menten,0,0.05
161.88265193171407,28.18000000000064,Mixed,timer_il2_menten,0,0.05
161.49459941995065,28.19000000000064,Mixed,timer_il2_menten,0,0.05
161.10747711810842,28.200000000000642,Mixed,timer_il2_menten,0,0.05
160.72128279633208,28.210000000000644,Mixed,timer_il2_menten,0,0.05
160.33601423009864,28.220000000000645,Mixed,timer_il2_menten,0,0.05
159.9516692002038,28.230000000000647,Mixed,timer_il2_menten,0,0.05
159.5682454927478,28.24000000000065,Mixed,timer_il2_menten,0,0.05
159.18574089912164,28.25000000000065,Mixed,timer_il2_menten,0,0.05
158.80415321599313,28.26000000000065,Mixed,timer_il2_menten,0,0.05
158.4234802452932,28.270000000000653,Mixed,timer_il2_menten,0,0.05
158.04371979420173,28.280000000000655,Mixed,timer_il2_menten,0,0.05
157.66486967513396,28.290000000000656,Mixed,timer_il2_menten,0,0.05
157.28692770572627,28.300000000000658,Mixed,timer_il2_menten,0,0.05
156.90989170882273,28.31000000000066,Mixed,timer_il2_menten,0,0.05
156.53375951246076,28.32000000000066,Mixed,timer_il2_menten,0,0.05
156.15852894985767,28.330000000000663,Mixed,timer_il2_menten,0,0.05
155.78419785939627,28.340000000000664,Mixed,timer_il2_menten,0,0.05
155.4107640846902,28.350000000000666,Mixed,timer_il2_menten,0,0.05
155.03822547625145,28.360000000000667,Mixed,timer_il2_menten,0,0.05
154.66657988896145,28.37000000000067,Mixed,timer_il2_menten,0,0.05
154.29582518216432,28.38000000000067,Mixed,timer_il2_menten,0,0.05
153.92595922032953,28.390000000000672,Mixed,timer_il2_menten,0,0.05
153.55697987303844,28.400000000000674,Mixed,timer_il2_menten,0,0.05
153.18888501497133,28.410000000000675,Mixed,timer_il2_menten,0,0.05
152.82167252589426,28.420000000000677,Mixed,timer_il2_menten,0,0.05
152.45534029064584,28.43000000000068,Mixed,timer_il2_menten,0,0.05
152.08988619912424,28.44000000000068,Mixed,timer_il2_menten,0,0.05
151.7253081462741,28.45000000000068,Mixed,timer_il2_menten,0,0.05
151.3616040320733,28.460000000000683,Mixed,timer_il2_menten,0,0.05
150.99877176151983,28.470000000000685,Mixed,timer_il2_menten,0,0.05
150.63680924461875,28.480000000000686,Mixed,timer_il2_menten,0,0.05
150.27571439636912,28.490000000000688,Mixed,timer_il2_menten,0,0.05
149.9154851367508,28.50000000000069,Mixed,timer_il2_menten,0,0.05
149.55611939071113,28.51000000000069,Mixed,timer_il2_menten,0,0.05
149.1976150881524,28.520000000000692,Mixed,timer_il2_menten,0,0.05
148.839970163918,28.530000000000694,Mixed,timer_il2_menten,0,0.05
148.48318255777988,28.540000000000695,Mixed,timer_il2_menten,0,0.05
148.12725021442515,28.550000000000697,Mixed,timer_il2_menten,0,0.05
147.77217108344297,28.5600000000007,Mixed,timer_il2_menten,0,0.05
147.41794311931147,28.5700000000007,Mixed,timer_il2_menten,0,0.05
147.06456428138483,28.5800000000007,Mixed,timer_il2_menten,0,0.05
146.7120318964458,28.590000000000703,Mixed,timer_il2_menten,0,0.05
146.36034533974504,28.600000000000705,Mixed,timer_il2_menten,0,0.05
146.00950179806964,28.610000000000706,Mixed,timer_il2_menten,0,0.05
145.65949925339433,28.620000000000708,Mixed,timer_il2_menten,0,0.05
145.3103356922745,28.63000000000071,Mixed,timer_il2_menten,0,0.05
144.96200910584594,28.64000000000071,Mixed,timer_il2_menten,0,0.05
144.6145174898252,28.650000000000713,Mixed,timer_il2_menten,0,0.05
144.26785884450922,28.660000000000714,Mixed,timer_il2_menten,0,0.05
143.92203117477555,28.670000000000716,Mixed,timer_il2_menten,0,0.05
143.57703249008244,28.680000000000717,Mixed,timer_il2_menten,0,0.05
143.23286080446837,28.69000000000072,Mixed,timer_il2_menten,0,0.05
142.88951413655278,28.70000000000072,Mixed,timer_il2_menten,0,0.05
142.54699050953536,28.710000000000722,Mixed,timer_il2_menten,0,0.05
142.2052879511965,28.720000000000724,Mixed,timer_il2_menten,0,0.05
141.8644044938972,28.730000000000725,Mixed,timer_il2_menten,0,0.05
141.52433817457893,28.740000000000727,Mixed,timer_il2_menten,0,0.05
141.18508703476374,28.75000000000073,Mixed,timer_il2_menten,0,0.05
140.84664912055422,28.76000000000073,Mixed,timer_il2_menten,0,0.05
140.50902248263355,28.77000000000073,Mixed,timer_il2_menten,0,0.05
140.1722051762655,28.780000000000733,Mixed,timer_il2_menten,0,0.05
139.83619526129436,28.790000000000735,Mixed,timer_il2_menten,0,0.05
139.50099080214497,28.800000000000736,Mixed,timer_il2_menten,0,0.05
139.16658986782272,28.810000000000738,Mixed,timer_il2_menten,0,0.05
138.83299053193093,28.82000000000074,Mixed,timer_il2_menten,0,0.05
138.50019087340337,28.83000000000074,Mixed,timer_il2_menten,0,0.05
138.16818897572594,28.840000000000742,Mixed,timer_il2_menten,0,0.05
137.83698292671886,28.850000000000744,Mixed,timer_il2_menten,0,0.05
137.5065708188365,28.860000000000746,Mixed,timer_il2_menten,0,0.05
137.17695074916733,28.870000000000747,Mixed,timer_il2_menten,0,0.05
136.8481208194341,28.88000000000075,Mixed,timer_il2_menten,0,0.05
136.52007913599368,28.89000000000075,Mixed,timer_il2_menten,0,0.05
136.19282380942403,28.90000000000075,Mixed,timer_il2_menten,0,0.05
135.86635295375092,28.910000000000753,Mixed,timer_il2_menten,0,0.05
135.54066468840537,28.920000000000755,Mixed,timer_il2_menten,0,0.05
135.21575713744411,28.930000000000756,Mixed,timer_il2_menten,0,0.05
134.8916284294717,28.940000000000758,Mixed,timer_il2_menten,0,0.05
134.56827669764033,28.95000000000076,Mixed,timer_il2_menten,0,0.05
134.24570007965008,28.96000000000076,Mixed,timer_il2_menten,0,0.05
133.92389671772887,28.970000000000763,Mixed,timer_il2_menten,0,0.05
133.60286475778634,28.980000000000764,Mixed,timer_il2_menten,0,0.05
133.28260235031274,28.990000000000766,Mixed,timer_il2_menten,0,0.05
132.96310765063046,29.000000000000767,Mixed,timer_il2_menten,0,0.05
132.6443788185479,29.01000000000077,Mixed,timer_il2_menten,0,0.05
132.32641401835912,29.02000000000077,Mixed,timer_il2_menten,0,0.05
132.00921141884407,29.030000000000772,Mixed,timer_il2_menten,0,0.05
131.69276919326865,29.040000000000774,Mixed,timer_il2_menten,0,0.05
131.3770855190007,29.050000000000775,Mixed,timer_il2_menten,0,0.05
131.0621585767923,29.060000000000777,Mixed,timer_il2_menten,0,0.05
130.7479865525974,29.07000000000078,Mixed,timer_il2_menten,0,0.05
130.43456763684793,29.08000000000078,Mixed,timer_il2_menten,0,0.05
130.1219000243813,29.09000000000078,Mixed,timer_il2_menten,0,0.05
129.8099819144407,29.100000000000783,Mixed,timer_il2_menten,0,0.05
129.49881151067467,29.110000000000785,Mixed,timer_il2_menten,0,0.05
129.1883870211122,29.120000000000786,Mixed,timer_il2_menten,0,0.05
128.87870665708874,29.130000000000788,Mixed,timer_il2_menten,0,0.05
128.56976863438695,29.14000000000079,Mixed,timer_il2_menten,0,0.05
128.26157117355604,29.15000000000079,Mixed,timer_il2_menten,0,0.05
127.95411249947222,29.160000000000792,Mixed,timer_il2_menten,0,0.05
127.64739084133875,29.170000000000794,Mixed,timer_il2_menten,0,0.05
127.34140443268583,29.180000000000796,Mixed,timer_il2_menten,0,0.05
127.0361515113706,29.190000000000797,Mixed,timer_il2_menten,0,0.05
126.73163031920828,29.2000000000008,Mixed,timer_il2_menten,0,0.05
126.42783910128159,29.2100000000008,Mixed,timer_il2_menten,0,0.05
126.12477610768886,29.220000000000802,Mixed,timer_il2_menten,0,0.05
125.82243959284779,29.230000000000803,Mixed,timer_il2_menten,0,0.05
125.52082781542586,29.240000000000805,Mixed,timer_il2_menten,0,0.05
125.21993903834044,29.250000000000806,Mixed,timer_il2_menten,0,0.05
124.91977152875864,29.260000000000808,Mixed,timer_il2_menten,0,0.05
124.62032355807294,29.27000000000081,Mixed,timer_il2_menten,0,0.05
124.32159340086554,29.28000000000081,Mixed,timer_il2_menten,0,0.05
124.0235793360084,29.290000000000813,Mixed,timer_il2_menten,0,0.05
123.72627964697165,29.300000000000814,Mixed,timer_il2_menten,0,0.05
123.42969262139934,29.310000000000816,Mixed,timer_il2_menten,0,0.05
123.1338165511096,29.320000000000817,Mixed,timer_il2_menten,0,0.05
122.8386497320945,29.33000000000082,Mixed,timer_il2_menten,0,0.05
122.54419046452011,29.34000000000082,Mixed,timer_il2_menten,0,0.05
122.25043705237044,29.350000000000822,Mixed,timer_il2_menten,0,0.05
121.95738780278167,29.360000000000824,Mixed,timer_il2_menten,0,0.05
121.66504102772805,29.370000000000825,Mixed,timer_il2_menten,0,0.05
121.37339504335051,29.380000000000827,Mixed,timer_il2_menten,0,0.05
121.08244816988972,29.39000000000083,Mixed,timer_il2_menten,0,0.05
120.79219873168557,29.40000000000083,Mixed,timer_il2_menten,0,0.05
120.50264505717772,29.41000000000083,Mixed,timer_il2_menten,0,0.05
120.2137854788771,29.420000000000833,Mixed,timer_il2_menten,0,0.05
119.92561833219168,29.430000000000835,Mixed,timer_il2_menten,0,0.05
119.63814195675454,29.440000000000836,Mixed,timer_il2_menten,0,0.05
119.35135469673622,29.450000000000838,Mixed,timer_il2_menten,0,0.05
119.06525490034329,29.46000000000084,Mixed,timer_il2_menten,0,0.05
118.77984091981847,29.47000000000084,Mixed,timer_il2_menten,0,0.05
118.49511111144058,29.480000000000842,Mixed,timer_il2_menten,0,0.05
118.21106383552458,29.490000000000844,Mixed,timer_il2_menten,0,0.05
117.9276974564215,29.500000000000846,Mixed,timer_il2_menten,0,0.05
117.64501034237635,29.510000000000847,Mixed,timer_il2_menten,0,0.05
117.36300086382784,29.52000000000085,Mixed,timer_il2_menten,0,0.05
117.0816673959203,29.53000000000085,Mixed,timer_il2_menten,0,0.05
116.80100831820425,29.540000000000852,Mixed,timer_il2_menten,0,0.05
116.52102201417787,29.550000000000853,Mixed,timer_il2_menten,0,0.05
116.24170687128706,29.560000000000855,Mixed,timer_il2_menten,0,0.05
115.96306128092533,29.570000000000856,Mixed,timer_il2_menten,0,0.05
115.68508363843382,29.580000000000858,Mixed,timer_il2_menten,0,0.05
115.40777234310141,29.59000000000086,Mixed,timer_il2_menten,0,0.05
115.13112579787415,29.60000000000086,Mixed,timer_il2_menten,0,0.05
114.85514240794635,29.610000000000863,Mixed,timer_il2_menten,0,0.05
114.5798205833936,29.620000000000864,Mixed,timer_il2_menten,0,0.05
114.30515873840352,29.630000000000866,Mixed,timer_il2_menten,0,0.05
114.03115529102905,29.640000000000867,Mixed,timer_il2_menten,0,0.05
113.75780866318871,29.65000000000087,Mixed,timer_il2_menten,0,0.05
113.48511728066626,29.66000000000087,Mixed,timer_il2_menten,0,0.05
113.213079573111,29.670000000000872,Mixed,timer_il2_menten,0,0.05
112.94169397403766,29.680000000000874,Mixed,timer_il2_menten,0,0.05
112.67095892031877,29.690000000000875,Mixed,timer_il2_menten,0,0.05
112.40087285120305,29.700000000000877,Mixed,timer_il2_menten,0,0.05
112.13143421087757,29.71000000000088,Mixed,timer_il2_menten,0,0.05
111.86264144742572,29.72000000000088,Mixed,timer_il2_menten,0,0.05
111.59449301271509,29.73000000000088,Mixed,timer_il2_menten,0,0.05
111.32698736239777,29.740000000000883,Mixed,timer_il2_menten,0,0.05
111.06012295590993,29.750000000000885,Mixed,timer_il2_menten,0,0.05
110.7938982564722,29.760000000000886,Mixed,timer_il2_menten,0,0.05
110.52831173108929,29.770000000000888,Mixed,timer_il2_menten,0,0.05
110.26336185223772,29.78000000000089,Mixed,timer_il2_menten,0,0.05
109.99904708648005,29.79000000000089,Mixed,timer_il2_menten,0,0.05
109.73536591552613,29.800000000000892,Mixed,timer_il2_menten,0,0.05
109.4723168204394,29.810000000000894,Mixed,timer_il2_menten,0,0.05
109.20989828604216,29.820000000000896,Mixed,timer_il2_menten,0,0.05
108.94810880090652,29.830000000000897,Mixed,timer_il2_menten,0,0.05
108.68694685734556,29.8400000000009,Mixed,timer_il2_menten,0,0.05
108.42641095140414,29.8500000000009,Mixed,timer_il2_menten,0,0.05
108.16649958285018,29.860000000000902,Mixed,timer_il2_menten,0,0.05
107.90721125269079,29.870000000000903,Mixed,timer_il2_menten,0,0.05
107.64854446502737,29.880000000000905,Mixed,timer_il2_menten,0,0.05
107.39049772991022,29.890000000000907,Mixed,timer_il2_menten,0,0.05
107.13306956102105,29.900000000000908,Mixed,timer_il2_menten,0,0.05
106.87625847566224,29.91000000000091,Mixed,timer_il2_menten,0,0.05
106.62006299474649,29.92000000000091,Mixed,timer_il2_menten,0,0.05
106.3644816427863,29.930000000000913,Mixed,timer_il2_menten,0,0.05
106.10951294788342,29.940000000000914,Mixed,timer_il2_menten,0,0.05
105.85515544171835,29.950000000000916,Mixed,timer_il2_menten,0,0.05
105.60140765953992,29.960000000000917,Mixed,timer_il2_menten,0,0.05
105.34826814015473,29.97000000000092,Mixed,timer_il2_menten,0,0.05
105.0957354259167,29.98000000000092,Mixed,timer_il2_menten,0,0.05
104.84380806271662,29.990000000000922,Mixed,timer_il2_menten,0,0.05
104.59248459997147,30.000000000000924,Mixed,timer_il2_menten,0,0.05
104.34176359061416,30.010000000000925,Mixed,timer_il2_menten,0,0.05
104.0916435910829,30.020000000000927,Mixed,timer_il2_menten,0,0.05
103.84212316131078,30.03000000000093,Mixed,timer_il2_menten,0,0.05
103.59320086471512,30.04000000000093,Mixed,timer_il2_menten,0,0.05
103.34487526818722,30.05000000000093,Mixed,timer_il2_menten,0,0.05
103.09714494208171,30.060000000000933,Mixed,timer_il2_menten,0,0.05
102.85000846020608,30.070000000000935,Mixed,timer_il2_menten,0,0.05
102.6034643998102,30.080000000000936,Mixed,timer_il2_menten,0,0.05
102.35751134157576,30.090000000000938,Mixed,timer_il2_menten,0,0.05
102.112147868691,30.10000000000094,Mixed,timer_il2_menten,0,0.05
101.86737256527522,30.11000000000094,Mixed,timer_il2_menten,0,0.05
101.62318402130435,30.120000000000942,Mixed,timer_il2_menten,0,0.05
101.37958083033591,30.130000000000944,Mixed,timer_il2_menten,0,0.05
101.13656158925804,30.140000000000946,Mixed,timer_il2_menten,0,0.05
100.89412489827785,30.150000000000947,Mixed,timer_il2_menten,0,0.05
100.6522693609095,30.16000000000095,Mixed,timer_il2_menten,0,0.05
100.41099358396247,30.17000000000095,Mixed,timer_il2_menten,0,0.05
100.17029617752982,30.180000000000952,Mixed,timer_il2_menten,0,0.05
99.93017575497632,30.190000000000953,Mixed,timer_il2_menten,0,0.05
99.69063093292665,30.200000000000955,Mixed,timer_il2_menten,0,0.05
99.45166033125375,30.210000000000957,Mixed,timer_il2_menten,0,0.05
99.21326257306693,30.220000000000958,Mixed,timer_il2_menten,0,0.05
98.97543628470001,30.23000000000096,Mixed,timer_il2_menten,0,0.05
98.73818009569975,30.24000000000096,Mixed,timer_il2_menten,0,0.05
98.5014926388138,30.250000000000963,Mixed,timer_il2_menten,0,0.05
98.26537254997915,30.260000000000964,Mixed,timer_il2_menten,0,0.05
98.0298184683102,30.270000000000966,Mixed,timer_il2_menten,0,0.05
97.79482903608695,30.280000000000967,Mixed,timer_il2_menten,0,0.05
97.5604028987434,30.29000000000097,Mixed,timer_il2_menten,0,0.05
97.32653870485557,30.30000000000097,Mixed,timer_il2_menten,0,0.05
97.09323510612973,30.310000000000972,Mixed,timer_il2_menten,0,0.05
96.86049075739072,30.320000000000974,Mixed,timer_il2_menten,0,0.05
96.62830431711434,30.330000000000975,Mixed,timer_il2_menten,0,0.05
96.39667445442423,30.340000000000977,Mixed,timer_il2_menten,0,0.05
96.16559983748556,30.35000000000098,Mixed,timer_il2_menten,0,0.05
95.935079135332,30.36000000000098,Mixed,timer_il2_menten,0,0.05
95.7051110201793,30.37000000000098,Mixed,timer_il2_menten,0,0.05
95.47569416741669,30.380000000000983,Mixed,timer_il2_menten,0,0.05
95.24682725559848,30.390000000000985,Mixed,timer_il2_menten,0,0.05
95.01850896643542,30.400000000000986,Mixed,timer_il2_menten,0,0.05
94.79073798478632,30.410000000000988,Mixed,timer_il2_menten,0,0.05
94.56351299864951,30.42000000000099,Mixed,timer_il2_menten,0,0.05
94.33683269915429,30.43000000000099,Mixed,timer_il2_menten,0,0.05
94.11069578055249,30.440000000000992,Mixed,timer_il2_menten,0,0.05
93.88510094020984,30.450000000000994,Mixed,timer_il2_menten,0,0.05
93.66004687859768,30.460000000000996,Mixed,timer_il2_menten,0,0.05
93.43553229928423,30.470000000000997,Mixed,timer_il2_menten,0,0.05
93.2115559089262,30.480000000001,Mixed,timer_il2_menten,0,0.05
92.98811641726029,30.490000000001,Mixed,timer_il2_menten,0,0.05
92.76521253709464,30.500000000001002,Mixed,timer_il2_menten,0,0.05
92.54284298430031,30.510000000001003,Mixed,timer_il2_menten,0,0.05
92.32100647780287,30.520000000001005,Mixed,timer_il2_menten,0,0.05
92.09970173957376,30.530000000001007,Mixed,timer_il2_menten,0,0.05
91.8789274946219,30.540000000001008,Mixed,timer_il2_menten,0,0.05
91.65868247098514,30.55000000000101,Mixed,timer_il2_menten,0,0.05
91.43896539972172,30.56000000000101,Mixed,timer_il2_menten,0,0.05
91.21977501618746,30.570000000001013,Mixed,timer_il2_menten,0,0.05
91.00111005909343,30.580000000001014,Mixed,timer_il2_menten,0,0.05
90.78296926894623,30.590000000001016,Mixed,timer_il2_menten,0,0.05
90.56535138926783,30.600000000001017,Mixed,timer_il2_menten,0,0.05
90.3482551665882,30.61000000000102,Mixed,timer_il2_menten,0,0.05
90.1316793504376,30.62000000000102,Mixed,timer_il2_menten,0,0.05
89.91562269333889,30.630000000001022,Mixed,timer_il2_menten,0,0.05
89.70008395079974,30.640000000001024,Mixed,timer_il2_menten,0,0.05
89.48506188130497,30.650000000001025,Mixed,timer_il2_menten,0,0.05
89.27055524630893,30.660000000001027,Mixed,timer_il2_menten,0,0.05
89.05656281022752,30.67000000000103,Mixed,timer_il2_menten,0,0.05
88.84308334043075,30.68000000000103,Mixed,timer_il2_menten,0,0.05
88.63011560723491,30.69000000000103,Mixed,timer_il2_menten,0,0.05
88.41765838389486,30.700000000001033,Mixed,timer_il2_menten,0,0.05
88.20571044659633,30.710000000001035,Mixed,timer_il2_menten,0,0.05
87.99427057444815,30.720000000001036,Mixed,timer_il2_menten,0,0.05
87.78333754947462,30.730000000001038,Mixed,timer_il2_menten,0,0.05
87.57291015660783,30.74000000000104,Mixed,timer_il2_menten,0,0.05
87.36298718367976,30.75000000000104,Mixed,timer_il2_menten,0,0.05
87.15356742141478,30.760000000001043,Mixed,timer_il2_menten,0,0.05
86.94464966342179,30.770000000001044,Mixed,timer_il2_menten,0,0.05
86.73623270618656,30.780000000001046,Mixed,timer_il2_menten,0,0.05
86.52831534906403,30.790000000001047,Mixed,timer_il2_menten,0,0.05
86.32089639456422,30.80000000000105,Mixed,timer_il2_menten,0,0.05
86.11397464886943,30.81000000000105,Mixed,timer_il2_menten,0,0.05
85.90754892020556,30.820000000001052,Mixed,timer_il2_menten,0,0.05
85.70161801957128,30.830000000001053,Mixed,timer_il2_menten,0,0.05
85.49618076081182,30.840000000001055,Mixed,timer_il2_menten,0,0.05
85.29123596061163,30.850000000001057,Mixed,timer_il2_menten,0,0.05
85.08678243848712,30.860000000001058,Mixed,timer_il2_menten,0,0.05
84.88281901677934,30.87000000000106,Mixed,timer_il2_menten,0,0.05
84.6793445206467,30.88000000000106,Mixed,timer_il2_menten,0,0.05
84.47635777805777,30.890000000001063,Mixed,timer_il2_menten,0,0.05
84.2738576197838,30.900000000001064,Mixed,timer_il2_menten,0,0.05
84.07184287939162,30.910000000001066,Mixed,timer_il2_menten,0,0.05
83.87031239323625,30.920000000001068,Mixed,timer_il2_menten,0,0.05
83.66926500045363,30.93000000000107,Mixed,timer_il2_menten,0,0.05
83.46869954295332,30.94000000000107,Mixed,timer_il2_menten,0,0.05
83.26861486541118,30.950000000001072,Mixed,timer_il2_menten,0,0.05
83.0690098152622,30.960000000001074,Mixed,timer_il2_menten,0,0.05
82.86988324269313,30.970000000001075,Mixed,timer_il2_menten,0,0.05
82.67123400063514,30.980000000001077,Mixed,timer_il2_menten,0,0.05
82.47306094475658,30.99000000000108,Mixed,timer_il2_menten,0,0.05
82.27536293345567,31.00000000000108,Mixed,timer_il2_menten,0,0.05
82.07813882785334,31.01000000000108,Mixed,timer_il2_menten,0,0.05
81.88138749178569,31.020000000001083,Mixed,timer_il2_menten,0,0.05
81.68510742099238,31.030000000001085,Mixed,timer_il2_menten,0,0.05
81.48929830130777,31.040000000001086,Mixed,timer_il2_menten,0,0.05
81.29395854819742,31.050000000001088,Mixed,timer_il2_menten,0,0.05
81.09908703811053,31.06000000000109,Mixed,timer_il2_menten,0,0.05
80.90468265004563,31.07000000000109,Mixed,timer_il2_menten,0,0.05
80.71074426555064,31.080000000001093,Mixed,timer_il2_menten,0,0.05
80.51727076872282,31.090000000001094,Mixed,timer_il2_menten,0,0.05
80.3242610462089,31.100000000001096,Mixed,timer_il2_menten,0,0.05
80.13171398720486,31.110000000001097,Mixed,timer_il2_menten,0,0.05
79.93962848345612,31.1200000000011,Mixed,timer_il2_menten,0,0.05
79.74800342925747,31.1300000000011,Mixed,timer_il2_menten,0,0.05
79.55683772145308,31.140000000001102,Mixed,timer_il2_menten,0,0.05
79.36613025943645,31.150000000001103,Mixed,timer_il2_menten,0,0.05
79.17587994515048,31.160000000001105,Mixed,timer_il2_menten,0,0.05
78.98608568308751,31.170000000001107,Mixed,timer_il2_menten,0,0.05
78.79674638028914,31.180000000001108,Mixed,timer_il2_menten,0,0.05
78.60786094634638,31.19000000000111,Mixed,timer_il2_menten,0,0.05
78.41942829339965,31.20000000000111,Mixed,timer_il2_menten,0,0.05
78.23144733613871,31.210000000001113,Mixed,timer_il2_menten,0,0.05
78.04391699180272,31.220000000001114,Mixed,timer_il2_menten,0,0.05
77.8568361801802,31.230000000001116,Mixed,timer_il2_menten,0,0.05
77.67020382360903,31.240000000001118,Mixed,timer_il2_menten,0,0.05
77.48401884697647,31.25000000000112,Mixed,timer_il2_menten,0,0.05
77.29828017771916,31.26000000000112,Mixed,timer_il2_menten,0,0.05
77.11298674611677,31.270000000001122,Mixed,timer_il2_menten,0,0.05
76.92813748517888,31.280000000001124,Mixed,timer_il2_menten,0,0.05
76.74373133024906,31.290000000001125,Mixed,timer_il2_menten,0,0.05
76.55976721924895,31.300000000001127,Mixed,timer_il2_menten,0,0.05
76.37624409267836,31.31000000000113,Mixed,timer_il2_menten,0,0.05
76.1931608936153,31.32000000000113,Mixed,timer_il2_menten,0,0.05
76.01051656771602,31.33000000000113,Mixed,timer_il2_menten,0,0.05
75.82831006310734,31.340000000001133,Mixed,timer_il2_menten,0,0.05
75.64654032976206,31.350000000001135,Mixed,timer_il2_menten,0,0.05
75.46520632056118,31.360000000001136,Mixed,timer_il2_menten,0,0.05
75.28430699102834,31.370000000001138,Mixed,timer_il2_menten,0,0.05
75.10384129921849,31.38000000000114,Mixed,timer_il2_menten,0,0.05
74.92380820571768,31.39000000000114,Mixed,timer_il2_menten,0,0.05
74.74420667364318,31.400000000001143,Mixed,timer_il2_menten,0,0.05
74.56503566864359,31.410000000001144,Mixed,timer_il2_menten,0,0.05
74.38629415854334,31.420000000001146,Mixed,timer_il2_menten,0,0.05
74.20798111347975,31.430000000001147,Mixed,timer_il2_menten,0,0.05
74.03009550638191,31.44000000000115,Mixed,timer_il2_menten,0,0.05
73.8526363126754,31.45000000000115,Mixed,timer_il2_menten,0,0.05
73.67560251028209,31.460000000001152,Mixed,timer_il2_menten,0,0.05
73.49899307962025,31.470000000001153,Mixed,timer_il2_menten,0,0.05
73.32280700360454,31.480000000001155,Mixed,timer_il2_menten,0,0.05
73.14704326754367,31.490000000001157,Mixed,timer_il2_menten,0,0.05
72.97170085854657,31.500000000001158,Mixed,timer_il2_menten,0,0.05
72.79677876653233,31.51000000000116,Mixed,timer_il2_menten,0,0.05
72.62227598397757,31.52000000000116,Mixed,timer_il2_menten,0,0.05
72.4481915058108,31.530000000001163,Mixed,timer_il2_menten,0,0.05
72.27452432941209,31.540000000001164,Mixed,timer_il2_menten,0,0.05
72.10127345461322,31.550000000001166,Mixed,timer_il2_menten,0,0.05
71.92843788369771,31.560000000001168,Mixed,timer_il2_menten,0,0.05
71.756016620955,31.57000000000117,Mixed,timer_il2_menten,0,0.05
71.58400867285224,31.58000000000117,Mixed,timer_il2_menten,0,0.05
71.41241304863514,31.590000000001172,Mixed,timer_il2_menten,0,0.05
71.24122875995762,31.600000000001174,Mixed,timer_il2_menten,0,0.05
71.07045482088144,31.610000000001175,Mixed,timer_il2_menten,0,0.05
70.90009024787642,31.620000000001177,Mixed,timer_il2_menten,0,0.05
70.73013405982033,31.63000000000118,Mixed,timer_il2_menten,0,0.05
70.56058527790049,31.64000000000118,Mixed,timer_il2_menten,0,0.05
70.39144292504272,31.65000000000118,Mixed,timer_il2_menten,0,0.05
70.22270602688258,31.660000000001183,Mixed,timer_il2_menten,0,0.05
70.05437361152242,31.670000000001185,Mixed,timer_il2_menten,0,0.05
69.88644470942977,31.680000000001186,Mixed,timer_il2_menten,0,0.05
69.71891835343706,31.690000000001188,Mixed,timer_il2_menten,0,0.05
69.55179357874175,31.70000000000119,Mixed,timer_il2_menten,0,0.05
69.38506942290633,31.71000000000119,Mixed,timer_il2_menten,0,0.05
69.21874492542824,31.720000000001193,Mixed,timer_il2_menten,0,0.05
69.05281912790568,31.730000000001194,Mixed,timer_il2_menten,0,0.05
68.88729107461715,31.740000000001196,Mixed,timer_il2_menten,0,0.05
68.72215981216416,31.750000000001197,Mixed,timer_il2_menten,0,0.05
68.55742438947104,31.7600000000012,Mixed,timer_il2_menten,0,0.05
68.39308385778489,31.7700000000012,Mixed,timer_il2_menten,0,0.05
68.2291372706757,31.780000000001202,Mixed,timer_il2_menten,0,0.05
68.06558368394136,31.790000000001204,Mixed,timer_il2_menten,0,0.05
67.90242215505671,31.800000000001205,Mixed,timer_il2_menten,0,0.05
67.73965174411049,31.810000000001207,Mixed,timer_il2_menten,0,0.05
67.57727151357119,31.820000000001208,Mixed,timer_il2_menten,0,0.05
67.41528052818859,31.83000000000121,Mixed,timer_il2_menten,0,0.05
67.25367785499395,31.84000000000121,Mixed,timer_il2_menten,0,0.05
67.09246256329986,31.850000000001213,Mixed,timer_il2_menten,0,0.05
66.93163372470029,31.860000000001214,Mixed,timer_il2_menten,0,0.05
66.7711904126558,31.870000000001216,Mixed,timer_il2_menten,0,0.05
66.61113170265338,31.880000000001218,Mixed,timer_il2_menten,0,0.05
66.45145667276557,31.89000000000122,Mixed,timer_il2_menten,0,0.05
66.29216440330578,31.90000000000122,Mixed,timer_il2_menten,0,0.05
66.13325397682804,31.910000000001222,Mixed,timer_il2_menten,0,0.05
65.97472447812716,31.920000000001224,Mixed,timer_il2_menten,0,0.05
65.81657499423855,31.930000000001225,Mixed,timer_il2_menten,0,0.05
65.65880461434685,31.940000000001227,Mixed,timer_il2_menten,0,0.05
65.50141242925432,31.95000000000123,Mixed,timer_il2_menten,0,0.05
65.34439753228463,31.96000000000123,Mixed,timer_il2_menten,0,0.05
65.18775901905715,31.97000000000123,Mixed,timer_il2_menten,0,0.05
65.03149598739186,31.980000000001233,Mixed,timer_il2_menten,0,0.05
64.87560753730946,31.990000000001235,Mixed,timer_il2_menten,0,0.05
64.72009277103142,32.000000000001236,Mixed,timer_il2_menten,0,0.05
64.56495079297979,32.01000000000124,Mixed,timer_il2_menten,0,0.05
64.41018070937753,32.02000000000124,Mixed,timer_il2_menten,0,0.05
64.25578162840192,32.03000000000124,Mixed,timer_il2_menten,0,0.05
64.10175266072451,32.04000000000124,Mixed,timer_il2_menten,0,0.05
63.94809291917868,32.05000000000125,Mixed,timer_il2_menten,0,0.05
63.794801518759215,32.060000000001246,Mixed,timer_il2_menten,0,0.05
63.64187757662214,32.070000000001244,Mixed,timer_il2_menten,0,0.05
63.48932021208499,32.08000000000125,Mixed,timer_il2_menten,0,0.05
63.33712854647123,32.090000000001254,Mixed,timer_il2_menten,0,0.05
63.185301702281066,32.10000000000125,Mixed,timer_il2_menten,0,0.05
63.03383880479639,32.11000000000125,Mixed,timer_il2_menten,0,0.05
62.8827389816035,32.120000000001255,Mixed,timer_il2_menten,0,0.05
62.7320013624235,32.13000000000126,Mixed,timer_il2_menten,0,0.05
62.581625079112214,32.14000000000126,Mixed,timer_il2_menten,0,0.05
62.431609265659866,32.150000000001256,Mixed,timer_il2_menten,0,0.05
62.281953058191334,32.16000000000126,Mixed,timer_il2_menten,0,0.05
62.13265559496636,32.17000000000127,Mixed,timer_il2_menten,0,0.05
61.98371601637937,32.180000000001264,Mixed,timer_il2_menten,0,0.05
61.83513346495917,32.19000000000126,Mixed,timer_il2_menten,0,0.05
61.68690708536927,32.20000000000127,Mixed,timer_il2_menten,0,0.05
61.53903602417227,32.21000000000127,Mixed,timer_il2_menten,0,0.05
61.39151942778224,32.22000000000127,Mixed,timer_il2_menten,0,0.05
61.24435644594792,32.23000000000127,Mixed,timer_il2_menten,0,0.05
61.09754623101606,32.240000000001274,Mixed,timer_il2_menten,0,0.05
60.951087937407124,32.25000000000128,Mixed,timer_il2_menten,0,0.05
60.804980721614996,32.26000000000128,Mixed,timer_il2_menten,0,0.05
60.65922374220677,32.270000000001275,Mixed,timer_il2_menten,0,0.05
60.51381615982311,32.28000000000128,Mixed,timer_il2_menten,0,0.05
60.36875713717828,32.290000000001285,Mixed,timer_il2_menten,0,0.05
60.224045839060025,32.30000000000128,Mixed,timer_il2_menten,0,0.05
60.07968143232932,32.31000000000128,Mixed,timer_il2_menten,0,0.05
59.93566308592065,32.320000000001286,Mixed,timer_il2_menten,0,0.05
59.79198997070594,32.33000000000129,Mixed,timer_il2_menten,0,0.05
59.648661257459835,32.34000000000129,Mixed,timer_il2_menten,0,0.05
59.50567611991878,32.35000000000129,Mixed,timer_il2_menten,0,0.05
59.36303373449087,32.36000000000129,Mixed,timer_il2_menten,0,0.05
59.22073327959873,32.3700000000013,Mixed,timer_il2_menten,0,0.05
59.07877393567948,32.380000000001296,Mixed,timer_il2_menten,0,0.05
58.9371548851844,32.390000000001294,Mixed,timer_il2_menten,0,0.05
58.795875312579234,32.4000000000013,Mixed,timer_il2_menten,0,0.05
58.654934404344274,32.410000000001304,Mixed,timer_il2_menten,0,0.05
58.51433134897429,32.4200000000013,Mixed,timer_il2_menten,0,0.05
58.37406533697825,32.4300000000013,Mixed,timer_il2_menten,0,0.05
58.23413556087951,32.440000000001305,Mixed,timer_il2_menten,0,0.05
58.094541215149135,32.45000000000131,Mixed,timer_il2_menten,0,0.05
57.95528149425098,32.46000000000131,Mixed,timer_il2_menten,0,0.05
57.816355595208215,32.470000000001306,Mixed,timer_il2_menten,0,0.05
57.677762717806885,32.48000000000131,Mixed,timer_il2_menten,0,0.05
57.53950206379009,32.49000000000132,Mixed,timer_il2_menten,0,0.05
57.40157283685775,32.500000000001315,Mixed,timer_il2_menten,0,0.05
57.263974242666414,32.51000000000131,Mixed,timer_il2_menten,0,0.05
57.126705488829444,32.52000000000132,Mixed,timer_il2_menten,0,0.05
56.98976578491725,32.53000000000132,Mixed,timer_il2_menten,0,0.05
56.85315434245704,32.54000000000132,Mixed,timer_il2_menten,0,0.05
56.71687037493267,32.55000000000132,Mixed,timer_il2_menten,0,0.05
56.58091309778479,32.560000000001324,Mixed,timer_il2_menten,0,0.05
56.445281737822356,32.57000000000133,Mixed,timer_il2_menten,0,0.05
56.3099754903597,32.58000000000133,Mixed,timer_il2_menten,0,0.05
56.174993588827334,32.590000000001325,Mixed,timer_il2_menten,0,0.05
56.04033525547198,32.60000000000133,Mixed,timer_il2_menten,0,0.05
55.90599971448748,32.610000000001335,Mixed,timer_il2_menten,0,0.05
55.771986192010054,32.62000000000133,Mixed,timer_il2_menten,0,0.05
55.63829391611341,32.63000000000133,Mixed,timer_il2_menten,0,0.05
55.504922116804366,32.640000000001336,Mixed,timer_il2_menten,0,0.05
55.371870026018364,32.65000000000134,Mixed,timer_il2_menten,0,0.05
55.23913687761468,32.66000000000134,Mixed,timer_il2_menten,0,0.05
55.10672190737159,32.67000000000134,Mixed,timer_il2_menten,0,0.05
54.974624352981934,32.68000000000134,Mixed,timer_il2_menten,0,0.05
54.8428434540441,32.69000000000135,Mixed,timer_il2_menten,0,0.05
54.711378449097175,32.700000000001346,Mixed,timer_il2_menten,0,0.05
54.580228578530495,32.710000000001344,Mixed,timer_il2_menten,0,0.05
54.449393086906355,32.72000000000135,Mixed,timer_il2_menten,0,0.05
54.318871220637476,32.730000000001354,Mixed,timer_il2_menten,0,0.05
54.18866222798124,32.74000000000135,Mixed,timer_il2_menten,0,0.05
54.05876535903393,32.75000000000135,Mixed,timer_il2_menten,0,0.05
53.92917986572537,32.760000000001355,Mixed,timer_il2_menten,0,0.05
53.7999050018136,32.77000000000136,Mixed,timer_il2_menten,0,0.05
53.67094002287909,32.78000000000136,Mixed,timer_il2_menten,0,0.05
53.542284186318994,32.790000000001356,Mixed,timer_il2_menten,0,0.05
53.413936751341836,32.80000000000136,Mixed,timer_il2_menten,0,0.05
53.28589697896208,32.81000000000137,Mixed,timer_il2_menten,0,0.05
53.158164131994425,32.820000000001365,Mixed,timer_il2_menten,0,0.05
53.030737475048014,32.83000000000136,Mixed,timer_il2_menten,0,0.05
52.90361627452119,32.84000000000137,Mixed,timer_il2_menten,0,0.05
52.776799798595974,32.85000000000137,Mixed,timer_il2_menten,0,0.05
52.65028731723241,32.86000000000137,Mixed,timer_il2_menten,0,0.05
52.52407810216283,32.87000000000137,Mixed,timer_il2_menten,0,0.05
52.398171426886435,32.880000000001374,Mixed,timer_il2_menten,0,0.05
52.272566566664,32.89000000000138,Mixed,timer_il2_menten,0,0.05
52.14726279851202,32.90000000000138,Mixed,timer_il2_menten,0,0.05
52.022259401197104,32.910000000001375,Mixed,timer_il2_menten,0,0.05
51.89755565523053,32.92000000000138,Mixed,timer_il2_menten,0,0.05
51.773150842862876,32.930000000001385,Mixed,timer_il2_menten,0,0.05
51.649044248078276,32.94000000000138,Mixed,timer_il2_menten,0,0.05
51.52523515658871,32.95000000000138,Mixed,timer_il2_menten,0,0.05
51.40172285582868,32.960000000001386,Mixed,timer_il2_menten,0,0.05
51.278506634949665,32.97000000000139,Mixed,timer_il2_menten,0,0.05
51.15558578389524,32.98000000000139,Mixed,timer_il2_menten,0,0.05
51.03295959243169,32.99000000000139,Mixed,timer_il2_menten,0,0.05
50.910627354191476,33.00000000000139,Mixed,timer_il2_menten,0,0.05
50.78858836462085,33.0100000000014,Mixed,timer_il2_menten,0,0.05
50.666841920827096,33.020000000001396,Mixed,timer_il2_menten,0,0.05
50.54538732157221,33.030000000001394,Mixed,timer_il2_menten,0,0.05
50.424223867266804,33.0400000000014,Mixed,timer_il2_menten,0,0.05
50.30335085996421,33.050000000001404,Mixed,timer_il2_menten,0,0.05
50.18276760335412,33.0600000000014,Mixed,timer_il2_menten,0,0.05
50.06247340275616,33.0700000000014,Mixed,timer_il2_menten,0,0.05
49.94246756511395,33.080000000001405,Mixed,timer_il2_menten,0,0.05
49.82274939898906,33.09000000000141,Mixed,timer_il2_menten,0,0.05
49.70331821455474,33.10000000000141,Mixed,timer_il2_menten,0,0.05
49.584173323589475,33.110000000001406,Mixed,timer_il2_menten,0,0.05
49.46531403947104,33.12000000000141,Mixed,timer_il2_menten,0,0.05
49.346739677170476,33.13000000000142,Mixed,timer_il2_menten,0,0.05
49.22844955324573,33.140000000001415,Mixed,timer_il2_menten,0,0.05
49.11044298583536,33.15000000000141,Mixed,timer_il2_menten,0,0.05
48.99271929465246,33.16000000000142,Mixed,timer_il2_menten,0,0.05
48.87527780097871,33.17000000000142,Mixed,timer_il2_menten,0,0.05
48.758117827657976,33.18000000000142,Mixed,timer_il2_menten,0,0.05
48.641238699090046,33.19000000000142,Mixed,timer_il2_menten,0,0.05
48.52463974122453,33.200000000001424,Mixed,timer_il2_menten,0,0.05
48.40832028155492,33.21000000000143,Mixed,timer_il2_menten,0,0.05
48.2922796491122,33.22000000000143,Mixed,timer_il2_menten,0,0.05
48.17651717445855,33.230000000001425,Mixed,timer_il2_menten,0,0.05
48.0610321896813,33.24000000000143,Mixed,timer_il2_menten,0,0.05
47.94582402838692,33.250000000001435,Mixed,timer_il2_menten,0,0.05
47.83089202648911,33.26000000000143,Mixed,timer_il2_menten,0,0.05
47.7162355291965,33.27000000000143,Mixed,timer_il2_menten,0,0.05
47.60185387815344,33.280000000001436,Mixed,timer_il2_menten,0,0.05
47.48774641454372,33.29000000000144,Mixed,timer_il2_menten,0,0.05
47.37391248112504,33.30000000000144,Mixed,timer_il2_menten,0,0.05
47.26035142222456,33.31000000000144,Mixed,timer_il2_menten,0,0.05
47.14706258373485,33.32000000000144,Mixed,timer_il2_menten,0,0.05
47.03404531310976,33.33000000000145,Mixed,timer_il2_menten,0,0.05
46.92129895935997,33.340000000001446,Mixed,timer_il2_menten,0,0.05
46.8088228730486,33.350000000001444,Mixed,timer_il2_menten,0,0.05
46.696616406287106,33.36000000000145,Mixed,timer_il2_menten,0,0.05
46.58467891273115,33.370000000001454,Mixed,timer_il2_menten,0,0.05
46.4730097475762,33.38000000000145,Mixed,timer_il2_menten,0,0.05
46.361608267553095,33.39000000000145,Mixed,timer_il2_menten,0,0.05
46.25047383092394,33.400000000001455,Mixed,timer_il2_menten,0,0.05
46.139605797478026,33.41000000000146,Mixed,timer_il2_menten,0,0.05
46.029003528527355,33.42000000000146,Mixed,timer_il2_menten,0,0.05
45.918666386902274,33.430000000001456,Mixed,timer_il2_menten,0,0.05
45.80859373694731,33.44000000000146,Mixed,timer_il2_menten,0,0.05
45.69878494451716,33.45000000000147,Mixed,timer_il2_menten,0,0.05
45.5892393769721,33.460000000001465,Mixed,timer_il2_menten,0,0.05
45.4799564031738,33.47000000000146,Mixed,timer_il2_menten,0,0.05
45.370935393481005,33.48000000000147,Mixed,timer_il2_menten,0,0.05
45.26217571974553,33.49000000000147,Mixed,timer_il2_menten,0,0.05
45.1536767553078,33.50000000000147,Mixed,timer_il2_menten,0,0.05
45.04543787499248,33.51000000000147,Mixed,timer_il2_menten,0,0.05
44.93745845510432,33.520000000001474,Mixed,timer_il2_menten,0,0.05
44.829737873424094,33.53000000000148,Mixed,timer_il2_menten,0,0.05
44.722275509206995,33.54000000000148,Mixed,timer_il2_menten,0,0.05
44.61507074460902,33.550000000001475,Mixed,timer_il2_menten,0,0.05
44.5081229632426,33.56000000000148,Mixed,timer_il2_menten,0,0.05
44.401431549104515,33.570000000001485,Mixed,timer_il2_menten,0,0.05
44.29499588766579,33.58000000000148,Mixed,timer_il2_menten,0,0.05
44.18881536586768,33.59000000000148,Mixed,timer_il2_menten,0,0.05
44.08288937211809,33.60000000000149,Mixed,timer_il2_menten,0,0.05
43.97721729628776,33.61000000000149,Mixed,timer_il2_menten,0,0.05
43.871798529706446,33.62000000000149,Mixed,timer_il2_menten,0,0.05
43.76663246515885,33.63000000000149,Mixed,timer_il2_menten,0,0.05
43.66171849688095,33.64000000000149,Mixed,timer_il2_menten,0,0.05
43.557056020556416,33.6500000000015,Mixed,timer_il2_menten,0,0.05
43.45264443331254,33.660000000001496,Mixed,timer_il2_menten,0,0.05
43.34848313371631,33.670000000001494,Mixed,timer_il2_menten,0,0.05
43.24457152177071,33.6800000000015,Mixed,timer_il2_menten,0,0.05
43.140908998911115,33.690000000001504,Mixed,timer_il2_menten,0,0.05
43.037494968001226,33.7000000000015,Mixed,timer_il2_menten,0,0.05
42.9343288333292,33.7100000000015,Mixed,timer_il2_menten,0,0.05
42.83141000060387,33.720000000001505,Mixed,timer_il2_menten,0,0.05
42.728737876951186,33.73000000000151,Mixed,timer_il2_menten,0,0.05
42.62631187091013,33.74000000000151,Mixed,timer_il2_menten,0,0.05
42.524131392428835,33.750000000001506,Mixed,timer_il2_menten,0,0.05
42.422195852860874,33.76000000000151,Mixed,timer_il2_menten,0,0.05
42.320504664961604,33.77000000000152,Mixed,timer_il2_menten,0,0.05
42.21905724288416,33.780000000001515,Mixed,timer_il2_menten,0,0.05
42.11785300217552,33.79000000000151,Mixed,timer_il2_menten,0,0.05
42.01689135977284,33.80000000000152,Mixed,timer_il2_menten,0,0.05
41.91617173399976,33.81000000000152,Mixed,timer_il2_menten,0,0.05
41.81569354456239,33.82000000000152,Mixed,timer_il2_menten,0,0.05
41.715456212926,33.83000000000152,Mixed,timer_il2_menten,0,0.05
41.6154591626858,33.840000000001524,Mixed,timer_il2_menten,0,0.05
41.51570181792858,33.85000000000153,Mixed,timer_il2_menten,0,0.05
41.41618360406264,33.86000000000153,Mixed,timer_il2_menten,0,0.05
41.31690394787101,33.870000000001525,Mixed,timer_il2_menten,0,0.05
41.21786227750792,33.88000000000153,Mixed,timer_il2_menten,0,0.05
41.1190580224955,33.890000000001535,Mixed,timer_il2_menten,0,0.05
41.020490613719986,33.90000000000153,Mixed,timer_il2_menten,0,0.05
40.92215948342801,33.91000000000153,Mixed,timer_il2_menten,0,0.05
40.8240640652232,33.92000000000154,Mixed,timer_il2_menten,0,0.05
40.726203794062776,33.93000000000154,Mixed,timer_il2_menten,0,0.05
40.628578106253755,33.94000000000154,Mixed,timer_il2_menten,0,0.05
40.531186439449314,33.95000000000154,Mixed,timer_il2_menten,0,0.05
40.434028232645375,33.96000000000154,Mixed,timer_il2_menten,0,0.05
40.33710292617711,33.97000000000155,Mixed,timer_il2_menten,0,0.05
40.240409961715265,33.980000000001546,Mixed,timer_il2_menten,0,0.05
40.143948782262484,33.990000000001544,Mixed,timer_il2_menten,0,0.05
40.04771883214979,34.00000000000155,Mixed,timer_il2_menten,0,0.05
39.95171955703328,34.010000000001554,Mixed,timer_il2_menten,0,0.05
39.855950403890304,34.02000000000155,Mixed,timer_il2_menten,0,0.05
39.760410821015824,34.03000000000155,Mixed,timer_il2_menten,0,0.05
39.66510025801895,34.040000000001555,Mixed,timer_il2_menten,0,0.05
39.57001816581956,34.05000000000156,Mixed,timer_il2_menten,0,0.05
39.4751639966445,34.06000000000156,Mixed,timer_il2_menten,0,0.05
39.38053720402398,34.070000000001556,Mixed,timer_il2_menten,0,0.05
39.28613724278807,34.08000000000156,Mixed,timer_il2_menten,0,0.05
39.19196356906332,34.09000000000157,Mixed,timer_il2_menten,0,0.05
39.09801564026899,34.100000000001565,Mixed,timer_il2_menten,0,0.05
39.0042929151474,34.11000000000156,Mixed,timer_il2_menten,0,0.05
38.910794854125314,34.12000000000157,Mixed,timer_il2_menten,0,0.05
38.81752091888432,34.13000000000157,Mixed,timer_il2_menten,0,0.05
38.724470572400946,34.14000000000157,Mixed,timer_il2_menten,0,0.05
38.631643279021176,34.15000000000157,Mixed,timer_il2_menten,0,0.05
38.5390385044656,34.160000000001574,Mixed,timer_il2_menten,0,0.05
38.44665571567835,34.17000000000158,Mixed,timer_il2_menten,0,0.05
38.35449438011381,34.18000000000158,Mixed,timer_il2_menten,0,0.05
38.26255396680681,34.190000000001575,Mixed,timer_il2_menten,0,0.05
38.17083394608008,34.20000000000158,Mixed,timer_il2_menten,0,0.05
38.07933378944777,34.210000000001585,Mixed,timer_il2_menten,0,0.05
37.98805296960188,34.22000000000158,Mixed,timer_il2_menten,0,0.05
37.89699096060779,34.23000000000158,Mixed,timer_il2_menten,0,0.05
37.80614723829564,34.24000000000159,Mixed,timer_il2_menten,0,0.05
37.715521279437574,34.25000000000159,Mixed,timer_il2_menten,0,0.05
37.6251125620511,34.26000000000159,Mixed,timer_il2_menten,0,0.05
37.53492056542559,34.27000000000159,Mixed,timer_il2_menten,0,0.05
37.444944770122945,34.28000000000159,Mixed,timer_il2_menten,0,0.05
37.35518465789302,34.2900000000016,Mixed,timer_il2_menten,0,0.05
37.26563971163248,34.300000000001596,Mixed,timer_il2_menten,0,0.05
37.176309415560816,34.310000000001594,Mixed,timer_il2_menten,0,0.05
37.08719325513475,34.3200000000016,Mixed,timer_il2_menten,0,0.05
36.998290717044156,34.330000000001604,Mixed,timer_il2_menten,0,0.05
36.909601289208865,34.3400000000016,Mixed,timer_il2_menten,0,0.05
36.82112446077808,34.3500000000016,Mixed,timer_il2_menten,0,0.05
36.73285972212635,34.360000000001605,Mixed,timer_il2_menten,0,0.05
36.64480656484852,34.37000000000161,Mixed,timer_il2_menten,0,0.05
36.556964481758094,34.38000000000161,Mixed,timer_il2_menten,0,0.05
36.469332966883975,34.390000000001606,Mixed,timer_il2_menten,0,0.05
36.38191151533114,34.40000000000161,Mixed,timer_il2_menten,0,0.05
36.29469962391114,34.41000000000162,Mixed,timer_il2_menten,0,0.05
36.20769679001259,34.420000000001615,Mixed,timer_il2_menten,0,0.05
36.120902512524026,34.43000000000161,Mixed,timer_il2_menten,0,0.05
36.03431629152455,34.44000000000162,Mixed,timer_il2_menten,0,0.05
35.94793762828383,34.45000000000162,Mixed,timer_il2_menten,0,0.05
35.86176602526105,34.46000000000162,Mixed,timer_il2_menten,0,0.05
35.77580098609447,34.47000000000162,Mixed,timer_il2_menten,0,0.05
35.69004201561683,34.480000000001624,Mixed,timer_il2_menten,0,0.05
35.60448861985311,34.49000000000163,Mixed,timer_il2_menten,0,0.05
35.51914030601805,34.50000000000163,Mixed,timer_il2_menten,0,0.05
35.433996582516066,34.510000000001625,Mixed,timer_il2_menten,0,0.05
35.34905695894136,34.52000000000163,Mixed,timer_il2_menten,0,0.05
35.264320946078044,34.530000000001635,Mixed,timer_il2_menten,0,0.05
35.179788055814136,34.54000000000163,Mixed,timer_il2_menten,0,0.05
35.09545780113099,34.55000000000163,Mixed,timer_il2_menten,0,0.05
35.01132969628818,34.56000000000164,Mixed,timer_il2_menten,0,0.05
34.92740325672604,34.57000000000164,Mixed,timer_il2_menten,0,0.05
34.84367799906425,34.58000000000164,Mixed,timer_il2_menten,0,0.05
34.760153441101785,34.59000000000164,Mixed,timer_il2_menten,0,0.05
34.67682910181697,34.60000000000164,Mixed,timer_il2_menten,0,0.05
34.593704501338074,34.61000000000165,Mixed,timer_il2_menten,0,0.05
34.51077916065812,34.620000000001646,Mixed,timer_il2_menten,0,0.05
34.42805260205904,34.630000000001644,Mixed,timer_il2_menten,0,0.05
34.34552434904758,34.64000000000165,Mixed,timer_il2_menten,0,0.05
34.26319392628977,34.650000000001654,Mixed,timer_il2_menten,0,0.05
34.181060859610895,34.66000000000165,Mixed,timer_il2_menten,0,0.05
34.099124675995355,34.67000000000165,Mixed,timer_il2_menten,0,0.05
34.017384903586745,34.680000000001655,Mixed,timer_il2_menten,0,0.05
33.93584107151752,34.69000000000166,Mixed,timer_il2_menten,0,0.05
33.854492709888056,34.70000000000166,Mixed,timer_il2_menten,0,0.05
33.77333935013344,34.710000000001656,Mixed,timer_il2_menten,0,0.05
33.69238052482983,34.72000000000166,Mixed,timer_il2_menten,0,0.05
33.61161576769203,34.73000000000167,Mixed,timer_il2_menten,0,0.05
33.531044613573386,34.740000000001665,Mixed,timer_il2_menten,0,0.05
33.450666598465716,34.75000000000166,Mixed,timer_il2_menten,0,0.05
33.37048114011168,34.76000000000167,Mixed,timer_il2_menten,0,0.05
33.29048806938782,34.77000000000167,Mixed,timer_il2_menten,0,0.05
33.2106867308731,34.78000000000167,Mixed,timer_il2_menten,0,0.05
33.131076671201036,34.79000000000167,Mixed,timer_il2_menten,0,0.05
33.05165743700516,34.800000000001674,Mixed,timer_il2_menten,0,0.05
32.972428574919086,34.81000000000168,Mixed,timer_il2_menten,0,0.05
32.893389631576454,34.82000000000168,Mixed,timer_il2_menten,0,0.05
32.81454015361079,34.830000000001675,Mixed,timer_il2_menten,0,0.05
32.735879690258244,34.84000000000168,Mixed,timer_il2_menten,0,0.05
32.657407792997795,34.850000000001685,Mixed,timer_il2_menten,0,0.05
32.57912400994782,34.86000000000168,Mixed,timer_il2_menten,0,0.05
32.501027889186375,34.87000000000168,Mixed,timer_il2_menten,0,0.05
32.4231189787915,34.88000000000169,Mixed,timer_il2_menten,0,0.05
32.34539682684138,34.89000000000169,Mixed,timer_il2_menten,0,0.05
32.267860981414145,34.90000000000169,Mixed,timer_il2_menten,0,0.05
32.19051099058789,34.91000000000169,Mixed,timer_il2_menten,0,0.05
32.113346403851075,34.92000000000169,Mixed,timer_il2_menten,0,0.05
32.03636679515948,34.9300000000017,Mixed,timer_il2_menten,0,0.05
31.95957172810365,34.940000000001696,Mixed,timer_il2_menten,0,0.05
31.88296075842156,34.950000000001694,Mixed,timer_il2_menten,0,0.05
31.80653344185116,34.9600000000017,Mixed,timer_il2_menten,0,0.05
31.730289334130518,34.970000000001704,Mixed,timer_il2_menten,0,0.05
31.654227990997704,34.9800000000017,Mixed,timer_il2_menten,0,0.05
31.57834896819067,34.9900000000017,Mixed,timer_il2_menten,0,0.05
31.502651821447365,35.000000000001705,Mixed,timer_il2_menten,0,0.05
31.42713611638286,35.01000000000171,Mixed,timer_il2_menten,0,0.05
31.351801442363783,35.02000000000171,Mixed,timer_il2_menten,0,0.05
31.276647365994624,35.030000000001706,Mixed,timer_il2_menten,0,0.05
31.20167345208842,35.04000000000171,Mixed,timer_il2_menten,0,0.05
31.1268792654583,35.05000000000172,Mixed,timer_il2_menten,0,0.05
31.052264370917413,35.060000000001715,Mixed,timer_il2_menten,0,0.05
30.977828333278794,35.07000000000171,Mixed,timer_il2_menten,0,0.05
30.903570717355464,35.08000000000172,Mixed,timer_il2_menten,0,0.05
30.829491312894334,35.09000000000172,Mixed,timer_il2_menten,0,0.05
30.755589171068316,35.10000000000172,Mixed,timer_il2_menten,0,0.05
30.68186422249193,35.11000000000172,Mixed,timer_il2_menten,0,0.05
30.608316033629105,35.120000000001724,Mixed,timer_il2_menten,0,0.05
30.53494417197755,35.13000000000173,Mixed,timer_il2_menten,0,0.05
30.461748206068734,35.14000000000173,Mixed,timer_il2_menten,0,0.05
30.388727705467716,35.150000000001725,Mixed,timer_il2_menten,0,0.05
30.31588224077329,35.16000000000173,Mixed,timer_il2_menten,0,0.05
30.24321138361806,35.170000000001735,Mixed,timer_il2_menten,0,0.05
30.17071471039423,35.18000000000173,Mixed,timer_il2_menten,0,0.05
30.098391819426368,35.19000000000173,Mixed,timer_il2_menten,0,0.05
30.02624229534584,35.20000000000174,Mixed,timer_il2_menten,0,0.05
29.95426572078726,35.21000000000174,Mixed,timer_il2_menten,0,0.05
29.882461679840453,35.22000000000174,Mixed,timer_il2_menten,0,0.05
29.810829758050335,35.23000000000174,Mixed,timer_il2_menten,0,0.05
29.739369542417023,35.24000000000174,Mixed,timer_il2_menten,0,0.05
29.668080621395923,35.25000000000175,Mixed,timer_il2_menten,0,0.05
29.596962584897646,35.260000000001746,Mixed,timer_il2_menten,0,0.05
29.526015024287926,35.270000000001744,Mixed,timer_il2_menten,0,0.05
29.455237532387653,35.28000000000175,Mixed,timer_il2_menten,0,0.05
29.38462970347304,35.290000000001754,Mixed,timer_il2_menten,0,0.05
29.314191133275504,35.30000000000175,Mixed,timer_il2_menten,0,0.05
29.24392141898153,35.31000000000175,Mixed,timer_il2_menten,0,0.05
29.17382015880603,35.320000000001755,Mixed,timer_il2_menten,0,0.05
29.10388693879169,35.33000000000176,Mixed,timer_il2_menten,0,0.05
29.034121350512304,35.34000000000176,Mixed,timer_il2_menten,0,0.05
28.964522992433633,35.35000000000176,Mixed,timer_il2_menten,0,0.05
28.895091464192838,35.36000000000176,Mixed,timer_il2_menten,0,0.05
28.82582636659853,35.37000000000177,Mixed,timer_il2_menten,0,0.05
28.756727301630697,35.380000000001765,Mixed,timer_il2_menten,0,0.05
28.687793872440576,35.39000000000176,Mixed,timer_il2_menten,0,0.05
28.6190256833508,35.40000000000177,Mixed,timer_il2_menten,0,0.05
28.55042233985545,35.41000000000177,Mixed,timer_il2_menten,0,0.05
28.48198344861997,35.42000000000177,Mixed,timer_il2_menten,0,0.05
28.413708617481095,35.43000000000177,Mixed,timer_il2_menten,0,0.05
28.345597455446914,35.440000000001774,Mixed,timer_il2_menten,0,0.05
28.277649572696976,35.45000000000178,Mixed,timer_il2_menten,0,0.05
28.209864580582213,35.46000000000178,Mixed,timer_il2_menten,0,0.05
28.142242084922522,35.470000000001775,Mixed,timer_il2_menten,0,0.05
28.07478168819069,35.48000000000178,Mixed,timer_il2_menten,0,0.05
28.00748300174339,35.490000000001785,Mixed,timer_il2_menten,0,0.05
27.94034563794046,35.50000000000178,Mixed,timer_il2_menten,0,0.05
27.87336921009304,35.51000000000178,Mixed,timer_il2_menten,0,0.05
27.806553332463547,35.52000000000179,Mixed,timer_il2_menten,0,0.05
27.739897620265864,35.53000000000179,Mixed,timer_il2_menten,0,0.05
27.67340168966518,35.54000000000179,Mixed,timer_il2_menten,0,0.05
27.607065157777935,35.55000000000179,Mixed,timer_il2_menten,0,0.05
27.540887642671876,35.56000000000179,Mixed,timer_il2_menten,0,0.05
27.474868763366214,35.5700000000018,Mixed,timer_il2_menten,0,0.05
27.409008139831464,35.580000000001796,Mixed,timer_il2_menten,0,0.05
27.34330539298936,35.590000000001794,Mixed,timer_il2_menten,0,0.05
27.27776014471302,35.6000000000018,Mixed,timer_il2_menten,0,0.05
27.21237201739776,35.610000000001804,Mixed,timer_il2_menten,0,0.05
27.14714063299964,35.6200000000018,Mixed,timer_il2_menten,0,0.05
27.082065615623385,35.6300000000018,Mixed,timer_il2_menten,0,0.05
27.017146590438937,35.640000000001805,Mixed,timer_il2_menten,0,0.05
26.952383183536725,35.65000000000181,Mixed,timer_il2_menten,0,0.05
26.887775021927496,35.66000000000181,Mixed,timer_il2_menten,0,0.05
26.82332173354229,35.67000000000181,Mixed,timer_il2_menten,0,0.05
26.759022947232516,35.68000000000181,Mixed,timer_il2_menten,0,0.05
26.69487829276999,35.69000000000182,Mixed,timer_il2_menten,0,0.05
26.630887400846927,35.700000000001815,Mixed,timer_il2_menten,0,0.05
26.567049903075795,35.71000000000181,Mixed,timer_il2_menten,0,0.05
26.50336543198942,35.72000000000182,Mixed,timer_il2_menten,0,0.05
26.439833621041082,35.73000000000182,Mixed,timer_il2_menten,0,0.05
26.376454104604406,35.74000000000182,Mixed,timer_il2_menten,0,0.05
26.31322652754651,35.75000000000182,Mixed,timer_il2_menten,0,0.05
26.250150501971405,35.760000000001824,Mixed,timer_il2_menten,0,0.05
26.187225677586536,35.77000000000183,Mixed,timer_il2_menten,0,0.05
26.12445169177076,35.78000000000183,Mixed,timer_il2_menten,0,0.05
26.061828182818054,35.790000000001825,Mixed,timer_il2_menten,0,0.05
25.999354789935488,35.80000000000183,Mixed,timer_il2_menten,0,0.05
25.93703115324101,35.810000000001835,Mixed,timer_il2_menten,0,0.05
25.874856913761278,35.82000000000183,Mixed,timer_il2_menten,0,0.05
25.81283171342931,35.83000000000183,Mixed,timer_il2_menten,0,0.05
25.750955195082398,35.84000000000184,Mixed,timer_il2_menten,0,0.05
25.689227002459987,35.85000000000184,Mixed,timer_il2_menten,0,0.05
25.627646780201424,35.86000000000184,Mixed,timer_il2_menten,0,0.05
25.56621417384364,35.87000000000184,Mixed,timer_il2_menten,0,0.05
25.504928829819075,35.88000000000184,Mixed,timer_il2_menten,0,0.05
25.44379039545091,35.89000000000185,Mixed,timer_il2_menten,0,0.05
25.382798517117067,35.900000000001846,Mixed,timer_il2_menten,0,0.05
25.32195284204675,35.910000000001844,Mixed,timer_il2_menten,0,0.05
25.261253019775662,35.92000000000185,Mixed,timer_il2_menten,0,0.05
25.20069870069897,35.930000000001854,Mixed,timer_il2_menten,0,0.05
25.140289536068472,35.94000000000185,Mixed,timer_il2_menten,0,0.05
25.080025177989768,35.95000000000185,Mixed,timer_il2_menten,0,0.05
25.01990527941959,35.960000000001855,Mixed,timer_il2_menten,0,0.05
24.959929494163138,35.97000000000186,Mixed,timer_il2_menten,0,0.05
24.90009747687121,35.98000000000186,Mixed,timer_il2_menten,0,0.05
24.84040888303742,35.99000000000186,Mixed,timer_il2_menten,0,0.05
24.780863368995462,36.00000000000186,Mixed,timer_il2_menten,0,0.05
24.72146059191651,36.01000000000187,Mixed,timer_il2_menten,0,0.05
24.662200209806315,36.020000000001865,Mixed,timer_il2_menten,0,0.05
24.60308188150242,36.03000000000186,Mixed,timer_il2_menten,0,0.05
24.54410526667146,36.04000000000187,Mixed,timer_il2_menten,0,0.05
24.485270025806493,36.05000000000187,Mixed,timer_il2_menten,0,0.05
24.426575820224176,36.06000000000187,Mixed,timer_il2_menten,0,0.05
24.368022312061925,36.07000000000187,Mixed,timer_il2_menten,0,0.05
24.30960916427523,36.080000000001874,Mixed,timer_il2_menten,0,0.05
24.25133604063502,36.09000000000188,Mixed,timer_il2_menten,0,0.05
24.19320260572477,36.10000000000188,Mixed,timer_il2_menten,0,0.05
24.13520852493772,36.110000000001875,Mixed,timer_il2_menten,0,0.05
24.077353464474164,36.12000000000188,Mixed,timer_il2_menten,0,0.05
24.019637091338815,36.130000000001885,Mixed,timer_il2_menten,0,0.05
23.962059073337933,36.14000000000188,Mixed,timer_il2_menten,0,0.05
23.904619079076504,36.15000000000188,Mixed,timer_il2_menten,0,0.05
23.847316777955587,36.16000000000189,Mixed,timer_il2_menten,0,0.05
23.790151840169607,36.17000000000189,Mixed,timer_il2_menten,0,0.05
23.733123936553838,36.18000000000189,Mixed,timer_il2_menten,0,0.05
23.676232737737156,36.19000000000189,Mixed,timer_il2_menten,0,0.05
23.619477915881447,36.20000000000189,Mixed,timer_il2_menten,0,0.05
23.5628591441247,36.2100000000019,Mixed,timer_il2_menten,0,0.05
23.506376096373508,36.220000000001896,Mixed,timer_il2_menten,0,0.05
23.450028447299893,36.230000000001894,Mixed,timer_il2_menten,0,0.05
23.393815872338482,36.2400000000019,Mixed,timer_il2_menten,0,0.05
23.337738047683548,36.250000000001904,Mixed,timer_il2_menten,0,0.05
23.28179465028593,36.2600000000019,Mixed,timer_il2_menten,0,0.05
23.225985357849986,36.2700000000019,Mixed,timer_il2_menten,0,0.05
23.17030984883064,36.280000000001905,Mixed,timer_il2_menten,0,0.05
23.1147678024305,36.29000000000191,Mixed,timer_il2_menten,0,0.05
23.059358898596763,36.30000000000191,Mixed,timer_il2_menten,0,0.05
23.004082818018148,36.31000000000191,Mixed,timer_il2_menten,0,0.05
22.948939242121966,36.32000000000191,Mixed,timer_il2_menten,0,0.05
22.89392785307123,36.33000000000192,Mixed,timer_il2_menten,0,0.05
22.83904833376156,36.340000000001915,Mixed,timer_il2_menten,0,0.05
22.784300367818098,36.35000000000191,Mixed,timer_il2_menten,0,0.05
22.729683639592615,36.36000000000192,Mixed,timer_il2_menten,0,0.05
22.6751978341606,36.37000000000192,Mixed,timer_il2_menten,0,0.05
22.620842637318145,36.38000000000192,Mixed,timer_il2_menten,0,0.05
22.566617735578905,36.39000000000192,Mixed,timer_il2_menten,0,0.05
22.51252281617118,36.400000000001924,Mixed,timer_il2_menten,0,0.05
22.45855756703498,36.41000000000193,Mixed,timer_il2_menten,0,0.05
22.404721676818966,36.42000000000193,Mixed,timer_il2_menten,0,0.05
22.35101483487736,36.430000000001925,Mixed,timer_il2_menten,0,0.05
22.29743673126705,36.44000000000193,Mixed,timer_il2_menten,0,0.05
22.243987056744658,36.450000000001936,Mixed,timer_il2_menten,0,0.05
22.19066550276346,36.46000000000193,Mixed,timer_il2_menten,0,0.05
22.137471763817807,36.47000000000193,Mixed,timer_il2_menten,0,0.05
22.084405536992037,36.48000000000194,Mixed,timer_il2_menten,0,0.05
22.03146651668552,36.49000000000194,Mixed,timer_il2_menten,0,0.05
21.978654397979057,36.50000000000194,Mixed,timer_il2_menten,0,0.05
21.92596887668177,36.51000000000194,Mixed,timer_il2_menten,0,0.05
21.873409649329126,36.52000000000194,Mixed,timer_il2_menten,0,0.05
21.82097641318108,36.53000000000195,Mixed,timer_il2_menten,0,0.05
21.76866886622001,36.540000000001946,Mixed,timer_il2_menten,0,0.05
21.716486707148693,36.550000000001944,Mixed,timer_il2_menten,0,0.05
21.664429635388366,36.56000000000195,Mixed,timer_il2_menten,0,0.05
21.61249735107685,36.570000000001954,Mixed,timer_il2_menten,0,0.05
21.560689555066496,36.58000000000195,Mixed,timer_il2_menten,0,0.05
21.509005948922123,36.59000000000195,Mixed,timer_il2_menten,0,0.05
21.457446234919146,36.600000000001955,Mixed,timer_il2_menten,0,0.05
21.40601011604162,36.61000000000196,Mixed,timer_il2_menten,0,0.05
21.354697295980266,36.62000000000196,Mixed,timer_il2_menten,0,0.05
21.30350747913035,36.63000000000196,Mixed,timer_il2_menten,0,0.05
21.252440370589817,36.64000000000196,Mixed,timer_il2_menten,0,0.05
21.20149567615741,36.65000000000197,Mixed,timer_il2_menten,0,0.05
21.15067310233056,36.660000000001965,Mixed,timer_il2_menten,0,0.05
21.09997235630339,36.67000000000196,Mixed,timer_il2_menten,0,0.05
21.049393145964792,36.68000000000197,Mixed,timer_il2_menten,0,0.05
20.998935179896527,36.69000000000197,Mixed,timer_il2_menten,0,0.05
20.94859816737118,36.70000000000197,Mixed,timer_il2_menten,0,0.05
20.89838181835011,36.71000000000197,Mixed,timer_il2_menten,0,0.05
20.848285843481534,36.720000000001974,Mixed,timer_il2_menten,0,0.05
20.79830995409864,36.73000000000198,Mixed,timer_il2_menten,0,0.05
20.748453862217552,36.74000000000198,Mixed,timer_il2_menten,0,0.05
20.69871728058491,36.750000000001975,Mixed,timer_il2_menten,0,0.05
20.649099923468622,36.76000000000198,Mixed,timer_il2_menten,0,0.05
20.599601505374423,36.770000000001986,Mixed,timer_il2_menten,0,0.05
20.55022174119893,36.78000000000198,Mixed,timer_il2_menten,0,0.05
20.500960346520934,36.79000000000198,Mixed,timer_il2_menten,0,0.05
20.451817037599696,36.80000000000199,Mixed,timer_il2_menten,0,0.05
20.40279153137328,36.81000000000199,Mixed,timer_il2_menten,0,0.05
20.35388354545662,36.82000000000199,Mixed,timer_il2_menten,0,0.05
20.30509279813979,36.83000000000199,Mixed,timer_il2_menten,0,0.05
20.25641900838623,36.84000000000199,Mixed,timer_il2_menten,0,0.05
20.207861895831055,36.850000000002,Mixed,timer_il2_menten,0,0.05
20.159421180779233,36.860000000001996,Mixed,timer_il2_menten,0,0.05
20.111096584203736,36.870000000001994,Mixed,timer_il2_menten,0,0.05
20.06288782774383,36.880000000002,Mixed,timer_il2_menten,0,0.05
20.014794633703364,36.890000000002004,Mixed,timer_il2_menten,0,0.05
19.966816725048968,36.900000000002,Mixed,timer_il2_menten,0,0.05
19.918953825408174,36.910000000002,Mixed,timer_il2_menten,0,0.05
19.87120565906771,36.920000000002005,Mixed,timer_il2_menten,0,0.05
19.82357195097184,36.93000000000201,Mixed,timer_il2_menten,0,0.05
19.77605242672048,36.94000000000201,Mixed,timer_il2_menten,0,0.05
19.72864681256737,36.95000000000201,Mixed,timer_il2_menten,0,0.05
19.681354835418396,36.96000000000201,Mixed,timer_il2_menten,0,0.05
19.634176222829836,36.97000000000202,Mixed,timer_il2_menten,0,0.05
19.587110703006573,36.980000000002015,Mixed,timer_il2_menten,0,0.05
19.540158004800215,36.99000000000201,Mixed,timer_il2_menten,0,0.05
19.493317857707417,37.00000000000202,Mixed,timer_il2_menten,0,0.05
19.446589991868173,37.01000000000202,Mixed,timer_il2_menten,0,0.05
19.39997413806395,37.02000000000202,Mixed,timer_il2_menten,0,0.05
19.353470027715886,37.03000000000202,Mixed,timer_il2_menten,0,0.05
19.307077393059803,37.040000000002024,Mixed,timer_il2_menten,0,0.05
19.260795967342638,37.05000000000203,Mixed,timer_il2_menten,0,0.05
19.214625484019663,37.06000000000203,Mixed,timer_il2_menten,0,0.05
19.16856567715378,37.070000000002025,Mixed,timer_il2_menten,0,0.05
19.12261628144417,37.08000000000203,Mixed,timer_il2_menten,0,0.05
19.07677703222472,37.090000000002036,Mixed,timer_il2_menten,0,0.05
19.03104766546229,37.100000000002034,Mixed,timer_il2_menten,0,0.05
18.98542791775498,37.11000000000203,Mixed,timer_il2_menten,0,0.05
18.9399175263306,37.12000000000204,Mixed,timer_il2_menten,0,0.05
18.894516229045013,37.13000000000204,Mixed,timer_il2_menten,0,0.05
18.84922376438046,37.14000000000204,Mixed,timer_il2_menten,0,0.05
18.804039871443834,37.15000000000204,Mixed,timer_il2_menten,0,0.05
18.75896428996508,37.16000000000204,Mixed,timer_il2_menten,0,0.05
18.71399676029561,37.17000000000205,Mixed,timer_il2_menten,0,0.05
18.669137023406613,37.180000000002046,Mixed,timer_il2_menten,0,0.05
18.624384820887293,37.190000000002044,Mixed,timer_il2_menten,0,0.05
18.579739894943316,37.20000000000205,Mixed,timer_il2_menten,0,0.05
18.535201988395208,37.210000000002054,Mixed,timer_il2_menten,0,0.05
18.49077084467663,37.22000000000205,Mixed,timer_il2_menten,0,0.05
18.44644620783267,37.23000000000205,Mixed,timer_il2_menten,0,0.05
18.402227822518267,37.240000000002055,Mixed,timer_il2_menten,0,0.05
18.358115433996595,37.25000000000206,Mixed,timer_il2_menten,0,0.05
18.314108788137375,37.26000000000206,Mixed,timer_il2_menten,0,0.05
18.27020763141511,37.27000000000206,Mixed,timer_il2_menten,0,0.05
18.226411710907577,37.28000000000206,Mixed,timer_il2_menten,0,0.05
18.182720774294157,37.29000000000207,Mixed,timer_il2_menten,0,0.05
18.13913456985416,37.300000000002065,Mixed,timer_il2_menten,0,0.05
18.095652846465093,37.31000000000206,Mixed,timer_il2_menten,0,0.05
18.052275113934865,37.32000000000207,Mixed,timer_il2_menten,0,0.05
18.009001641339694,37.33000000000207,Mixed,timer_il2_menten,0,0.05
17.965831895448563,37.34000000000207,Mixed,timer_il2_menten,0,0.05
17.922765628168673,37.35000000000207,Mixed,timer_il2_menten,0,0.05
17.879802591961635,37.360000000002074,Mixed,timer_il2_menten,0,0.05
17.83694253984352,37.37000000000208,Mixed,timer_il2_menten,0,0.05
17.794185225384815,37.38000000000208,Mixed,timer_il2_menten,0,0.05
17.75153040271034,37.390000000002075,Mixed,timer_il2_menten,0,0.05
17.70897782649934,37.40000000000208,Mixed,timer_il2_menten,0,0.05
17.666527251985514,37.410000000002086,Mixed,timer_il2_menten,0,0.05
17.62417843495698,37.420000000002084,Mixed,timer_il2_menten,0,0.05
17.581931131756185,37.43000000000208,Mixed,timer_il2_menten,0,0.05
17.539785099280014,37.44000000000209,Mixed,timer_il2_menten,0,0.05
17.497740094979783,37.45000000000209,Mixed,timer_il2_menten,0,0.05
17.455795876861238,37.46000000000209,Mixed,timer_il2_menten,0,0.05
17.413952203484474,37.47000000000209,Mixed,timer_il2_menten,0,0.05
17.37220883396398,37.48000000000209,Mixed,timer_il2_menten,0,0.05
17.33056552796873,37.4900000000021,Mixed,timer_il2_menten,0,0.05
17.289022045722078,37.500000000002096,Mixed,timer_il2_menten,0,0.05
17.247578148001754,37.510000000002094,Mixed,timer_il2_menten,0,0.05
17.206233596139885,37.5200000000021,Mixed,timer_il2_menten,0,0.05
17.164988152023057,37.530000000002104,Mixed,timer_il2_menten,0,0.05
17.12384157809227,37.5400000000021,Mixed,timer_il2_menten,0,0.05
17.08279363734288,37.5500000000021,Mixed,timer_il2_menten,0,0.05
17.041844093324638,37.560000000002105,Mixed,timer_il2_menten,0,0.05
17.000992710141766,37.57000000000211,Mixed,timer_il2_menten,0,0.05
16.960239252452894,37.58000000000211,Mixed,timer_il2_menten,0,0.05
16.919583485470994,37.59000000000211,Mixed,timer_il2_menten,0,0.05
16.879025174963466,37.60000000000211,Mixed,timer_il2_menten,0,0.05
16.838564087290138,37.61000000000212,Mixed,timer_il2_menten,0,0.05
16.79819998956801,37.620000000002115,Mixed,timer_il2_menten,0,0.05
16.757932649365824,37.63000000000211,Mixed,timer_il2_menten,0,0.05
16.717761834794693,37.64000000000212,Mixed,timer_il2_menten,0,0.05
16.677687314533433,37.65000000000212,Mixed,timer_il2_menten,0,0.05
16.63770885782848,37.66000000000212,Mixed,timer_il2_menten,0,0.05
16.59782623449386,37.67000000000212,Mixed,timer_il2_menten,0,0.05
16.558039214911012,37.680000000002124,Mixed,timer_il2_menten,0,0.05
16.51834756982039,37.69000000000213,Mixed,timer_il2_menten,0,0.05
16.47875107045224,37.70000000000213,Mixed,timer_il2_menten,0,0.05
16.43924948872599,37.710000000002125,Mixed,timer_il2_menten,0,0.05
16.399842597110407,37.72000000000213,Mixed,timer_il2_menten,0,0.05
16.360530168623676,37.730000000002136,Mixed,timer_il2_menten,0,0.05
16.321311976833336,37.740000000002134,Mixed,timer_il2_menten,0,0.05
16.282187795856228,37.75000000000213,Mixed,timer_il2_menten,0,0.05
16.243157400344657,37.76000000000214,Mixed,timer_il2_menten,0,0.05
16.204220565426027,37.77000000000214,Mixed,timer_il2_menten,0,0.05
16.16537706681474,37.78000000000214,Mixed,timer_il2_menten,0,0.05
16.126626680778884,37.79000000000214,Mixed,timer_il2_menten,0,0.05
16.08796918413104,37.80000000000214,Mixed,timer_il2_menten,0,0.05
16.049404354228386,37.81000000000215,Mixed,timer_il2_menten,0,0.05
16.010931968972585,37.820000000002146,Mixed,timer_il2_menten,0,0.05
15.972551806809669,37.830000000002144,Mixed,timer_il2_menten,0,0.05
15.934263646619126,37.84000000000215,Mixed,timer_il2_menten,0,0.05
15.896067267783616,37.850000000002154,Mixed,timer_il2_menten,0,0.05
15.857962450294998,37.86000000000215,Mixed,timer_il2_menten,0,0.05
15.819948974679862,37.87000000000215,Mixed,timer_il2_menten,0,0.05
15.78202662199959,37.880000000002156,Mixed,timer_il2_menten,0,0.05
15.7441951738504,37.89000000000216,Mixed,timer_il2_menten,0,0.05
15.7064544123633,37.90000000000216,Mixed,timer_il2_menten,0,0.05
15.668804068654138,37.91000000000216,Mixed,timer_il2_menten,0,0.05
15.63124405259804,37.92000000000216,Mixed,timer_il2_menten,0,0.05
15.59377406311473,37.93000000000217,Mixed,timer_il2_menten,0,0.05
15.556393887254206,37.940000000002165,Mixed,timer_il2_menten,0,0.05
15.519103312066422,37.95000000000216,Mixed,timer_il2_menten,0,0.05
15.481902124601325,37.96000000000217,Mixed,timer_il2_menten,0,0.05
15.444790111908922,37.97000000000217,Mixed,timer_il2_menten,0,0.05
15.407767061041191,37.98000000000217,Mixed,timer_il2_menten,0,0.05
15.370832760959312,37.99000000000217,Mixed,timer_il2_menten,0,0.05
15.33398700088534,38.000000000002174,Mixed,timer_il2_menten,0,0.05
15.297229568596487,38.01000000000218,Mixed,timer_il2_menten,0,0.05
15.260560251869988,38.02000000000218,Mixed,timer_il2_menten,0,0.05
15.223978838483013,38.030000000002175,Mixed,timer_il2_menten,0,0.05
15.187485116212727,38.04000000000218,Mixed,timer_il2_menten,0,0.05
15.151078872836369,38.050000000002186,Mixed,timer_il2_menten,0,0.05
15.114759896131151,38.060000000002184,Mixed,timer_il2_menten,0,0.05
15.078527973874248,38.07000000000218,Mixed,timer_il2_menten,0,0.05
15.042382900874419,38.08000000000219,Mixed,timer_il2_menten,0,0.05
15.006324478621536,38.09000000000219,Mixed,timer_il2_menten,0,0.05
14.970352498878652,38.10000000000219,Mixed,timer_il2_menten,0,0.05
14.934466753256459,38.11000000000219,Mixed,timer_il2_menten,0,0.05
14.898667033365628,38.12000000000219,Mixed,timer_il2_menten,0,0.05
14.862953130816905,38.1300000000022,Mixed,timer_il2_menten,0,0.05
14.82732483722102,38.140000000002196,Mixed,timer_il2_menten,0,0.05
14.791781944188653,38.150000000002194,Mixed,timer_il2_menten,0,0.05
14.756324243330496,38.1600000000022,Mixed,timer_il2_menten,0,0.05
14.720951531626593,38.170000000002204,Mixed,timer_il2_menten,0,0.05
14.685663618381032,38.1800000000022,Mixed,timer_il2_menten,0,0.05
14.650460300649904,38.1900000000022,Mixed,timer_il2_menten,0,0.05
14.615341374580256,38.200000000002206,Mixed,timer_il2_menten,0,0.05
14.580306636319179,38.21000000000221,Mixed,timer_il2_menten,0,0.05
14.545355882013755,38.22000000000221,Mixed,timer_il2_menten,0,0.05
14.51048890781103,38.23000000000221,Mixed,timer_il2_menten,0,0.05
14.475705509858052,38.24000000000221,Mixed,timer_il2_menten,0,0.05
14.441005484301897,38.25000000000222,Mixed,timer_il2_menten,0,0.05
14.406388742259841,38.260000000002215,Mixed,timer_il2_menten,0,0.05
14.37185482998607,38.27000000000221,Mixed,timer_il2_menten,0,0.05
14.337403719820365,38.28000000000222,Mixed,timer_il2_menten,0,0.05
14.303035208894226,38.29000000000222,Mixed,timer_il2_menten,0,0.05
14.268749094823029,38.30000000000222,Mixed,timer_il2_menten,0,0.05
14.234545175705998,38.31000000000222,Mixed,timer_il2_menten,0,0.05
14.200423250126244,38.320000000002224,Mixed,timer_il2_menten,0,0.05
14.16638311715082,38.33000000000223,Mixed,timer_il2_menten,0,0.05
14.132424576330665,38.34000000000223,Mixed,timer_il2_menten,0,0.05
14.09854742886857,38.350000000002225,Mixed,timer_il2_menten,0,0.05
14.064751488855727,38.36000000000223,Mixed,timer_il2_menten,0,0.05
14.031036563566257,38.370000000002236,Mixed,timer_il2_menten,0,0.05
13.997402457656221,38.380000000002234,Mixed,timer_il2_menten,0,0.05
13.963848976427405,38.39000000000223,Mixed,timer_il2_menten,0,0.05
13.930375925827395,38.40000000000224,Mixed,timer_il2_menten,0,0.05
13.896983112449607,38.41000000000224,Mixed,timer_il2_menten,0,0.05
13.86367034353324,38.42000000000224,Mixed,timer_il2_menten,0,0.05
13.83043742696324,38.43000000000224,Mixed,timer_il2_menten,0,0.05
13.797284171270341,38.44000000000224,Mixed,timer_il2_menten,0,0.05
13.764210385631111,38.45000000000225,Mixed,timer_il2_menten,0,0.05
13.7312158798679,38.460000000002246,Mixed,timer_il2_menten,0,0.05
13.698300464448801,38.470000000002244,Mixed,timer_il2_menten,0,0.05
13.665463950487695,38.48000000000225,Mixed,timer_il2_menten,0,0.05
13.632706149744305,38.490000000002254,Mixed,timer_il2_menten,0,0.05
13.600026874624128,38.50000000000225,Mixed,timer_il2_menten,0,0.05
13.567425938178404,38.51000000000225,Mixed,timer_il2_menten,0,0.05
13.534903154104182,38.520000000002256,Mixed,timer_il2_menten,0,0.05
13.502458334274237,38.53000000000226,Mixed,timer_il2_menten,0,0.05
13.470091284520272,38.54000000000226,Mixed,timer_il2_menten,0,0.05
13.437801817859985,38.55000000000226,Mixed,timer_il2_menten,0,0.05
13.405589748482985,38.56000000000226,Mixed,timer_il2_menten,0,0.05
13.373454891119481,38.57000000000227,Mixed,timer_il2_menten,0,0.05
13.341397061040247,38.580000000002265,Mixed,timer_il2_menten,0,0.05
13.309416074056568,38.59000000000226,Mixed,timer_il2_menten,0,0.05
13.2775117465203,38.60000000000227,Mixed,timer_il2_menten,0,0.05
13.24568389532391,38.61000000000227,Mixed,timer_il2_menten,0,0.05
13.213932337900408,38.62000000000227,Mixed,timer_il2_menten,0,0.05
13.18225689222334,38.63000000000227,Mixed,timer_il2_menten,0,0.05
13.150657376806809,38.640000000002274,Mixed,timer_il2_menten,0,0.05
13.119133610705525,38.65000000000228,Mixed,timer_il2_menten,0,0.05
13.087685413514759,38.66000000000228,Mixed,timer_il2_menten,0,0.05
13.056312605370298,38.670000000002275,Mixed,timer_il2_menten,0,0.05
13.025015006948493,38.68000000000228,Mixed,timer_il2_menten,0,0.05
12.993792439466308,38.690000000002286,Mixed,timer_il2_menten,0,0.05
12.962644724681263,38.700000000002284,Mixed,timer_il2_menten,0,0.05
12.931571679854532,38.71000000000228,Mixed,timer_il2_menten,0,0.05
12.900573120484925,38.72000000000229,Mixed,timer_il2_menten,0,0.05
12.869648867989524,38.73000000000229,Mixed,timer_il2_menten,0,0.05
12.83879874423856,38.74000000000229,Mixed,timer_il2_menten,0,0.05
12.808022571541123,38.75000000000229,Mixed,timer_il2_menten,0,0.05
12.777320172645178,38.76000000000229,Mixed,timer_il2_menten,0,0.05
12.74669137073764,38.7700000000023,Mixed,timer_il2_menten,0,0.05
12.716135989444291,38.780000000002296,Mixed,timer_il2_menten,0,0.05
12.68565385282977,38.790000000002294,Mixed,timer_il2_menten,0,0.05
12.655244785397606,38.8000000000023,Mixed,timer_il2_menten,0,0.05
12.624908612090259,38.810000000002304,Mixed,timer_il2_menten,0,0.05
12.594645158289069,38.8200000000023,Mixed,timer_il2_menten,0,0.05
12.56445424981423,38.8300000000023,Mixed,timer_il2_menten,0,0.05
12.534335712924824,38.840000000002306,Mixed,timer_il2_menten,0,0.05
12.504289374318862,38.85000000000231,Mixed,timer_il2_menten,0,0.05
12.474315061133241,38.86000000000231,Mixed,timer_il2_menten,0,0.05
12.44441260094371,38.87000000000231,Mixed,timer_il2_menten,0,0.05
12.414581821711884,38.88000000000231,Mixed,timer_il2_menten,0,0.05
12.384822550537862,38.89000000000232,Mixed,timer_il2_menten,0,0.05
12.355134615477658,38.900000000002315,Mixed,timer_il2_menten,0,0.05
12.325517845519979,38.91000000000231,Mixed,timer_il2_menten,0,0.05
12.29597207007481,38.92000000000232,Mixed,timer_il2_menten,0,0.05
12.266497118973454,38.93000000000232,Mixed,timer_il2_menten,0,0.05
12.237092822468474,38.94000000000232,Mixed,timer_il2_menten,0,0.05
12.20775901123368,38.95000000000232,Mixed,timer_il2_menten,0,0.05
12.178495516364142,38.960000000002324,Mixed,timer_il2_menten,0,0.05
12.149302169376254,38.97000000000233,Mixed,timer_il2_menten,0,0.05
12.120178802207676,38.98000000000233,Mixed,timer_il2_menten,0,0.05
12.091125247217303,38.990000000002325,Mixed,timer_il2_menten,0,0.05
12.0621413371853,39.00000000000233,Mixed,timer_il2_menten,0,0.05
12.033226905313153,39.010000000002336,Mixed,timer_il2_menten,0,0.05
12.004381785223622,39.020000000002334,Mixed,timer_il2_menten,0,0.05
11.975605810960673,39.03000000000233,Mixed,timer_il2_menten,0,0.05
11.946898816989584,39.04000000000234,Mixed,timer_il2_menten,0,0.05
11.918260638196925,39.05000000000234,Mixed,timer_il2_menten,0,0.05
11.889691122083818,39.06000000000234,Mixed,timer_il2_menten,0,0.05
11.861190074680701,39.07000000000234,Mixed,timer_il2_menten,0,0.05
11.832757347999962,39.08000000000234,Mixed,timer_il2_menten,0,0.05
11.804392778141274,39.09000000000235,Mixed,timer_il2_menten,0,0.05
11.776096201623059,39.100000000002346,Mixed,timer_il2_menten,0,0.05
11.74786745538145,39.110000000002344,Mixed,timer_il2_menten,0,0.05
11.719706376769324,39.12000000000235,Mixed,timer_il2_menten,0,0.05
11.691612803555362,39.130000000002354,Mixed,timer_il2_menten,0,0.05
11.663586573922988,39.14000000000235,Mixed,timer_il2_menten,0,0.05
11.635627526469342,39.15000000000235,Mixed,timer_il2_menten,0,0.05
11.60773550020432,39.160000000002356,Mixed,timer_il2_menten,0,0.05
11.579910334549627,39.17000000000236,Mixed,timer_il2_menten,0,0.05
11.55215186933771,39.18000000000236,Mixed,timer_il2_menten,0,0.05
11.524459944810744,39.19000000000236,Mixed,timer_il2_menten,0,0.05
11.496834401619665,39.20000000000236,Mixed,timer_il2_menten,0,0.05
11.469275080823213,39.21000000000237,Mixed,timer_il2_menten,0,0.05
11.441781823886888,39.220000000002365,Mixed,timer_il2_menten,0,0.05
11.414354472681925,39.23000000000236,Mixed,timer_il2_menten,0,0.05
11.386992868732236,39.24000000000237,Mixed,timer_il2_menten,0,0.05
11.359696853105397,39.25000000000237,Mixed,timer_il2_menten,0,0.05
11.33246626855251,39.26000000000237,Mixed,timer_il2_menten,0,0.05
11.305300958245486,39.27000000000237,Mixed,timer_il2_menten,0,0.05
11.278200765740394,39.280000000002374,Mixed,timer_il2_menten,0,0.05
11.251165534976145,39.29000000000238,Mixed,timer_il2_menten,0,0.05
11.224195110273104,39.30000000000238,Mixed,timer_il2_menten,0,0.05
11.197289336331679,39.310000000002375,Mixed,timer_il2_menten,0,0.05
11.170448058231003,39.32000000000238,Mixed,timer_il2_menten,0,0.05
11.143671121427623,39.330000000002386,Mixed,timer_il2_menten,0,0.05
11.1169583717541,39.340000000002384,Mixed,timer_il2_menten,0,0.05
11.090309655417597,39.35000000000238,Mixed,timer_il2_menten,0,0.05
11.063724818998583,39.36000000000239,Mixed,timer_il2_menten,0,0.05
11.037203709449495,39.37000000000239,Mixed,timer_il2_menten,0,0.05
11.010746174093347,39.38000000000239,Mixed,timer_il2_menten,0,0.05
10.984352060622331,39.39000000000239,Mixed,timer_il2_menten,0,0.05
10.958021217096505,39.40000000000239,Mixed,timer_il2_menten,0,0.05
10.931753491942455,39.4100000000024,Mixed,timer_il2_menten,0,0.05
10.905548733951923,39.420000000002396,Mixed,timer_il2_menten,0,0.05
10.879406792280385,39.430000000002394,Mixed,timer_il2_menten,0,0.05
10.853327516445745,39.4400000000024,Mixed,timer_il2_menten,0,0.05
10.82731075632701,39.450000000002404,Mixed,timer_il2_menten,0,0.05
10.801356362162903,39.4600000000024,Mixed,timer_il2_menten,0,0.05
10.775464184550442,39.4700000000024,Mixed,timer_il2_menten,0,0.05
10.749634074443652,39.480000000002406,Mixed,timer_il2_menten,0,0.05
10.723865883152218,39.49000000000241,Mixed,timer_il2_menten,0,0.05
10.698159462340099,39.50000000000241,Mixed,timer_il2_menten,0,0.05
10.672514664024135,39.51000000000241,Mixed,timer_il2_menten,0,0.05
10.646931340572715,39.52000000000241,Mixed,timer_il2_menten,0,0.05
10.621409344564329,39.53000000000242,Mixed,timer_il2_menten,0,0.05
10.595948528864387,39.540000000002415,Mixed,timer_il2_menten,0,0.05
10.570548746845263,39.55000000000241,Mixed,timer_il2_menten,0,0.05
10.545209852223735,39.56000000000242,Mixed,timer_il2_menten,0,0.05
10.519931699059017,39.57000000000242,Mixed,timer_il2_menten,0,0.05
10.494714141751345,39.58000000000242,Mixed,timer_il2_menten,0,0.05
10.46955703504051,39.59000000000242,Mixed,timer_il2_menten,0,0.05
10.4444602340045,39.600000000002424,Mixed,timer_il2_menten,0,0.05
10.419423594058117,39.61000000000243,Mixed,timer_il2_menten,0,0.05
10.394446970951531,39.62000000000243,Mixed,timer_il2_menten,0,0.05
10.369530220768842,39.630000000002426,Mixed,timer_il2_menten,0,0.05
10.3446731999267,39.64000000000243,Mixed,timer_il2_menten,0,0.05
10.319875765172942,39.650000000002436,Mixed,timer_il2_menten,0,0.05
10.295137773585129,39.660000000002434,Mixed,timer_il2_menten,0,0.05
10.27045908256912,39.67000000000243,Mixed,timer_il2_menten,0,0.05
10.245839549857678,39.68000000000244,Mixed,timer_il2_menten,0,0.05
10.221279033509122,39.69000000000244,Mixed,timer_il2_menten,0,0.05
10.196777391905858,39.70000000000244,Mixed,timer_il2_menten,0,0.05
10.172334483752948,39.71000000000244,Mixed,timer_il2_menten,0,0.05
10.14795016807673,39.72000000000244,Mixed,timer_il2_menten,0,0.05
10.12362430422345,39.73000000000245,Mixed,timer_il2_menten,0,0.05
10.09935675185781,39.740000000002446,Mixed,timer_il2_menten,0,0.05
10.075147370961528,39.750000000002444,Mixed,timer_il2_menten,0,0.05
10.050996021831967,39.76000000000245,Mixed,timer_il2_menten,0,0.05
10.026902565080752,39.770000000002454,Mixed,timer_il2_menten,0,0.05
10.002866861632327,39.78000000000245,Mixed,timer_il2_menten,0,0.05
9.978888772722527,39.79000000000245,Mixed,timer_il2_menten,0,0.05
9.954968159897179,39.800000000002456,Mixed,timer_il2_menten,0,0.05
9.931104885016534,39.81000000000246,Mixed,timer_il2_menten,0,0.05
9.907298812090502,39.82000000000246,Mixed,timer_il2_menten,0,0.05
9.883549805348727,39.83000000000246,Mixed,timer_il2_menten,0,0.05
9.8598577280023,39.84000000000246,Mixed,timer_il2_menten,0,0.05
9.836222443589229,39.85000000000247,Mixed,timer_il2_menten,0,0.05
9.81264381597351,39.860000000002465,Mixed,timer_il2_menten,0,0.05
9.78912170934423,39.87000000000246,Mixed,timer_il2_menten,0,0.05
9.7656559882147,39.88000000000247,Mixed,timer_il2_menten,0,0.05
9.742246517421615,39.89000000000247,Mixed,timer_il2_menten,0,0.05
9.71889316212414,39.90000000000247,Mixed,timer_il2_menten,0,0.05
9.695595787802993,39.91000000000247,Mixed,timer_il2_menten,0,0.05
9.672354260259585,39.920000000002474,Mixed,timer_il2_menten,0,0.05
9.6491684456152,39.93000000000248,Mixed,timer_il2_menten,0,0.05
9.626038210310039,39.94000000000248,Mixed,timer_il2_menten,0,0.05
9.602963421102341,39.950000000002476,Mixed,timer_il2_menten,0,0.05
9.579943945067518,39.96000000000248,Mixed,timer_il2_menten,0,0.05
9.556979649597299,39.970000000002486,Mixed,timer_il2_menten,0,0.05
9.534070402398832,39.980000000002484,Mixed,timer_il2_menten,0,0.05
9.511216071493758,39.99000000000248,Mixed,timer_il2_menten,0,0.05
9.488416525217355,40.00000000000249,Mixed,timer_il2_menten,0,0.05
9.46567163221771,40.01000000000249,Mixed,timer_il2_menten,0,0.05
9.442981261454783,40.02000000000249,Mixed,timer_il2_menten,0,0.05
9.420345282199502,40.03000000000249,Mixed,timer_il2_menten,0,0.05
9.397763564032916,40.04000000000249,Mixed,timer_il2_menten,0,0.05
9.375235976845337,40.0500000000025,Mixed,timer_il2_menten,0,0.05
9.35276239083543,40.060000000002496,Mixed,timer_il2_menten,0,0.05
9.330342676509296,40.070000000002494,Mixed,timer_il2_menten,0,0.05
9.307976704679628,40.0800000000025,Mixed,timer_il2_menten,0,0.05
9.28566434646486,40.090000000002505,Mixed,timer_il2_menten,0,0.05
9.263405473297022,40.1000000000025,Mixed,timer_il2_menten,0,0.05
9.24119995726644,40.1100000000025,Mixed,timer_il2_menten,0,0.05
9.219047670645494,40.120000000002506,Mixed,timer_il2_menten,0,0.05
9.196948485840657,40.13000000000251,Mixed,timer_il2_menten,0,0.05
9.174902275563696,40.14000000000251,Mixed,timer_il2_menten,0,0.05
9.152908912830874,40.15000000000251,Mixed,timer_il2_menten,0,0.05
9.130968270962171,40.16000000000251,Mixed,timer_il2_menten,0,0.05
9.109080223580529,40.17000000000252,Mixed,timer_il2_menten,0,0.05
9.08724464461103,40.180000000002515,Mixed,timer_il2_menten,0,0.05
9.065461408280056,40.19000000000251,Mixed,timer_il2_menten,0,0.05
9.043730389114543,40.20000000000252,Mixed,timer_il2_menten,0,0.05
9.022051461941205,40.21000000000252,Mixed,timer_il2_menten,0,0.05
9.000424501885725,40.22000000000252,Mixed,timer_il2_menten,0,0.05
8.978849384371914,40.23000000000252,Mixed,timer_il2_menten,0,0.05
8.95732598512095,40.240000000002524,Mixed,timer_il2_menten,0,0.05
8.93585418015063,40.25000000000253,Mixed,timer_il2_menten,0,0.05
8.914433845774521,40.26000000000253,Mixed,timer_il2_menten,0,0.05
8.893064858601164,40.270000000002526,Mixed,timer_il2_menten,0,0.05
8.871747095533287,40.28000000000253,Mixed,timer_il2_menten,0,0.05
8.850480433767046,40.290000000002536,Mixed,timer_il2_menten,0,0.05
8.829264750791216,40.300000000002534,Mixed,timer_il2_menten,0,0.05
8.808099924386344,40.31000000000253,Mixed,timer_il2_menten,0,0.05
8.786985832624007,40.32000000000254,Mixed,timer_il2_menten,0,0.05
8.765922353866031,40.33000000000254,Mixed,timer_il2_menten,0,0.05
8.744909366763679,40.34000000000254,Mixed,timer_il2_menten,0,0.05
8.723946750256816,40.35000000000254,Mixed,timer_il2_menten,0,0.05
8.703034383573158,40.36000000000254,Mixed,timer_il2_menten,0,0.05
8.682172146227497,40.37000000000255,Mixed,timer_il2_menten,0,0.05
8.661359918020882,40.380000000002546,Mixed,timer_il2_menten,0,0.05
8.640597579054884,40.390000000002544,Mixed,timer_il2_menten,0,0.05
8.619885009948016,40.40000000000255,Mixed,timer_il2_menten,0,0.05
8.599222091476078,40.410000000002555,Mixed,timer_il2_menten,0,0.05
8.578608704623054,40.42000000000255,Mixed,timer_il2_menten,0,0.05
8.558044730657656,40.43000000000255,Mixed,timer_il2_menten,0,0.05
8.537530051132624,40.440000000002556,Mixed,timer_il2_menten,0,0.05
8.517064547884006,40.45000000000256,Mixed,timer_il2_menten,0,0.05
8.496648103030399,40.46000000000256,Mixed,timer_il2_menten,0,0.05
8.476280598972176,40.47000000000256,Mixed,timer_il2_menten,0,0.05
8.455961918390773,40.48000000000256,Mixed,timer_il2_menten,0,0.05
8.435691944247989,40.49000000000257,Mixed,timer_il2_menten,0,0.05
8.415470559785195,40.500000000002565,Mixed,timer_il2_menten,0,0.05
8.395297648522593,40.51000000000256,Mixed,timer_il2_menten,0,0.05
8.375173094258487,40.52000000000257,Mixed,timer_il2_menten,0,0.05
8.355096781068578,40.53000000000257,Mixed,timer_il2_menten,0,0.05
8.335068593305193,40.54000000000257,Mixed,timer_il2_menten,0,0.05
8.31508841559652,40.55000000000257,Mixed,timer_il2_menten,0,0.05
8.295156132845898,40.560000000002574,Mixed,timer_il2_menten,0,0.05
8.2752716302311,40.57000000000258,Mixed,timer_il2_menten,0,0.05
8.255434793203566,40.58000000000258,Mixed,timer_il2_menten,0,0.05
8.235645507487643,40.590000000002576,Mixed,timer_il2_menten,0,0.05
8.21590365907987,40.60000000000258,Mixed,timer_il2_menten,0,0.05
8.196209134248257,40.610000000002586,Mixed,timer_il2_menten,0,0.05
8.176561819531527,40.620000000002584,Mixed,timer_il2_menten,0,0.05
8.15696160173835,40.63000000000258,Mixed,timer_il2_menten,0,0.05
8.137408367946623,40.64000000000259,Mixed,timer_il2_menten,0,0.05
8.11790200550277,40.65000000000259,Mixed,timer_il2_menten,0,0.05
8.098442402020954,40.66000000000259,Mixed,timer_il2_menten,0,0.05
8.079029445382337,40.67000000000259,Mixed,timer_il2_menten,0,0.05
8.059663023743706,40.68000000000259,Mixed,timer_il2_menten,0,0.05
8.040343025619137,40.6900000000026,Mixed,timer_il2_menten,0,0.05
8.021069339777627,40.700000000002596,Mixed,timer_il2_menten,0,0.05
8.00184185525774,40.710000000002594,Mixed,timer_il2_menten,0,0.05
7.9826604613829915,40.7200000000026,Mixed,timer_il2_menten,0,0.05
7.9635250477630475,40.730000000002605,Mixed,timer_il2_menten,0,0.05
7.944435504253696,40.7400000000026,Mixed,timer_il2_menten,0,0.05
7.925391720799906,40.7500000000026,Mixed,timer_il2_menten,0,0.05
7.9063935876850735,40.760000000002606,Mixed,timer_il2_menten,0,0.05
7.887440995455991,40.77000000000261,Mixed,timer_il2_menten,0,0.05
7.868533834903525,40.78000000000261,Mixed,timer_il2_menten,0,0.05
7.849671997059543,40.79000000000261,Mixed,timer_il2_menten,0,0.05
7.8308553732479975,40.80000000000261,Mixed,timer_il2_menten,0,0.05
7.8120838551653105,40.81000000000262,Mixed,timer_il2_menten,0,0.05
7.793357334693662,40.820000000002615,Mixed,timer_il2_menten,0,0.05
7.774675703973825,40.83000000000261,Mixed,timer_il2_menten,0,0.05
7.756038855410015,40.84000000000262,Mixed,timer_il2_menten,0,0.05
7.737446681670125,40.85000000000262,Mixed,timer_il2_menten,0,0.05
7.718899075664071,40.86000000000262,Mixed,timer_il2_menten,0,0.05
7.700395930538436,40.87000000000262,Mixed,timer_il2_menten,0,0.05
7.681937139714879,40.880000000002624,Mixed,timer_il2_menten,0,0.05
7.663522596870624,40.89000000000263,Mixed,timer_il2_menten,0,0.05
7.645152195937673,40.90000000000263,Mixed,timer_il2_menten,0,0.05
7.626825831102147,40.910000000002626,Mixed,timer_il2_menten,0,0.05
7.608543396804286,40.92000000000263,Mixed,timer_il2_menten,0,0.05
7.590304787737509,40.930000000002636,Mixed,timer_il2_menten,0,0.05
7.572109898847381,40.940000000002634,Mixed,timer_il2_menten,0,0.05
7.553958625331241,40.95000000000263,Mixed,timer_il2_menten,0,0.05
7.535850862637616,40.96000000000264,Mixed,timer_il2_menten,0,0.05
7.517786506438329,40.97000000000264,Mixed,timer_il2_menten,0,0.05
7.499765452754562,40.98000000000264,Mixed,timer_il2_menten,0,0.05
7.481787597730694,40.99000000000264,Mixed,timer_il2_menten,0,0.05
7.463852837819326,41.00000000000264,Mixed,timer_il2_menten,0,0.05
7.445961069719114,41.01000000000265,Mixed,timer_il2_menten,0,0.05
7.4281121903747325,41.020000000002646,Mixed,timer_il2_menten,0,0.05
7.410306096976594,41.030000000002644,Mixed,timer_il2_menten,0,0.05
7.392542686958793,41.04000000000265,Mixed,timer_il2_menten,0,0.05
7.374821858002393,41.050000000002655,Mixed,timer_il2_menten,0,0.05
7.35714350803476,41.06000000000265,Mixed,timer_il2_menten,0,0.05
7.339507535229102,41.07000000000265,Mixed,timer_il2_menten,0,0.05
7.321913838004509,41.080000000002656,Mixed,timer_il2_menten,0,0.05
7.304362315025959,41.09000000000266,Mixed,timer_il2_menten,0,0.05
7.286852865204314,41.10000000000266,Mixed,timer_il2_menten,0,0.05
7.269385387676929,41.11000000000266,Mixed,timer_il2_menten,0,0.05
7.251959781809524,41.12000000000266,Mixed,timer_il2_menten,0,0.05
7.234575947231255,41.13000000000267,Mixed,timer_il2_menten,0,0.05
7.217233783815127,41.140000000002665,Mixed,timer_il2_menten,0,0.05
7.199933191677839,41.15000000000266,Mixed,timer_il2_menten,0,0.05
7.182674071179811,41.16000000000267,Mixed,timer_il2_menten,0,0.05
7.165456322925208,41.17000000000267,Mixed,timer_il2_menten,0,0.05
7.148279847754555,41.18000000000267,Mixed,timer_il2_menten,0,0.05
7.1311445466868335,41.19000000000267,Mixed,timer_il2_menten,0,0.05
7.1140503210102635,41.200000000002674,Mixed,timer_il2_menten,0,0.05
7.096997072264659,41.21000000000268,Mixed,timer_il2_menten,0,0.05
7.079984702229402,41.22000000000268,Mixed,timer_il2_menten,0,0.05
7.063013112923404,41.230000000002676,Mixed,timer_il2_menten,0,0.05
7.046082206605131,41.24000000000268,Mixed,timer_il2_menten,0,0.05
7.02919188577264,41.250000000002686,Mixed,timer_il2_menten,0,0.05
7.012342053125121,41.260000000002684,Mixed,timer_il2_menten,0,0.05
6.995532611566523,41.27000000000268,Mixed,timer_il2_menten,0,0.05
6.9787634642751915,41.28000000000269,Mixed,timer_il2_menten,0,0.05
6.962034514665024,41.29000000000269,Mixed,timer_il2_menten,0,0.05
6.945345666385194,41.30000000000269,Mixed,timer_il2_menten,0,0.05
6.928696823320141,41.31000000000269,Mixed,timer_il2_menten,0,0.05
6.912087889589591,41.32000000000269,Mixed,timer_il2_menten,0,0.05
6.895518745384293,41.3300000000027,Mixed,timer_il2_menten,0,0.05
6.878989354557475,41.340000000002696,Mixed,timer_il2_menten,0,0.05
6.862499582421282,41.350000000002694,Mixed,timer_il2_menten,0,0.05
6.846049335285892,41.3600000000027,Mixed,timer_il2_menten,0,0.05
6.829638519461503,41.370000000002705,Mixed,timer_il2_menten,0,0.05
6.813267041258311,41.3800000000027,Mixed,timer_il2_menten,0,0.05
6.796934806986494,41.3900000000027,Mixed,timer_il2_menten,0,0.05
6.780641722956226,41.400000000002706,Mixed,timer_il2_menten,0,0.05
6.76438769614382,41.41000000000271,Mixed,timer_il2_menten,0,0.05
6.7481726339506265,41.42000000000271,Mixed,timer_il2_menten,0,0.05
6.73199644301113,41.43000000000271,Mixed,timer_il2_menten,0,0.05
6.715859029955448,41.44000000000271,Mixed,timer_il2_menten,0,0.05
6.699760301413727,41.45000000000272,Mixed,timer_il2_menten,0,0.05
6.683700164016111,41.460000000002715,Mixed,timer_il2_menten,0,0.05
6.66767852439272,41.47000000000271,Mixed,timer_il2_menten,0,0.05
6.651695289173675,41.48000000000272,Mixed,timer_il2_menten,0,0.05
6.63575036498912,41.49000000000272,Mixed,timer_il2_menten,0,0.05
6.619843660799863,41.50000000000272,Mixed,timer_il2_menten,0,0.05
6.603975089684711,41.51000000000272,Mixed,timer_il2_menten,0,0.05
6.588144560186372,41.520000000002725,Mixed,timer_il2_menten,0,0.05
6.572351980621585,41.53000000000273,Mixed,timer_il2_menten,0,0.05
6.55659725930709,41.54000000000273,Mixed,timer_il2_menten,0,0.05
6.540880304559606,41.550000000002726,Mixed,timer_il2_menten,0,0.05
6.525201024695848,41.56000000000273,Mixed,timer_il2_menten,0,0.05
6.509559328032556,41.570000000002736,Mixed,timer_il2_menten,0,0.05
6.493955122886472,41.580000000002734,Mixed,timer_il2_menten,0,0.05
6.478388319231066,41.59000000000273,Mixed,timer_il2_menten,0,0.05
6.4628588333018415,41.60000000000274,Mixed,timer_il2_menten,0,0.05
6.447366576159593,41.61000000000274,Mixed,timer_il2_menten,0,0.05
6.431911458116881,41.62000000000274,Mixed,timer_il2_menten,0,0.05
6.416493389486247,41.63000000000274,Mixed,timer_il2_menten,0,0.05
6.401112280580229,41.64000000000274,Mixed,timer_il2_menten,0,0.05
6.385768041711391,41.65000000000275,Mixed,timer_il2_menten,0,0.05
6.370460583192295,41.660000000002746,Mixed,timer_il2_menten,0,0.05
6.355189815335478,41.670000000002744,Mixed,timer_il2_menten,0,0.05
6.339955701131465,41.68000000000275,Mixed,timer_il2_menten,0,0.05
6.324758034748564,41.690000000002755,Mixed,timer_il2_menten,0,0.05
6.309596808087701,41.70000000000275,Mixed,timer_il2_menten,0,0.05
6.294471931870742,41.71000000000275,Mixed,timer_il2_menten,0,0.05
6.279383317032449,41.720000000002756,Mixed,timer_il2_menten,0,0.05
6.2643308747204935,41.73000000000276,Mixed,timer_il2_menten,0,0.05
6.249314516295444,41.74000000000276,Mixed,timer_il2_menten,0,0.05
6.234334153330737,41.75000000000276,Mixed,timer_il2_menten,0,0.05
6.219389697612705,41.76000000000276,Mixed,timer_il2_menten,0,0.05
6.204481061422171,41.77000000000277,Mixed,timer_il2_menten,0,0.05
6.189608163224461,41.780000000002765,Mixed,timer_il2_menten,0,0.05
6.174770918954039,41.79000000000276,Mixed,timer_il2_menten,0,0.05
6.159969242546943,41.80000000000277,Mixed,timer_il2_menten,0,0.05
6.145203048208569,41.81000000000277,Mixed,timer_il2_menten,0,0.05
6.130472250413668,41.82000000000277,Mixed,timer_il2_menten,0,0.05
6.115776763906304,41.83000000000277,Mixed,timer_il2_menten,0,0.05
6.101116503699888,41.840000000002775,Mixed,timer_il2_menten,0,0.05
6.086491385077196,41.85000000000278,Mixed,timer_il2_menten,0,0.05
6.071901323590341,41.86000000000278,Mixed,timer_il2_menten,0,0.05
6.057346235060763,41.870000000002776,Mixed,timer_il2_menten,0,0.05
6.042826035579247,41.88000000000278,Mixed,timer_il2_menten,0,0.05
6.028340641505935,41.890000000002786,Mixed,timer_il2_menten,0,0.05
6.013889969470318,41.900000000002784,Mixed,timer_il2_menten,0,0.05
5.999473936371206,41.91000000000278,Mixed,timer_il2_menten,0,0.05
5.985092459376757,41.92000000000279,Mixed,timer_il2_menten,0,0.05
5.970745455924485,41.93000000000279,Mixed,timer_il2_menten,0,0.05
5.956432843721251,41.94000000000279,Mixed,timer_il2_menten,0,0.05
5.942154540743239,41.95000000000279,Mixed,timer_il2_menten,0,0.05
5.927910465235975,41.96000000000279,Mixed,timer_il2_menten,0,0.05
5.913700535714348,41.9700000000028,Mixed,timer_il2_menten,0,0.05
5.899524670961908,41.980000000002796,Mixed,timer_il2_menten,0,0.05
5.885382787134974,41.990000000002794,Mixed,timer_il2_menten,0,0.05
5.871274800305595,42.0000000000028,Mixed,timer_il2_menten,0,0.05
5.857200629255168,42.010000000002805,Mixed,timer_il2_menten,0,0.05
5.843160192998797,42.0200000000028,Mixed,timer_il2_menten,0,0.05
5.829153410785281,42.0300000000028,Mixed,timer_il2_menten,0,0.05
5.815180202097132,42.040000000002806,Mixed,timer_il2_menten,0,0.05
5.801240486650579,42.05000000000281,Mixed,timer_il2_menten,0,0.05
5.7873341843955775,42.06000000000281,Mixed,timer_il2_menten,0,0.05
5.773461215515759,42.07000000000281,Mixed,timer_il2_menten,0,0.05
5.759621500428475,42.08000000000281,Mixed,timer_il2_menten,0,0.05
5.7458149597848,42.09000000000282,Mixed,timer_il2_menten,0,0.05
5.732041514469524,42.100000000002815,Mixed,timer_il2_menten,0,0.05
5.718301085601123,42.11000000000281,Mixed,timer_il2_menten,0,0.05
5.704593594531786,42.12000000000282,Mixed,timer_il2_menten,0,0.05
5.690918962847429,42.13000000000282,Mixed,timer_il2_menten,0,0.05
5.677277112367683,42.14000000000282,Mixed,timer_il2_menten,0,0.05
5.663667965145862,42.15000000000282,Mixed,timer_il2_menten,0,0.05
5.650091443468998,42.160000000002825,Mixed,timer_il2_menten,0,0.05
5.636547469857847,42.17000000000283,Mixed,timer_il2_menten,0,0.05
5.623035967066875,42.18000000000283,Mixed,timer_il2_menten,0,0.05
5.609556858084243,42.190000000002826,Mixed,timer_il2_menten,0,0.05
5.596110064110016,42.20000000000283,Mixed,timer_il2_menten,0,0.05
5.582695503577991,42.210000000002836,Mixed,timer_il2_menten,0,0.05
5.569313099046557,42.220000000002834,Mixed,timer_il2_menten,0,0.05
5.555962773425685,42.23000000000283,Mixed,timer_il2_menten,0,0.05
5.542644449815985,42.24000000000284,Mixed,timer_il2_menten,0,0.05
5.529358051508714,42.25000000000284,Mixed,timer_il2_menten,0,0.05
5.516103501985763,42.26000000000284,Mixed,timer_il2_menten,0,0.05
5.502880724919635,42.27000000000284,Mixed,timer_il2_menten,0,0.05
5.489689644173461,42.28000000000284,Mixed,timer_il2_menten,0,0.05
5.476530183801029,42.29000000000285,Mixed,timer_il2_menten,0,0.05
5.463402268046758,42.300000000002846,Mixed,timer_il2_menten,0,0.05
5.450305821345676,42.310000000002844,Mixed,timer_il2_menten,0,0.05
5.4372407683234485,42.32000000000285,Mixed,timer_il2_menten,0,0.05
5.424207033796386,42.330000000002855,Mixed,timer_il2_menten,0,0.05
5.411204542771433,42.34000000000285,Mixed,timer_il2_menten,0,0.05
5.3982332204461505,42.35000000000285,Mixed,timer_il2_menten,0,0.05
5.385292992208726,42.360000000002856,Mixed,timer_il2_menten,0,0.05
5.372383783638,42.37000000000286,Mixed,timer_il2_menten,0,0.05
5.359505520503449,42.38000000000286,Mixed,timer_il2_menten,0,0.05
5.346658128765155,42.39000000000286,Mixed,timer_il2_menten,0,0.05
5.3338415345738355,42.40000000000286,Mixed,timer_il2_menten,0,0.05
5.321055664068298,42.41000000000287,Mixed,timer_il2_menten,0,0.05
5.308300442645802,42.420000000002865,Mixed,timer_il2_menten,0,0.05
5.295575796680079,42.43000000000286,Mixed,timer_il2_menten,0,0.05
5.282881652871383,42.44000000000287,Mixed,timer_il2_menten,0,0.05
5.270217938101464,42.45000000000287,Mixed,timer_il2_menten,0,0.05
5.257584579433549,42.46000000000287,Mixed,timer_il2_menten,0,0.05
5.244981504112333,42.47000000000287,Mixed,timer_il2_menten,0,0.05
5.232408639563991,42.480000000002875,Mixed,timer_il2_menten,0,0.05
5.219865913396195,42.49000000000288,Mixed,timer_il2_menten,0,0.05
5.2073532533980975,42.50000000000288,Mixed,timer_il2_menten,0,0.05
5.194870587540318,42.510000000002876,Mixed,timer_il2_menten,0,0.05
5.182417843974954,42.52000000000288,Mixed,timer_il2_menten,0,0.05
5.169994951035603,42.530000000002886,Mixed,timer_il2_menten,0,0.05
5.157601837237342,42.540000000002884,Mixed,timer_il2_menten,0,0.05
5.145238431276715,42.55000000000288,Mixed,timer_il2_menten,0,0.05
5.13290466203174,42.56000000000289,Mixed,timer_il2_menten,0,0.05
5.120600458561941,42.57000000000289,Mixed,timer_il2_menten,0,0.05
5.108325750108319,42.58000000000289,Mixed,timer_il2_menten,0,0.05
5.096080466093339,42.59000000000289,Mixed,timer_il2_menten,0,0.05
5.083864536120947,42.60000000000289,Mixed,timer_il2_menten,0,0.05
5.0716778899765895,42.6100000000029,Mixed,timer_il2_menten,0,0.05
5.059520471923343,42.6200000000029,Mixed,timer_il2_menten,0,0.05
5.047392179245309,42.630000000002894,Mixed,timer_il2_menten,0,0.05
5.035292959782778,42.6400000000029,Mixed,timer_il2_menten,0,0.05
5.023222743757104,42.650000000002905,Mixed,timer_il2_menten,0,0.05
5.011181461570139,42.6600000000029,Mixed,timer_il2_menten,0,0.05
4.999169043803791,42.6700000000029,Mixed,timer_il2_menten,0,0.05
4.98718542121961,42.680000000002906,Mixed,timer_il2_menten,0,0.05
4.975230524758386,42.69000000000291,Mixed,timer_il2_menten,0,0.05
4.9633042855396905,42.70000000000291,Mixed,timer_il2_menten,0,0.05
4.951406634861447,42.71000000000291,Mixed,timer_il2_menten,0,0.05
4.939537504199513,42.72000000000291,Mixed,timer_il2_menten,0,0.05
4.927696825207269,42.73000000000292,Mixed,timer_il2_menten,0,0.05
4.915884529715173,42.740000000002915,Mixed,timer_il2_menten,0,0.05
4.904100549730323,42.75000000000291,Mixed,timer_il2_menten,0,0.05
4.892344817436038,42.76000000000292,Mixed,timer_il2_menten,0,0.05
4.8806172651914554,42.77000000000292,Mixed,timer_il2_menten,0,0.05
4.868917825531078,42.78000000000292,Mixed,timer_il2_menten,0,0.05
4.85724643116434,42.79000000000292,Mixed,timer_il2_menten,0,0.05
4.8456030149751825,42.800000000002925,Mixed,timer_il2_menten,0,0.05
4.833987510021658,42.81000000000293,Mixed,timer_il2_menten,0,0.05
4.822399849535477,42.82000000000293,Mixed,timer_il2_menten,0,0.05
4.810839966918982,42.830000000002926,Mixed,timer_il2_menten,0,0.05
4.799307794794537,42.84000000000293,Mixed,timer_il2_menten,0,0.05
4.787803266018178,42.850000000002936,Mixed,timer_il2_menten,0,0.05
4.776326314330179,42.860000000002934,Mixed,timer_il2_menten,0,0.05
4.764876873634325,42.87000000000293,Mixed,timer_il2_menten,0,0.05
4.753454877997365,42.88000000000294,Mixed,timer_il2_menten,0,0.05
4.742060261648454,42.89000000000294,Mixed,timer_il2_menten,0,0.05
4.730692958978569,42.90000000000294,Mixed,timer_il2_menten,0,0.05
4.71935290453992,42.91000000000294,Mixed,timer_il2_menten,0,0.05
4.708040033045402,42.92000000000294,Mixed,timer_il2_menten,0,0.05
4.6967542793680375,42.93000000000295,Mixed,timer_il2_menten,0,0.05
4.685495578540387,42.94000000000295,Mixed,timer_il2_menten,0,0.05
4.674263865753973,42.950000000002944,Mixed,timer_il2_menten,0,0.05
4.663059076358715,42.96000000000295,Mixed,timer_il2_menten,0,0.05
4.651881145862384,42.970000000002955,Mixed,timer_il2_menten,0,0.05
4.640730009930014,42.98000000000295,Mixed,timer_il2_menten,0,0.05
4.629605604383309,42.99000000000295,Mixed,timer_il2_menten,0,0.05
4.618507865200109,43.000000000002956,Mixed,timer_il2_menten,0,0.05
4.607436728513811,43.01000000000296,Mixed,timer_il2_menten,0,0.05
4.5963921306127995,43.02000000000296,Mixed,timer_il2_menten,0,0.05
4.585374007939858,43.03000000000296,Mixed,timer_il2_menten,0,0.05
4.5743822970916135,43.04000000000296,Mixed,timer_il2_menten,0,0.05
4.563416934817978,43.05000000000297,Mixed,timer_il2_menten,0,0.05
4.5524778580215735,43.060000000002965,Mixed,timer_il2_menten,0,0.05
4.541565003757137,43.07000000000296,Mixed,timer_il2_menten,0,0.05
4.530678309230968,43.08000000000297,Mixed,timer_il2_menten,0,0.05
4.519817711800382,43.09000000000297,Mixed,timer_il2_menten,0,0.05
4.508983148973112,43.10000000000297,Mixed,timer_il2_menten,0,0.05
4.498174558406736,43.11000000000297,Mixed,timer_il2_menten,0,0.05
4.487391877908112,43.120000000002975,Mixed,timer_il2_menten,0,0.05
4.476635045432832,43.13000000000298,Mixed,timer_il2_menten,0,0.05
4.465903999084633,43.14000000000298,Mixed,timer_il2_menten,0,0.05
4.455198677114808,43.150000000002976,Mixed,timer_il2_menten,0,0.05
4.444519017921662,43.16000000000298,Mixed,timer_il2_menten,0,0.05
4.433864960049946,43.170000000002986,Mixed,timer_il2_menten,0,0.05
4.4232364421902775,43.180000000002984,Mixed,timer_il2_menten,0,0.05
4.41263340317856,43.19000000000298,Mixed,timer_il2_menten,0,0.05
4.4020557818514865,43.20000000000299,Mixed,timer_il2_menten,0,0.05
4.391503517171758,43.21000000000299,Mixed,timer_il2_menten,0,0.05
4.380976548377632,43.22000000000299,Mixed,timer_il2_menten,0,0.05
4.370474814849041,43.23000000000299,Mixed,timer_il2_menten,0,0.05
4.359998256107019,43.24000000000299,Mixed,timer_il2_menten,0,0.05
4.349546811813111,43.250000000003,Mixed,timer_il2_menten,0,0.05
4.339120421768779,43.260000000003,Mixed,timer_il2_menten,0,0.05
4.328719025914784,43.270000000002995,Mixed,timer_il2_menten,0,0.05
4.318342564330608,43.280000000003,Mixed,timer_il2_menten,0,0.05
4.307990977233883,43.290000000003005,Mixed,timer_il2_menten,0,0.05
4.297664204979772,43.300000000003,Mixed,timer_il2_menten,0,0.05
4.287362188060367,43.310000000003,Mixed,timer_il2_menten,0,0.05
4.277084867104112,43.320000000003006,Mixed,timer_il2_menten,0,0.05
4.266832182875216,43.33000000000301,Mixed,timer_il2_menten,0,0.05
4.2566040762730575,43.34000000000301,Mixed,timer_il2_menten,0,0.05
4.246400488331563,43.35000000000301,Mixed,timer_il2_menten,0,0.05
4.236221360218638,43.36000000000301,Mixed,timer_il2_menten,0,0.05
4.226066633235577,43.37000000000302,Mixed,timer_il2_menten,0,0.05
4.215936248816478,43.380000000003015,Mixed,timer_il2_menten,0,0.05
4.205830148527603,43.39000000000301,Mixed,timer_il2_menten,0,0.05
4.195748274066824,43.40000000000302,Mixed,timer_il2_menten,0,0.05
4.185690567263034,43.41000000000302,Mixed,timer_il2_menten,0,0.05
4.17565697007554,43.42000000000302,Mixed,timer_il2_menten,0,0.05
4.165647424593455,43.43000000000302,Mixed,timer_il2_menten,0,0.05
4.15566187303512,43.440000000003025,Mixed,timer_il2_menten,0,0.05
4.145700257747523,43.45000000000303,Mixed,timer_il2_menten,0,0.05
4.135762521205693,43.46000000000303,Mixed,timer_il2_menten,0,0.05
4.125848606012095,43.470000000003026,Mixed,timer_il2_menten,0,0.05
4.115958454896043,43.48000000000303,Mixed,timer_il2_menten,0,0.05
4.106092010713125,43.490000000003036,Mixed,timer_il2_menten,0,0.05
4.0962492164445985,43.500000000003034,Mixed,timer_il2_menten,0,0.05
4.086430015196779,43.51000000000303,Mixed,timer_il2_menten,0,0.05
4.076634350200461,43.52000000000304,Mixed,timer_il2_menten,0,0.05
4.06686216481034,43.53000000000304,Mixed,timer_il2_menten,0,0.05
4.0571134025044016,43.54000000000304,Mixed,timer_il2_menten,0,0.05
4.0473880068833195,43.55000000000304,Mixed,timer_il2_menten,0,0.05
4.037685922908514,43.56000000000304,Mixed,timer_il2_menten,0,0.05
4.028007096110897,43.57000000000305,Mixed,timer_il2_menten,0,0.05
4.018351470748293,43.58000000000305,Mixed,timer_il2_menten,0,0.05
4.0087189912081,43.590000000003045,Mixed,timer_il2_menten,0,0.05
3.9991096020104173,43.60000000000305,Mixed,timer_il2_menten,0,0.05
3.989523247807697,43.610000000003055,Mixed,timer_il2_menten,0,0.05
3.979959873384363,43.62000000000305,Mixed,timer_il2_menten,0,0.05
3.9704194236564305,43.63000000000305,Mixed,timer_il2_menten,0,0.05
3.960901843671154,43.640000000003056,Mixed,timer_il2_menten,0,0.05
3.951407078606677,43.65000000000306,Mixed,timer_il2_menten,0,0.05
3.941935073771648,43.66000000000306,Mixed,timer_il2_menten,0,0.05
3.932485774604845,43.67000000000306,Mixed,timer_il2_menten,0,0.05
3.9230591266748194,43.68000000000306,Mixed,timer_il2_menten,0,0.05
3.913655075679549,43.69000000000307,Mixed,timer_il2_menten,0,0.05
3.9042735674460545,43.700000000003065,Mixed,timer_il2_menten,0,0.05
3.894914547930017,43.71000000000306,Mixed,timer_il2_menten,0,0.05
3.885577963215432,43.72000000000307,Mixed,timer_il2_menten,0,0.05
3.876263759514253,43.73000000000307,Mixed,timer_il2_menten,0,0.05
3.866971883166013,43.74000000000307,Mixed,timer_il2_menten,0,0.05
3.8577022806374455,43.75000000000307,Mixed,timer_il2_menten,0,0.05
3.8484548985221303,43.760000000003075,Mixed,timer_il2_menten,0,0.05
3.8392296835401423,43.77000000000308,Mixed,timer_il2_menten,0,0.05
3.8300265825376707,43.78000000000308,Mixed,timer_il2_menten,0,0.05
3.820845542486644,43.790000000003076,Mixed,timer_il2_menten,0,0.05
3.8116865104843694,43.80000000000308,Mixed,timer_il2_menten,0,0.05
3.802549433753187,43.810000000003086,Mixed,timer_il2_menten,0,0.05
3.7934342596400885,43.820000000003084,Mixed,timer_il2_menten,0,0.05
3.7843409356163367,43.83000000000308,Mixed,timer_il2_menten,0,0.05
3.7752694092771133,43.84000000000309,Mixed,timer_il2_menten,0,0.05
3.766219628341167,43.85000000000309,Mixed,timer_il2_menten,0,0.05
3.7571915406504335,43.86000000000309,Mixed,timer_il2_menten,0,0.05
3.7481850941696564,43.87000000000309,Mixed,timer_il2_menten,0,0.05
3.739200236986034,43.88000000000309,Mixed,timer_il2_menten,0,0.05
3.7302369173088676,43.8900000000031,Mixed,timer_il2_menten,0,0.05
3.7212950834691783,43.9000000000031,Mixed,timer_il2_menten,0,0.05
3.712374683919337,43.910000000003095,Mixed,timer_il2_menten,0,0.05
3.703475667313815,43.9200000000031,Mixed,timer_il2_menten,0,0.05
3.6945979825162043,43.930000000003105,Mixed,timer_il2_menten,0,0.05
3.6857415784343885,43.9400000000031,Mixed,timer_il2_menten,0,0.05
3.6769064041102952,43.9500000000031,Mixed,timer_il2_menten,0,0.05
3.668092408721486,43.960000000003106,Mixed,timer_il2_menten,0,0.05
3.6592995415817824,43.97000000000311,Mixed,timer_il2_menten,0,0.05
3.6505277521418718,43.98000000000311,Mixed,timer_il2_menten,0,0.05
3.6417769899899106,43.99000000000311,Mixed,timer_il2_menten,0,0.05
3.6330472048521476,44.00000000000311,Mixed,timer_il2_menten,0,0.05
3.624338346425212,44.01000000000312,Mixed,timer_il2_menten,0,0.05
3.615650364347629,44.020000000003115,Mixed,timer_il2_menten,0,0.05
3.606983208562885,44.03000000000311,Mixed,timer_il2_menten,0,0.05
3.598336829125276,44.04000000000312,Mixed,timer_il2_menten,0,0.05
3.589711176195806,44.05000000000312,Mixed,timer_il2_menten,0,0.05
3.5811062000406753,44.06000000000312,Mixed,timer_il2_menten,0,0.05
3.5725218510297947,44.07000000000312,Mixed,timer_il2_menten,0,0.05
3.563958079635299,44.080000000003125,Mixed,timer_il2_menten,0,0.05
3.5554148364300815,44.09000000000313,Mixed,timer_il2_menten,0,0.05
3.546892072219385,44.10000000000313,Mixed,timer_il2_menten,0,0.05
3.538389738073652,44.110000000003126,Mixed,timer_il2_menten,0,0.05
3.5299077850231475,44.12000000000313,Mixed,timer_il2_menten,0,0.05
3.5214461642167025,44.130000000003136,Mixed,timer_il2_menten,0,0.05
3.5130048269245826,44.140000000003134,Mixed,timer_il2_menten,0,0.05
3.504583724538715,44.15000000000313,Mixed,timer_il2_menten,0,0.05
3.4961828085729225,44.16000000000314,Mixed,timer_il2_menten,0,0.05
3.487802030663172,44.17000000000314,Mixed,timer_il2_menten,0,0.05
3.4794413425677844,44.18000000000314,Mixed,timer_il2_menten,0,0.05
3.4711006961246547,44.19000000000314,Mixed,timer_il2_menten,0,0.05
3.462780043236584,44.20000000000314,Mixed,timer_il2_menten,0,0.05
3.4544793359754933,44.21000000000315,Mixed,timer_il2_menten,0,0.05
3.4461985265288435,44.22000000000315,Mixed,timer_il2_menten,0,0.05
3.4379375671982064,44.230000000003145,Mixed,timer_il2_menten,0,0.05
3.4296964103989316,44.24000000000315,Mixed,timer_il2_menten,0,0.05
3.4214750086598125,44.250000000003155,Mixed,timer_il2_menten,0,0.05
3.413273314622738,44.26000000000315,Mixed,timer_il2_menten,0,0.05
3.405091281042327,44.27000000000315,Mixed,timer_il2_menten,0,0.05
3.396928860790516,44.280000000003156,Mixed,timer_il2_menten,0,0.05
3.38878600685838,44.29000000000316,Mixed,timer_il2_menten,0,0.05
3.3806626723432194,44.30000000000316,Mixed,timer_il2_menten,0,0.05
3.3725588104545823,44.31000000000316,Mixed,timer_il2_menten,0,0.05
3.3644743745141534,44.32000000000316,Mixed,timer_il2_menten,0,0.05
3.356409317955494,44.33000000000317,Mixed,timer_il2_menten,0,0.05
3.3483635943237466,44.340000000003165,Mixed,timer_il2_menten,0,0.05
3.34033715727535,44.35000000000316,Mixed,timer_il2_menten,0,0.05
3.3323299605777823,44.36000000000317,Mixed,timer_il2_menten,0,0.05
3.3243419580267557,44.370000000003174,Mixed,timer_il2_menten,0,0.05
3.316373103817347,44.38000000000317,Mixed,timer_il2_menten,0,0.05
3.308423351909499,44.39000000000317,Mixed,timer_il2_menten,0,0.05
3.3004926565186947,44.400000000003175,Mixed,timer_il2_menten,0,0.05
3.292580971968492,44.41000000000318,Mixed,timer_il2_menten,0,0.05
3.284688252690511,44.42000000000318,Mixed,timer_il2_menten,0,0.05
3.2768144532244223,44.430000000003176,Mixed,timer_il2_menten,0,0.05
3.26895952821796,44.44000000000318,Mixed,timer_il2_menten,0,0.05
3.2611234324269303,44.450000000003186,Mixed,timer_il2_menten,0,0.05
3.253306120715,44.460000000003184,Mixed,timer_il2_menten,0,0.05
3.2455075480535562,44.47000000000318,Mixed,timer_il2_menten,0,0.05
3.2377276695223185,44.48000000000319,Mixed,timer_il2_menten,0,0.05
3.2299664403090533,44.49000000000319,Mixed,timer_il2_menten,0,0.05
3.222223815709561,44.50000000000319,Mixed,timer_il2_menten,0,0.05
3.214499751127664,44.51000000000319,Mixed,timer_il2_menten,0,0.05
3.206794202075219,44.52000000000319,Mixed,timer_il2_menten,0,0.05
3.1991071241712192,44.5300000000032,Mixed,timer_il2_menten,0,0.05
3.1914384731283914,44.5400000000032,Mixed,timer_il2_menten,0,0.05
3.1837882047711865,44.550000000003195,Mixed,timer_il2_menten,0,0.05
3.1761562750348897,44.5600000000032,Mixed,timer_il2_menten,0,0.05
3.168542639961896,44.570000000003205,Mixed,timer_il2_menten,0,0.05
3.160947255701701,44.5800000000032,Mixed,timer_il2_menten,0,0.05
3.153370078510885,44.5900000000032,Mixed,timer_il2_menten,0,0.05
3.145811064753131,44.600000000003206,Mixed,timer_il2_menten,0,0.05
3.1382701708865683,44.61000000000321,Mixed,timer_il2_menten,0,0.05
3.1307473534561074,44.62000000000321,Mixed,timer_il2_menten,0,0.05
3.1232425691300456,44.63000000000321,Mixed,timer_il2_menten,0,0.05
3.115755774682519,44.64000000000321,Mixed,timer_il2_menten,0,0.05
3.1082869269929443,44.65000000000322,Mixed,timer_il2_menten,0,0.05
3.1008359830460104,44.660000000003215,Mixed,timer_il2_menten,0,0.05
3.0934028999316663,44.67000000000321,Mixed,timer_il2_menten,0,0.05
3.0859876348433106,44.68000000000322,Mixed,timer_il2_menten,0,0.05
3.0785901450508897,44.690000000003224,Mixed,timer_il2_menten,0,0.05
3.0712103879370503,44.70000000000322,Mixed,timer_il2_menten,0,0.05
3.0638483209953375,44.71000000000322,Mixed,timer_il2_menten,0,0.05
3.0565039018226887,44.720000000003225,Mixed,timer_il2_menten,0,0.05
3.049177088119448,44.73000000000323,Mixed,timer_il2_menten,0,0.05
3.041867837689347,44.74000000000323,Mixed,timer_il2_menten,0,0.05
3.034576108439509,44.750000000003226,Mixed,timer_il2_menten,0,0.05
3.0273018499188487,44.76000000000323,Mixed,timer_il2_menten,0,0.05
3.020045041135721,44.770000000003236,Mixed,timer_il2_menten,0,0.05
3.0128056261624176,44.780000000003234,Mixed,timer_il2_menten,0,0.05
3.005583563828033,44.79000000000323,Mixed,timer_il2_menten,0,0.05
2.998378812961662,44.80000000000324,Mixed,timer_il2_menten,0,0.05
2.9911913323924084,44.81000000000324,Mixed,timer_il2_menten,0,0.05
2.984021080949378,44.82000000000324,Mixed,timer_il2_menten,0,0.05
2.9768680174944304,44.83000000000324,Mixed,timer_il2_menten,0,0.05
2.9697321013690874,44.84000000000324,Mixed,timer_il2_menten,0,0.05
2.962613291686586,44.85000000000325,Mixed,timer_il2_menten,0,0.05
2.955511547416628,44.86000000000325,Mixed,timer_il2_menten,0,0.05
2.9484268275289045,44.870000000003245,Mixed,timer_il2_menten,0,0.05
2.9413590909931067,44.88000000000325,Mixed,timer_il2_menten,0,0.05
2.9343082967789345,44.890000000003255,Mixed,timer_il2_menten,0,0.05
2.92727440385609,44.90000000000325,Mixed,timer_il2_menten,0,0.05
2.9202573711942637,44.91000000000325,Mixed,timer_il2_menten,0,0.05
2.9132571578010715,44.920000000003256,Mixed,timer_il2_menten,0,0.05
2.9062737249605,44.93000000000326,Mixed,timer_il2_menten,0,0.05
2.8993070335383093,44.94000000000326,Mixed,timer_il2_menten,0,0.05
2.8923570432453447,44.95000000000326,Mixed,timer_il2_menten,0,0.05
2.8854237137924534,44.96000000000326,Mixed,timer_il2_menten,0,0.05
2.878507004890491,44.97000000000327,Mixed,timer_il2_menten,0,0.05
2.871606876250315,44.980000000003265,Mixed,timer_il2_menten,0,0.05
2.8647232875827693,44.99000000000326,Mixed,timer_il2_menten,0,0.05
2.857856198598702,45.00000000000327,Mixed,timer_il2_menten,0,0.05
2.8510055690089677,45.010000000003274,Mixed,timer_il2_menten,0,0.05
2.8441713606008365,45.02000000000327,Mixed,timer_il2_menten,0,0.05
2.837353535889074,45.03000000000327,Mixed,timer_il2_menten,0,0.05
2.830552055462221,45.040000000003275,Mixed,timer_il2_menten,0,0.05
2.8237668799081757,45.05000000000328,Mixed,timer_il2_menten,0,0.05
2.8169979698148353,45.06000000000328,Mixed,timer_il2_menten,0,0.05
2.810245285770086,45.070000000003276,Mixed,timer_il2_menten,0,0.05
2.8035087883618157,45.08000000000328,Mixed,timer_il2_menten,0,0.05
2.7967884381779227,45.090000000003286,Mixed,timer_il2_menten,0,0.05
2.790084195806301,45.100000000003284,Mixed,timer_il2_menten,0,0.05
2.7833960232186055,45.11000000000328,Mixed,timer_il2_menten,0,0.05
2.776723884182508,45.12000000000329,Mixed,timer_il2_menten,0,0.05
2.7700677402096305,45.13000000000329,Mixed,timer_il2_menten,0,0.05
2.7634275527454397,45.14000000000329,Mixed,timer_il2_menten,0,0.05
2.7568032832353953,45.15000000000329,Mixed,timer_il2_menten,0,0.05
2.750194893124954,45.16000000000329,Mixed,timer_il2_menten,0,0.05
2.743602343859587,45.1700000000033,Mixed,timer_il2_menten,0,0.05
2.737025596884759,45.1800000000033,Mixed,timer_il2_menten,0,0.05
2.73046461364593,45.190000000003295,Mixed,timer_il2_menten,0,0.05
2.723919356435547,45.2000000000033,Mixed,timer_il2_menten,0,0.05
2.7173897900100012,45.210000000003305,Mixed,timer_il2_menten,0,0.05
2.7108758768849888,45.2200000000033,Mixed,timer_il2_menten,0,0.05
2.704377579344891,45.2300000000033,Mixed,timer_il2_menten,0,0.05
2.6978948596740913,45.240000000003306,Mixed,timer_il2_menten,0,0.05
2.6914276801569823,45.25000000000331,Mixed,timer_il2_menten,0,0.05
2.6849760030779555,45.26000000000331,Mixed,timer_il2_menten,0,0.05
2.678539790721395,45.27000000000331,Mixed,timer_il2_menten,0,0.05
2.6721190053716826,45.28000000000331,Mixed,timer_il2_menten,0,0.05
2.665713609765383,45.29000000000332,Mixed,timer_il2_menten,0,0.05
2.659323569405996,45.300000000003315,Mixed,timer_il2_menten,0,0.05
2.652948847884301,45.31000000000331,Mixed,timer_il2_menten,0,0.05
2.6465894083053643,45.32000000000332,Mixed,timer_il2_menten,0,0.05
2.640245213774261,45.330000000003324,Mixed,timer_il2_menten,0,0.05
2.633916227396065,45.34000000000332,Mixed,timer_il2_menten,0,0.05
2.627602412275843,45.35000000000332,Mixed,timer_il2_menten,0,0.05
2.6213037315186583,45.360000000003325,Mixed,timer_il2_menten,0,0.05
2.6150201482295885,45.37000000000333,Mixed,timer_il2_menten,0,0.05
2.6087516257007906,45.38000000000333,Mixed,timer_il2_menten,0,0.05
2.6024981299633803,45.390000000003326,Mixed,timer_il2_menten,0,0.05
2.596259625744848,45.40000000000333,Mixed,timer_il2_menten,0,0.05
2.590036076953094,45.410000000003336,Mixed,timer_il2_menten,0,0.05
2.5838274474960174,45.420000000003334,Mixed,timer_il2_menten,0,0.05
2.577633701281508,45.43000000000333,Mixed,timer_il2_menten,0,0.05
2.5714548022174575,45.44000000000334,Mixed,timer_il2_menten,0,0.05
2.5652907142117636,45.45000000000334,Mixed,timer_il2_menten,0,0.05
2.5591414011723255,45.46000000000334,Mixed,timer_il2_menten,0,0.05
2.5530068506570522,45.47000000000334,Mixed,timer_il2_menten,0,0.05
2.546886972950893,45.48000000000334,Mixed,timer_il2_menten,0,0.05
2.5407817691974173,45.49000000000335,Mixed,timer_il2_menten,0,0.05
2.534691203445771,45.50000000000335,Mixed,timer_il2_menten,0,0.05
2.5286152398307635,45.510000000003345,Mixed,timer_il2_menten,0,0.05
2.5225538425728837,45.52000000000335,Mixed,timer_il2_menten,0,0.05
2.516506975978301,45.530000000003355,Mixed,timer_il2_menten,0,0.05
2.510474604438861,45.54000000000335,Mixed,timer_il2_menten,0,0.05
2.504456692432076,45.55000000000335,Mixed,timer_il2_menten,0,0.05
2.498453204521133,45.560000000003356,Mixed,timer_il2_menten,0,0.05
2.4924641072657527,45.57000000000336,Mixed,timer_il2_menten,0,0.05
2.4864893677654982,45.58000000000336,Mixed,timer_il2_menten,0,0.05
2.480528951333365,45.59000000000336,Mixed,timer_il2_menten,0,0.05
2.4745828233862595,45.60000000000336,Mixed,timer_il2_menten,0,0.05
2.468650949445626,45.61000000000337,Mixed,timer_il2_menten,0,0.05
2.4627332951374363,45.620000000003365,Mixed,timer_il2_menten,0,0.05
2.4568298261921857,45.63000000000336,Mixed,timer_il2_menten,0,0.05
2.4509405084448987,45.64000000000337,Mixed,timer_il2_menten,0,0.05
2.4450653078351356,45.650000000003374,Mixed,timer_il2_menten,0,0.05
2.439204190406987,45.66000000000337,Mixed,timer_il2_menten,0,0.05
2.4333571223090646,45.67000000000337,Mixed,timer_il2_menten,0,0.05
2.4275240697945106,45.680000000003375,Mixed,timer_il2_menten,0,0.05
2.421704999221004,45.69000000000338,Mixed,timer_il2_menten,0,0.05
2.4158998770507516,45.70000000000338,Mixed,timer_il2_menten,0,0.05
2.4101086698504837,45.710000000003376,Mixed,timer_il2_menten,0,0.05
2.40433134429146,45.72000000000338,Mixed,timer_il2_menten,0,0.05
2.398567867149475,45.730000000003386,Mixed,timer_il2_menten,0,0.05
2.392818205304856,45.740000000003384,Mixed,timer_il2_menten,0,0.05
2.387082325742449,45.75000000000338,Mixed,timer_il2_menten,0,0.05
2.381360195551631,45.76000000000339,Mixed,timer_il2_menten,0,0.05
2.375651781926316,45.77000000000339,Mixed,timer_il2_menten,0,0.05
2.3699570521649465,45.78000000000339,Mixed,timer_il2_menten,0,0.05
2.364275973670488,45.79000000000339,Mixed,timer_il2_menten,0,0.05
2.358608513950433,45.80000000000339,Mixed,timer_il2_menten,0,0.05
2.352954640457668,45.8100000000034,Mixed,timer_il2_menten,0,0.05
2.3473143190253376,45.8200000000034,Mixed,timer_il2_menten,0,0.05
2.3416875166881796,45.830000000003395,Mixed,timer_il2_menten,0,0.05
2.336074201055143,45.8400000000034,Mixed,timer_il2_menten,0,0.05
2.330474339827757,45.850000000003405,Mixed,timer_il2_menten,0,0.05
2.324887900800121,45.8600000000034,Mixed,timer_il2_menten,0,0.05
2.3193148518589,45.8700000000034,Mixed,timer_il2_menten,0,0.05
2.313755160983329,45.880000000003406,Mixed,timer_il2_menten,0,0.05
2.308208796245224,45.89000000000341,Mixed,timer_il2_menten,0,0.05
2.3026757258089723,45.90000000000341,Mixed,timer_il2_menten,0,0.05
2.2971559179315246,45.91000000000341,Mixed,timer_il2_menten,0,0.05
2.291649340962404,45.92000000000341,Mixed,timer_il2_menten,0,0.05
2.2861559633437123,45.93000000000342,Mixed,timer_il2_menten,0,0.05
2.280675753610125,45.940000000003415,Mixed,timer_il2_menten,0,0.05
2.275208680388878,45.95000000000341,Mixed,timer_il2_menten,0,0.05
2.2697547123997817,45.96000000000342,Mixed,timer_il2_menten,0,0.05
2.2643138184552267,45.970000000003424,Mixed,timer_il2_menten,0,0.05
2.258885967460172,45.98000000000342,Mixed,timer_il2_menten,0,0.05
2.253471128412143,45.99000000000342,Mixed,timer_il2_menten,0,0.05
2.248069270401237,46.000000000003425,Mixed,timer_il2_menten,0,0.05
2.2426803626101286,46.01000000000343,Mixed,timer_il2_menten,0,0.05
2.237304374314067,46.02000000000343,Mixed,timer_il2_menten,0,0.05
2.231941274880862,46.030000000003426,Mixed,timer_il2_menten,0,0.05
2.226591033770899,46.04000000000343,Mixed,timer_il2_menten,0,0.05
2.2212536205371394,46.050000000003436,Mixed,timer_il2_menten,0,0.05
2.2159290038715103,46.060000000003434,Mixed,timer_il2_menten,0,0.05
2.210617150875952,46.07000000000343,Mixed,timer_il2_menten,0,0.05
2.205318030832255,46.08000000000344,Mixed,timer_il2_menten,0,0.05
2.2000316132126563,46.09000000000344,Mixed,timer_il2_menten,0,0.05
2.1947578675651718,46.10000000000344,Mixed,timer_il2_menten,0,0.05
2.1894967635135902,46.11000000000344,Mixed,timer_il2_menten,0,0.05
2.1842482707574806,46.120000000003444,Mixed,timer_il2_menten,0,0.05
2.179012359072203,46.13000000000345,Mixed,timer_il2_menten,0,0.05
2.173788998308894,46.14000000000345,Mixed,timer_il2_menten,0,0.05
2.168578158394466,46.150000000003445,Mixed,timer_il2_menten,0,0.05
2.1633798093316114,46.16000000000345,Mixed,timer_il2_menten,0,0.05
2.1581939211988104,46.170000000003455,Mixed,timer_il2_menten,0,0.05
2.153020464150323,46.18000000000345,Mixed,timer_il2_menten,0,0.05
2.1478594084161857,46.19000000000345,Mixed,timer_il2_menten,0,0.05
2.142710724302211,46.200000000003456,Mixed,timer_il2_menten,0,0.05
2.137574382190002,46.21000000000346,Mixed,timer_il2_menten,0,0.05
2.132450352536943,46.22000000000346,Mixed,timer_il2_menten,0,0.05
2.127338605876189,46.23000000000346,Mixed,timer_il2_menten,0,0.05
2.12223911281668,46.24000000000346,Mixed,timer_il2_menten,0,0.05
2.117151844043138,46.25000000000347,Mixed,timer_il2_menten,0,0.05
2.1120767703160706,46.260000000003465,Mixed,timer_il2_menten,0,0.05
2.1070138624717565,46.27000000000346,Mixed,timer_il2_menten,0,0.05
2.1019630914222542,46.28000000000347,Mixed,timer_il2_menten,0,0.05
2.0969244281554134,46.290000000003474,Mixed,timer_il2_menten,0,0.05
2.091897843729014,46.30000000000347,Mixed,timer_il2_menten,0,0.05
2.0868833087453265,46.31000000000347,Mixed,timer_il2_menten,0,0.05
2.0818807939937116,46.320000000003475,Mixed,timer_il2_menten,0,0.05
2.076890270654755,46.33000000000348,Mixed,timer_il2_menten,0,0.05
2.0719117099806152,46.34000000000348,Mixed,timer_il2_menten,0,0.05
2.0669450832950167,46.350000000003476,Mixed,timer_il2_menten,0,0.05
2.061990361993259,46.36000000000348,Mixed,timer_il2_menten,0,0.05
2.0570475175422214,46.370000000003486,Mixed,timer_il2_menten,0,0.05
2.0521165214803565,46.380000000003484,Mixed,timer_il2_menten,0,0.05
2.0471973454176853,46.39000000000348,Mixed,timer_il2_menten,0,0.05
2.042289961035799,46.40000000000349,Mixed,timer_il2_menten,0,0.05
2.0373943400878742,46.41000000000349,Mixed,timer_il2_menten,0,0.05
2.032510454398657,46.42000000000349,Mixed,timer_il2_menten,0,0.05
2.0276382758644624,46.43000000000349,Mixed,timer_il2_menten,0,0.05
2.0227777764531782,46.440000000003494,Mixed,timer_il2_menten,0,0.05
2.0179289282042725,46.4500000000035,Mixed,timer_il2_menten,0,0.05
2.0130917032287874,46.4600000000035,Mixed,timer_il2_menten,0,0.05
2.0082660737093336,46.470000000003495,Mixed,timer_il2_menten,0,0.05
2.003452011900092,46.4800000000035,Mixed,timer_il2_menten,0,0.05
1.9986494901268266,46.490000000003505,Mixed,timer_il2_menten,0,0.05
1.9938584807868729,46.5000000000035,Mixed,timer_il2_menten,0,0.05
1.989078956349136,46.5100000000035,Mixed,timer_il2_menten,0,0.05
1.9843108893540933,46.520000000003506,Mixed,timer_il2_menten,0,0.05
1.9795542524138012,46.53000000000351,Mixed,timer_il2_menten,0,0.05
1.9748090182118916,46.54000000000351,Mixed,timer_il2_menten,0,0.05
1.9700751708176287,46.55000000000351,Mixed,timer_il2_menten,0,0.05
1.9653526573659372,46.56000000000351,Mixed,timer_il2_menten,0,0.05
1.960641464487909,46.57000000000352,Mixed,timer_il2_menten,0,0.05
1.9559415650006908,46.580000000003515,Mixed,timer_il2_menten,0,0.05
1.9512529317925746,46.59000000000351,Mixed,timer_il2_menten,0,0.05
1.9465755378228429,46.60000000000352,Mixed,timer_il2_menten,0,0.05
1.9419093561216045,46.610000000003524,Mixed,timer_il2_menten,0,0.05
1.9372543597896201,46.62000000000352,Mixed,timer_il2_menten,0,0.05
1.9326105219981282,46.63000000000352,Mixed,timer_il2_menten,0,0.05
1.927977815988686,46.640000000003525,Mixed,timer_il2_menten,0,0.05
1.9233562150730061,46.65000000000353,Mixed,timer_il2_menten,0,0.05
1.9187456926327826,46.66000000000353,Mixed,timer_il2_menten,0,0.05
1.914146222119518,46.670000000003526,Mixed,timer_il2_menten,0,0.05
1.9095577770543621,46.68000000000353,Mixed,timer_il2_menten,0,0.05
1.9049803310279498,46.690000000003536,Mixed,timer_il2_menten,0,0.05
1.900413857700227,46.700000000003534,Mixed,timer_il2_menten,0,0.05
1.8958583308002779,46.71000000000353,Mixed,timer_il2_menten,0,0.05
1.8913137241261624,46.72000000000354,Mixed,timer_il2_menten,0,0.05
1.8867800115447557,46.73000000000354,Mixed,timer_il2_menten,0,0.05
1.8822571669915742,46.74000000000354,Mixed,timer_il2_menten,0,0.05
1.8777451644706011,46.75000000000354,Mixed,timer_il2_menten,0,0.05
1.8732439780541252,46.760000000003544,Mixed,timer_il2_menten,0,0.05
1.8687535818825807,46.77000000000355,Mixed,timer_il2_menten,0,0.05
1.8642739501643706,46.78000000000355,Mixed,timer_il2_menten,0,0.05
1.8598050571756968,46.790000000003545,Mixed,timer_il2_menten,0,0.05
1.8553468768387185,46.80000000000355,Mixed,timer_il2_menten,0,0.05
1.8508993828365434,46.810000000003555,Mixed,timer_il2_menten,0,0.05
1.8464625495448275,46.82000000000355,Mixed,timer_il2_menten,0,0.05
1.8420363514114997,46.83000000000355,Mixed,timer_il2_menten,0,0.05
1.8376207629479762,46.840000000003556,Mixed,timer_il2_menten,0,0.05
1.8332157587289482,46.85000000000356,Mixed,timer_il2_menten,0,0.05
1.8288213133921571,46.86000000000356,Mixed,timer_il2_menten,0,0.05
1.8244374016381717,46.87000000000356,Mixed,timer_il2_menten,0,0.05
1.8200639982301752,46.88000000000356,Mixed,timer_il2_menten,0,0.05
1.815701077993754,46.89000000000357,Mixed,timer_il2_menten,0,0.05
1.8113486158166707,46.900000000003566,Mixed,timer_il2_menten,0,0.05
1.807006586648646,46.91000000000356,Mixed,timer_il2_menten,0,0.05
1.8026749655011405,46.92000000000357,Mixed,timer_il2_menten,0,0.05
1.7983537274471457,46.930000000003574,Mixed,timer_il2_menten,0,0.05
1.7940428476209611,46.94000000000357,Mixed,timer_il2_menten,0,0.05
1.7897423012179652,46.95000000000357,Mixed,timer_il2_menten,0,0.05
1.78545206349441,46.960000000003575,Mixed,timer_il2_menten,0,0.05
1.7811721097672044,46.97000000000358,Mixed,timer_il2_menten,0,0.05
1.7769024154136905,46.98000000000358,Mixed,timer_il2_menten,0,0.05
1.7726429558714232,46.990000000003576,Mixed,timer_il2_menten,0,0.05
1.7683937066379518,47.00000000000358,Mixed,timer_il2_menten,0,0.05
1.764154643270614,47.010000000003586,Mixed,timer_il2_menten,0,0.05
1.75992574138631,47.020000000003584,Mixed,timer_il2_menten,0,0.05
1.755706976661276,47.03000000000358,Mixed,timer_il2_menten,0,0.05
1.7514983248308749,47.04000000000359,Mixed,timer_il2_menten,0,0.05
1.7472997616893835,47.05000000000359,Mixed,timer_il2_menten,0,0.05
1.7431112630897685,47.06000000000359,Mixed,timer_il2_menten,0,0.05
1.7389328049434614,47.07000000000359,Mixed,timer_il2_menten,0,0.05
1.7347643632201486,47.080000000003594,Mixed,timer_il2_menten,0,0.05
1.730605913947557,47.0900000000036,Mixed,timer_il2_menten,0,0.05
1.7264574332112317,47.1000000000036,Mixed,timer_il2_menten,0,0.05
1.7223188971543109,47.110000000003595,Mixed,timer_il2_menten,0,0.05
1.7181902819773147,47.1200000000036,Mixed,timer_il2_menten,0,0.05
1.7140715639379316,47.130000000003605,Mixed,timer_il2_menten,0,0.05
1.7099627193507962,47.1400000000036,Mixed,timer_il2_menten,0,0.05
1.705863724587265,47.1500000000036,Mixed,timer_il2_menten,0,0.05
1.7017745560752024,47.160000000003606,Mixed,timer_il2_menten,0,0.05
1.6976951902987707,47.17000000000361,Mixed,timer_il2_menten,0,0.05
1.6936256037982047,47.18000000000361,Mixed,timer_il2_menten,0,0.05
1.6895657731695888,47.19000000000361,Mixed,timer_il2_menten,0,0.05
1.6855156750646447,47.20000000000361,Mixed,timer_il2_menten,0,0.05
1.681475286190519,47.21000000000362,Mixed,timer_il2_menten,0,0.05
1.677444583309558,47.220000000003616,Mixed,timer_il2_menten,0,0.05
1.673423543239086,47.23000000000361,Mixed,timer_il2_menten,0,0.05
1.6694121427659454,47.24000000000362,Mixed,timer_il2_menten,0,0.05
1.6654103586003834,47.250000000003624,Mixed,timer_il2_menten,0,0.05
1.6614181676243651,47.26000000000362,Mixed,timer_il2_menten,0,0.05
1.6574355467650803,47.27000000000362,Mixed,timer_il2_menten,0,0.05
1.6534624729899094,47.280000000003625,Mixed,timer_il2_menten,0,0.05
1.6494989233055009,47.29000000000363,Mixed,timer_il2_menten,0,0.05
1.645544874756838,47.30000000000363,Mixed,timer_il2_menten,0,0.05
1.6416003044263086,47.310000000003626,Mixed,timer_il2_menten,0,0.05
1.637665189432782,47.32000000000363,Mixed,timer_il2_menten,0,0.05
1.633739506930689,47.330000000003636,Mixed,timer_il2_menten,0,0.05
1.629823234109089,47.340000000003634,Mixed,timer_il2_menten,0,0.05
1.6259163484240373,47.35000000000363,Mixed,timer_il2_menten,0,0.05
1.6220188277513197,47.36000000000364,Mixed,timer_il2_menten,0,0.05
1.6181306496618344,47.37000000000364,Mixed,timer_il2_menten,0,0.05
1.6142517917806876,47.38000000000364,Mixed,timer_il2_menten,0,0.05
1.610382231801987,47.39000000000364,Mixed,timer_il2_menten,0,0.05
1.606521947489941,47.400000000003644,Mixed,timer_il2_menten,0,0.05
1.6026709166799542,47.41000000000365,Mixed,timer_il2_menten,0,0.05
1.5988291172797182,47.42000000000365,Mixed,timer_il2_menten,0,0.05
1.5949965272702946,47.430000000003645,Mixed,timer_il2_menten,0,0.05
1.5911731247072174,47.44000000000365,Mixed,timer_il2_menten,0,0.05
1.587358887721587,47.450000000003655,Mixed,timer_il2_menten,0,0.05
1.5835537943310634,47.46000000000365,Mixed,timer_il2_menten,0,0.05
1.5797578222917672,47.47000000000365,Mixed,timer_il2_menten,0,0.05
1.575970949726012,47.480000000003656,Mixed,timer_il2_menten,0,0.05
1.5721931548181245,47.49000000000366,Mixed,timer_il2_menten,0,0.05
1.568424415800365,47.50000000000366,Mixed,timer_il2_menten,0,0.05
1.5646647109522998,47.51000000000366,Mixed,timer_il2_menten,0,0.05
1.5609140186001849,47.52000000000366,Mixed,timer_il2_menten,0,0.05
1.557172317116351,47.53000000000367,Mixed,timer_il2_menten,0,0.05
1.5534395849185731,47.540000000003666,Mixed,timer_il2_menten,0,0.05
1.549715800469448,47.550000000003664,Mixed,timer_il2_menten,0,0.05
1.5460009422757741,47.56000000000367,Mixed,timer_il2_menten,0,0.05
1.5422949889432076,47.570000000003674,Mixed,timer_il2_menten,0,0.05
1.5385979192263584,47.58000000000367,Mixed,timer_il2_menten,0,0.05
1.5349097118347244,47.59000000000367,Mixed,timer_il2_menten,0,0.05
1.5312303455243585,47.600000000003675,Mixed,timer_il2_menten,0,0.05
1.5275597991024377,47.61000000000368,Mixed,timer_il2_menten,0,0.05
1.5238980514271554,47.62000000000368,Mixed,timer_il2_menten,0,0.05
1.5202450814076163,47.630000000003676,Mixed,timer_il2_menten,0,0.05
1.5166008680037377,47.64000000000368,Mixed,timer_il2_menten,0,0.05
1.5129653902261535,47.650000000003686,Mixed,timer_il2_menten,0,0.05
1.5093386271361062,47.660000000003684,Mixed,timer_il2_menten,0,0.05
1.5057205578453399,47.67000000000368,Mixed,timer_il2_menten,0,0.05
1.502111161513778,47.68000000000369,Mixed,timer_il2_menten,0,0.05
1.4985104173470705,47.69000000000369,Mixed,timer_il2_menten,0,0.05
1.4949183046047527,47.70000000000369,Mixed,timer_il2_menten,0,0.05
1.491334802596277,47.71000000000369,Mixed,timer_il2_menten,0,0.05
1.4877598906806726,47.720000000003694,Mixed,timer_il2_menten,0,0.05
1.4841935482664261,47.7300000000037,Mixed,timer_il2_menten,0,0.05
1.4806357548113511,47.7400000000037,Mixed,timer_il2_menten,0,0.05
1.4770864898224634,47.750000000003695,Mixed,timer_il2_menten,0,0.05
1.4735457328558565,47.7600000000037,Mixed,timer_il2_menten,0,0.05
1.4700134635165887,47.770000000003705,Mixed,timer_il2_menten,0,0.05
1.4664896614585488,47.7800000000037,Mixed,timer_il2_menten,0,0.05
1.462974306269345,47.7900000000037,Mixed,timer_il2_menten,0,0.05
1.4594673779780334,47.800000000003706,Mixed,timer_il2_menten,0,0.05
1.4559688562071047,47.81000000000371,Mixed,timer_il2_menten,0,0.05
1.4524787208097134,47.82000000000371,Mixed,timer_il2_menten,0,0.05
1.44899695168629,47.83000000000371,Mixed,timer_il2_menten,0,0.05
1.4455235287845474,47.84000000000371,Mixed,timer_il2_menten,0,0.05
1.4420584320994843,47.85000000000372,Mixed,timer_il2_menten,0,0.05
1.438601641673381,47.860000000003716,Mixed,timer_il2_menten,0,0.05
1.4351531375957958,47.870000000003714,Mixed,timer_il2_menten,0,0.05
1.4317129000035669,47.88000000000372,Mixed,timer_il2_menten,0,0.05
1.4282809090808204,47.890000000003724,Mixed,timer_il2_menten,0,0.05
1.4248571450591059,47.90000000000372,Mixed,timer_il2_menten,0,0.05
1.4214415882175977,47.91000000000372,Mixed,timer_il2_menten,0,0.05
1.4180342188825132,47.920000000003725,Mixed,timer_il2_menten,0,0.05
1.4146350174273645,47.93000000000373,Mixed,timer_il2_menten,0,0.05
1.4112439642729706,47.94000000000373,Mixed,timer_il2_menten,0,0.05
1.4078610398874543,47.950000000003726,Mixed,timer_il2_menten,0,0.05
1.4044862247862475,47.96000000000373,Mixed,timer_il2_menten,0,0.05
1.4011194995319034,47.970000000003736,Mixed,timer_il2_menten,0,0.05
1.3977608447282686,47.980000000003734,Mixed,timer_il2_menten,0,0.05
1.3944102410271333,47.99000000000373,Mixed,timer_il2_menten,0,0.05
1.3910676691293216,48.00000000000374,Mixed,timer_il2_menten,0,0.05
1.387733109782554,48.01000000000374,Mixed,timer_il2_menten,0,0.05
1.3844065437814423,48.02000000000374,Mixed,timer_il2_menten,0,0.05
1.3810879519674861,48.03000000000374,Mixed,timer_il2_menten,0,0.05
1.3777773152290762,48.040000000003744,Mixed,timer_il2_menten,0,0.05
1.3744746144972657,48.05000000000375,Mixed,timer_il2_menten,0,0.05
1.3711798307395342,48.06000000000375,Mixed,timer_il2_menten,0,0.05
1.3678929449774335,48.070000000003745,Mixed,timer_il2_menten,0,0.05
1.3646139382791787,48.08000000000375,Mixed,timer_il2_menten,0,0.05
1.3613427917590863,48.090000000003755,Mixed,timer_il2_menten,0,0.05
1.358079486577566,48.10000000000375,Mixed,timer_il2_menten,0,0.05
1.3548240039411183,48.11000000000375,Mixed,timer_il2_menten,0,0.05
1.351576325101962,48.120000000003756,Mixed,timer_il2_menten,0,0.05
1.3483364313465473,48.13000000000376,Mixed,timer_il2_menten,0,0.05
1.3451043040086819,48.14000000000376,Mixed,timer_il2_menten,0,0.05
1.3418799244716684,48.15000000000376,Mixed,timer_il2_menten,0,0.05
1.3386632741640823,48.16000000000376,Mixed,timer_il2_menten,0,0.05
1.3354543345597762,48.17000000000377,Mixed,timer_il2_menten,0,0.05
1.3322530871778784,48.180000000003766,Mixed,timer_il2_menten,0,0.05
1.3290595135827814,48.190000000003764,Mixed,timer_il2_menten,0,0.05
1.3258735914615851,48.20000000000377,Mixed,timer_il2_menten,0,0.05
1.3226953121392566,48.210000000003774,Mixed,timer_il2_menten,0,0.05
1.3195246507949194,48.22000000000377,Mixed,timer_il2_menten,0,0.05
1.3163615894010523,48.23000000000377,Mixed,timer_il2_menten,0,0.05
1.3132061099301342,48.240000000003775,Mixed,timer_il2_menten,0,0.05
1.310058194354649,48.25000000000378,Mixed,timer_il2_menten,0,0.05
1.3069178246470805,48.26000000000378,Mixed,timer_il2_menten,0,0.05
1.3037849827867551,48.270000000003776,Mixed,timer_il2_menten,0,0.05
1.3006596509536714,48.28000000000378,Mixed,timer_il2_menten,0,0.05
1.2975418112631298,48.290000000003786,Mixed,timer_il2_menten,0,0.05
1.294431445749176,48.300000000003784,Mixed,timer_il2_menten,0,0.05
1.2913285364458522,48.31000000000378,Mixed,timer_il2_menten,0,0.05
1.2882330653872014,48.32000000000379,Mixed,timer_il2_menten,0,0.05
1.2851450146072692,48.33000000000379,Mixed,timer_il2_menten,0,0.05
1.282064366140103,48.34000000000379,Mixed,timer_il2_menten,0,0.05
1.2789911020197442,48.35000000000379,Mixed,timer_il2_menten,0,0.05
1.2759252042822482,48.360000000003794,Mixed,timer_il2_menten,0,0.05
1.2728666558415092,48.3700000000038,Mixed,timer_il2_menten,0,0.05
1.269815439678517,48.3800000000038,Mixed,timer_il2_menten,0,0.05
1.2667715381518452,48.390000000003795,Mixed,timer_il2_menten,0,0.05
1.2637349336200654,48.4000000000038,Mixed,timer_il2_menten,0,0.05
1.260705608441754,48.410000000003805,Mixed,timer_il2_menten,0,0.05
1.257683544975487,48.4200000000038,Mixed,timer_il2_menten,0,0.05
1.2546687255798374,48.4300000000038,Mixed,timer_il2_menten,0,0.05
1.2516611326133769,48.440000000003806,Mixed,timer_il2_menten,0,0.05
1.2486607484346819,48.45000000000381,Mixed,timer_il2_menten,0,0.05
1.2456675561363997,48.46000000000381,Mixed,timer_il2_menten,0,0.05
1.242681539431636,48.47000000000381,Mixed,timer_il2_menten,0,0.05
1.239702681074487,48.48000000000381,Mixed,timer_il2_menten,0,0.05
1.2367309638075596,48.49000000000382,Mixed,timer_il2_menten,0,0.05
1.233766370373461,48.500000000003816,Mixed,timer_il2_menten,0,0.05
1.2308088835147926,48.510000000003814,Mixed,timer_il2_menten,0,0.05
1.2278584859741573,48.52000000000382,Mixed,timer_il2_menten,0,0.05
1.2249151604941626,48.530000000003824,Mixed,timer_il2_menten,0,0.05
1.221978889817414,48.54000000000382,Mixed,timer_il2_menten,0,0.05
1.2190496571540717,48.55000000000382,Mixed,timer_il2_menten,0,0.05
1.2161274467033139,48.560000000003825,Mixed,timer_il2_menten,0,0.05
1.2132122416500124,48.57000000000383,Mixed,timer_il2_menten,0,0.05
1.2103040251122792,48.58000000000383,Mixed,timer_il2_menten,0,0.05
1.2074027802082214,48.590000000003826,Mixed,timer_il2_menten,0,0.05
1.2045084900559466,48.60000000000383,Mixed,timer_il2_menten,0,0.05
1.2016211377735668,48.610000000003836,Mixed,timer_il2_menten,0,0.05
1.1987407064791935,48.620000000003834,Mixed,timer_il2_menten,0,0.05
1.195867179290934,48.63000000000383,Mixed,timer_il2_menten,0,0.05
1.1930005395936099,48.64000000000384,Mixed,timer_il2_menten,0,0.05
1.1901407719614803,48.65000000000384,Mixed,timer_il2_menten,0,0.05
1.1872878600435155,48.66000000000384,Mixed,timer_il2_menten,0,0.05
1.1844417873251636,48.67000000000384,Mixed,timer_il2_menten,0,0.05
1.1816025372918717,48.680000000003844,Mixed,timer_il2_menten,0,0.05
1.1787700934290917,48.69000000000385,Mixed,timer_il2_menten,0,0.05
1.1759444392222755,48.70000000000385,Mixed,timer_il2_menten,0,0.05
1.1731255581568703,48.710000000003845,Mixed,timer_il2_menten,0,0.05
1.170313433718324,48.72000000000385,Mixed,timer_il2_menten,0,0.05
1.1675080495177323,48.730000000003855,Mixed,timer_il2_menten,0,0.05
1.164709390403057,48.74000000000385,Mixed,timer_il2_menten,0,0.05
1.1619174405164152,48.75000000000385,Mixed,timer_il2_menten,0,0.05
1.159132183702606,48.760000000003856,Mixed,timer_il2_menten,0,0.05
1.1563536038064344,48.77000000000386,Mixed,timer_il2_menten,0,0.05
1.1535816846727045,48.78000000000386,Mixed,timer_il2_menten,0,0.05
1.1508164101462166,48.79000000000386,Mixed,timer_il2_menten,0,0.05
1.1480577640717708,48.80000000000386,Mixed,timer_il2_menten,0,0.05
1.1453057302941718,48.81000000000387,Mixed,timer_il2_menten,0,0.05
1.1425602926973233,48.820000000003866,Mixed,timer_il2_menten,0,0.05
1.139821436310993,48.830000000003864,Mixed,timer_il2_menten,0,0.05
1.1370891457954775,48.84000000000387,Mixed,timer_il2_menten,0,0.05
1.1343634053471137,48.850000000003874,Mixed,timer_il2_menten,0,0.05
1.131644199162239,48.86000000000387,Mixed,timer_il2_menten,0,0.05
1.1289315114371872,48.87000000000387,Mixed,timer_il2_menten,0,0.05
1.1262253263682915,48.880000000003875,Mixed,timer_il2_menten,0,0.05
1.1235256281518895,48.89000000000388,Mixed,timer_il2_menten,0,0.05
1.1208324009843182,48.90000000000388,Mixed,timer_il2_menten,0,0.05
1.1181456398527612,48.910000000003876,Mixed,timer_il2_menten,0,0.05
1.1154653042975622,48.92000000000388,Mixed,timer_il2_menten,0,0.05
1.1127913955563489,48.930000000003886,Mixed,timer_il2_menten,0,0.05
1.1101238978836774,48.940000000003884,Mixed,timer_il2_menten,0,0.05
1.1074627955716156,48.95000000000388,Mixed,timer_il2_menten,0,0.05
1.1048080729497456,48.96000000000389,Mixed,timer_il2_menten,0,0.05
1.102159714385167,48.97000000000389,Mixed,timer_il2_menten,0,0.05
1.0995177042824948,48.98000000000389,Mixed,timer_il2_menten,0,0.05
1.096882027083855,48.99000000000389,Mixed,timer_il2_menten,0,0.05
1.0942526672688886,49.000000000003894,Mixed,timer_il2_menten,0,0.05
1.0916296101081673,49.0100000000039,Mixed,timer_il2_menten,0,0.05
1.0890128414319393,49.0200000000039,Mixed,timer_il2_menten,0,0.05
1.0864023460499594,49.030000000003895,Mixed,timer_il2_menten,0,0.05
1.083798108804126,49.0400000000039,Mixed,timer_il2_menten,0,0.05
1.0812001145807115,49.050000000003905,Mixed,timer_il2_menten,0,0.05
1.078608348310361,49.0600000000039,Mixed,timer_il2_menten,0,0.05
1.0760227949680856,49.0700000000039,Mixed,timer_il2_menten,0,0.05
1.0734434395732695,49.080000000003906,Mixed,timer_il2_menten,0,0.05
1.0708702671896702,49.09000000000391,Mixed,timer_il2_menten,0,0.05
1.0683032629254177,49.10000000000391,Mixed,timer_il2_menten,0,0.05
1.0657424119330094,49.11000000000391,Mixed,timer_il2_menten,0,0.05
1.0631876994093135,49.12000000000391,Mixed,timer_il2_menten,0,0.05
1.0606391105955741,49.13000000000392,Mixed,timer_il2_menten,0,0.05
1.058096630777406,49.140000000003916,Mixed,timer_il2_menten,0,0.05
1.0555602452847919,49.150000000003914,Mixed,timer_il2_menten,0,0.05
1.0530299394920852,49.16000000000392,Mixed,timer_il2_menten,0,0.05
1.0505056988180157,49.170000000003924,Mixed,timer_il2_menten,0,0.05
1.047987508725683,49.18000000000392,Mixed,timer_il2_menten,0,0.05
1.0454753547225555,49.19000000000392,Mixed,timer_il2_menten,0,0.05
1.042969222360472,49.200000000003925,Mixed,timer_il2_menten,0,0.05
1.0404690972356474,49.21000000000393,Mixed,timer_il2_menten,0,0.05
1.037974964988667,49.22000000000393,Mixed,timer_il2_menten,0,0.05
1.0354868113044837,49.230000000003926,Mixed,timer_il2_menten,0,0.05
1.0330046219124225,49.24000000000393,Mixed,timer_il2_menten,0,0.05
1.030528382586183,49.250000000003936,Mixed,timer_il2_menten,0,0.05
1.028058079143836,49.260000000003934,Mixed,timer_il2_menten,0,0.05
1.0255936974478201,49.27000000000393,Mixed,timer_il2_menten,0,0.05
1.0231352234049453,49.28000000000394,Mixed,timer_il2_menten,0,0.05
1.0206826429017124,49.29000000000394,Mixed,timer_il2_menten,0,0.05
1.0182359410038853,49.30000000000394,Mixed,timer_il2_menten,0,0.05
1.0157951033442045,49.31000000000394,Mixed,timer_il2_menten,0,0.05
1.01336011586988,49.320000000003944,Mixed,timer_il2_menten,0,0.05
1.010930964567984,49.33000000000395,Mixed,timer_il2_menten,0,0.05
1.008507635465449,49.34000000000395,Mixed,timer_il2_menten,0,0.05
1.0060901146290635,49.350000000003945,Mixed,timer_il2_menten,0,0.05
1.0036783881654756,49.36000000000395,Mixed,timer_il2_menten,0,0.05
1.001272442221197,49.370000000003955,Mixed,timer_il2_menten,0,0.05
0.998872262982599,49.38000000000395,Mixed,timer_il2_menten,0,0.05
0.9964778366759093,49.39000000000395,Mixed,timer_il2_menten,0,0.05
0.9940891495672148,49.400000000003956,Mixed,timer_il2_menten,0,0.05
0.9917061879624665,49.41000000000396,Mixed,timer_il2_menten,0,0.05
0.9893289382074743,49.42000000000396,Mixed,timer_il2_menten,0,0.05
0.9869573866879042,49.43000000000396,Mixed,timer_il2_menten,0,0.05
0.9845915198292832,49.44000000000396,Mixed,timer_il2_menten,0,0.05
0.9822313240970004,49.45000000000397,Mixed,timer_il2_menten,0,0.05
0.9798767859963049,49.460000000003966,Mixed,timer_il2_menten,0,0.05
0.977527892072302,49.470000000003964,Mixed,timer_il2_menten,0,0.05
0.975184628909957,49.48000000000397,Mixed,timer_il2_menten,0,0.05
0.9728469831340982,49.490000000003974,Mixed,timer_il2_menten,0,0.05
0.9705149414094136,49.50000000000397,Mixed,timer_il2_menten,0,0.05
0.9681884904404476,49.51000000000397,Mixed,timer_il2_menten,0,0.05
0.9658676169716046,49.520000000003975,Mixed,timer_il2_menten,0,0.05
0.9635523077871515,49.53000000000398,Mixed,timer_il2_menten,0,0.05
0.9612425497112153,49.54000000000398,Mixed,timer_il2_menten,0,0.05
0.9589383296077794,49.550000000003976,Mixed,timer_il2_menten,0,0.05
0.9566396343806868,49.56000000000398,Mixed,timer_il2_menten,0,0.05
0.9543464509736439,49.570000000003986,Mixed,timer_il2_menten,0,0.05
0.9520587657930779,49.580000000003984,Mixed,timer_il2_menten,0,0.05
0.9497765643935162,49.59000000000398,Mixed,timer_il2_menten,0,0.05
0.9474998335698711,49.60000000000399,Mixed,timer_il2_menten,0,0.05
0.9452285602050138,49.61000000000399,Mixed,timer_il2_menten,0,0.05
0.9429627312145293,49.62000000000399,Mixed,timer_il2_menten,0,0.05
0.9407023335467121,49.63000000000399,Mixed,timer_il2_menten,0,0.05
0.9384473541825705,49.640000000003994,Mixed,timer_il2_menten,0,0.05
0.9361977801358292,49.650000000004,Mixed,timer_il2_menten,0,0.05
0.9339535984529261,49.660000000004,Mixed,timer_il2_menten,0,0.05
0.9317147962130091,49.670000000003995,Mixed,timer_il2_menten,0,0.05
0.92948136052794,49.680000000004,Mixed,timer_il2_menten,0,0.05
0.927253278542296,49.690000000004005,Mixed,timer_il2_menten,0,0.05
0.9250305374333687,49.700000000004,Mixed,timer_il2_menten,0,0.05
0.9228131244111591,49.710000000004,Mixed,timer_il2_menten,0,0.05
0.9206010267183824,49.720000000004006,Mixed,timer_il2_menten,0,0.05
0.918394231630469,49.73000000000401,Mixed,timer_il2_menten,0,0.05
0.9161927264555636,49.74000000000401,Mixed,timer_il2_menten,0,0.05
0.9139964985345207,49.75000000000401,Mixed,timer_il2_menten,0,0.05
0.9118055352409082,49.76000000000401,Mixed,timer_il2_menten,0,0.05
0.9096198239810103,49.77000000000402,Mixed,timer_il2_menten,0,0.05
0.9074393521938244,49.780000000004016,Mixed,timer_il2_menten,0,0.05
0.9052641073510588,49.790000000004014,Mixed,timer_il2_menten,0,0.05
0.903094076957134,49.80000000000402,Mixed,timer_il2_menten,0,0.05
0.900929248549188,49.810000000004024,Mixed,timer_il2_menten,0,0.05
0.8987696096970712,49.82000000000402,Mixed,timer_il2_menten,0,0.05
0.8966151480033449,49.83000000000402,Mixed,timer_il2_menten,0,0.05
0.8944658511032832,49.840000000004025,Mixed,timer_il2_menten,0,0.05
0.8923217066648772,49.85000000000403,Mixed,timer_il2_menten,0,0.05
0.8901827023775291,49.86000000000403,Mixed,timer_il2_menten,0,0.05
0.8880488255810643,49.870000000004026,Mixed,timer_il2_menten,0,0.05
0.8859200638016294,49.88000000000403,Mixed,timer_il2_menten,0,0.05
0.8837964047744961,49.89000000000404,Mixed,timer_il2_menten,0,0.05
0.8816778362655486,49.900000000004034,Mixed,timer_il2_menten,0,0.05
0.8795643460712808,49.91000000000403,Mixed,timer_il2_menten,0,0.05
0.8774559220187985,49.92000000000404,Mixed,timer_il2_menten,0,0.05
0.8753525519658238,49.93000000000404,Mixed,timer_il2_menten,0,0.05
0.8732542238006908,49.94000000000404,Mixed,timer_il2_menten,0,0.05
0.8711609254423427,49.95000000000404,Mixed,timer_il2_menten,0,0.05
0.8690726448403359,49.960000000004044,Mixed,timer_il2_menten,0,0.05
0.8669893699748421,49.97000000000405,Mixed,timer_il2_menten,0,0.05
0.8649110888566452,49.98000000000405,Mixed,timer_il2_menten,0,0.05
0.8628377895271389,49.990000000004045,Mixed,timer_il2_menten,0,0.05
0.860769460058329,50.00000000000405,Mixed,timer_il2_menten,0,0.05
0.8587060885528373,50.010000000004055,Mixed,timer_il2_menten,0,0.05
0.8566476631438973,50.02000000000405,Mixed,timer_il2_menten,0,0.05
0.8545941719953531,50.03000000000405,Mixed,timer_il2_menten,0,0.05
0.8525456033016603,50.040000000004056,Mixed,timer_il2_menten,0,0.05
0.8505019452878904,50.05000000000406,Mixed,timer_il2_menten,0,0.05
0.848463186209727,50.06000000000406,Mixed,timer_il2_menten,0,0.05
0.846429314353464,50.07000000000406,Mixed,timer_il2_menten,0,0.05
0.8444003180360073,50.08000000000406,Mixed,timer_il2_menten,0,0.05
0.842376185604878,50.09000000000407,Mixed,timer_il2_menten,0,0.05
0.84035690543821,50.100000000004066,Mixed,timer_il2_menten,0,0.05
0.8383424659447463,50.110000000004064,Mixed,timer_il2_menten,0,0.05
0.8363328555638434,50.12000000000407,Mixed,timer_il2_menten,0,0.05
0.8343280627654721,50.130000000004074,Mixed,timer_il2_menten,0,0.05
0.8323280760502161,50.14000000000407,Mixed,timer_il2_menten,0,0.05
0.8303328939182929,50.15000000000407,Mixed,timer_il2_menten,0,0.05
0.8283424826438608,50.160000000004075,Mixed,timer_il2_menten,0,0.05
0.8263568427186418,50.17000000000408,Mixed,timer_il2_menten,0,0.05
0.8243759626783241,50.18000000000408,Mixed,timer_il2_menten,0,0.05
0.8223998310890177,50.190000000004076,Mixed,timer_il2_menten,0,0.05
0.8204284365471863,50.20000000000408,Mixed,timer_il2_menten,0,0.05
0.8184617676795786,50.21000000000409,Mixed,timer_il2_menten,0,0.05
0.8164998131431542,50.220000000004084,Mixed,timer_il2_menten,0,0.05
0.8145425616250093,50.23000000000408,Mixed,timer_il2_menten,0,0.05
0.8125900018423091,50.24000000000409,Mixed,timer_il2_menten,0,0.05
0.8106421225422191,50.25000000000409,Mixed,timer_il2_menten,0,0.05
0.8086989125018302,50.26000000000409,Mixed,timer_il2_menten,0,0.05
0.8067603605280854,50.27000000000409,Mixed,timer_il2_menten,0,0.05
0.8048264554577123,50.280000000004094,Mixed,timer_il2_menten,0,0.05
0.8028971861571518,50.2900000000041,Mixed,timer_il2_menten,0,0.05
0.8009725415224875,50.3000000000041,Mixed,timer_il2_menten,0,0.05
0.7990525104793693,50.310000000004095,Mixed,timer_il2_menten,0,0.05
0.7971370819829463,50.3200000000041,Mixed,timer_il2_menten,0,0.05
0.7952262450177967,50.330000000004105,Mixed,timer_il2_menten,0,0.05
0.7933199885978559,50.3400000000041,Mixed,timer_il2_menten,0,0.05
0.7914183017663412,50.3500000000041,Mixed,timer_il2_menten,0,0.05
0.7895211735956831,50.360000000004106,Mixed,timer_il2_menten,0,0.05
0.7876285931874579,50.37000000000411,Mixed,timer_il2_menten,0,0.05
0.7857405496723124,50.38000000000411,Mixed,timer_il2_menten,0,0.05
0.7838570322098914,50.39000000000411,Mixed,timer_il2_menten,0,0.05
0.7819780299887683,50.40000000000411,Mixed,timer_il2_menten,0,0.05
0.7801035322263759,50.41000000000412,Mixed,timer_il2_menten,0,0.05
0.7782335281689339,50.420000000004116,Mixed,timer_il2_menten,0,0.05
0.7763680070894177,50.430000000004114,Mixed,timer_il2_menten,0,0.05
0.7745069578703806,50.44000000000412,Mixed,timer_il2_menten,0,0.05
0.7726503694887221,50.450000000004124,Mixed,timer_il2_menten,0,0.05
0.7707982312515458,50.46000000000412,Mixed,timer_il2_menten,0,0.05
0.7689505324927329,50.47000000000412,Mixed,timer_il2_menten,0,0.05
0.7671072625728541,50.480000000004125,Mixed,timer_il2_menten,0,0.05
0.7652684108790798,50.49000000000413,Mixed,timer_il2_menten,0,0.05
0.7634339668250861,50.50000000000413,Mixed,timer_il2_menten,0,0.05
0.7616039198509594,50.510000000004126,Mixed,timer_il2_menten,0,0.05
0.7597782594231084,50.52000000000413,Mixed,timer_il2_menten,0,0.05
0.7579569750341737,50.53000000000414,Mixed,timer_il2_menten,0,0.05
0.7561400562029345,50.540000000004135,Mixed,timer_il2_menten,0,0.05
0.7543274924742132,50.55000000000413,Mixed,timer_il2_menten,0,0.05
0.752519273418786,50.56000000000414,Mixed,timer_il2_menten,0,0.05
0.7507153886332949,50.57000000000414,Mixed,timer_il2_menten,0,0.05
0.7489158277401522,50.58000000000414,Mixed,timer_il2_menten,0,0.05
0.7471205803874461,50.59000000000414,Mixed,timer_il2_menten,0,0.05
0.7453296362488521,50.600000000004144,Mixed,timer_il2_menten,0,0.05
0.7435429850235427,50.61000000000415,Mixed,timer_il2_menten,0,0.05
0.7417606164360939,50.62000000000415,Mixed,timer_il2_menten,0,0.05
0.7399825202363906,50.630000000004145,Mixed,timer_il2_menten,0,0.05
0.7382086861995365,50.64000000000415,Mixed,timer_il2_menten,0,0.05
0.7364391041257665,50.650000000004155,Mixed,timer_il2_menten,0,0.05
0.7346737638403499,50.66000000000415,Mixed,timer_il2_menten,0,0.05
0.7329126551934986,50.67000000000415,Mixed,timer_il2_menten,0,0.05
0.7311557680602757,50.680000000004156,Mixed,timer_il2_menten,0,0.05
0.7294030923405076,50.69000000000416,Mixed,timer_il2_menten,0,0.05
0.7276546179586885,50.70000000000416,Mixed,timer_il2_menten,0,0.05
0.7259103348638867,50.71000000000416,Mixed,timer_il2_menten,0,0.05
0.7241702330296553,50.72000000000416,Mixed,timer_il2_menten,0,0.05
0.7224343024539426,50.73000000000417,Mixed,timer_il2_menten,0,0.05
0.7207025331589975,50.740000000004166,Mixed,timer_il2_menten,0,0.05
0.7189749151912763,50.750000000004164,Mixed,timer_il2_menten,0,0.05
0.7172514386213513,50.76000000000417,Mixed,timer_il2_menten,0,0.05
0.7155320935438239,50.770000000004174,Mixed,timer_il2_menten,0,0.05
0.7138168700772278,50.78000000000417,Mixed,timer_il2_menten,0,0.05
0.7121057583639369,50.79000000000417,Mixed,timer_il2_menten,0,0.05
0.710398748570074,50.800000000004175,Mixed,timer_il2_menten,0,0.05
0.7086958308854232,50.81000000000418,Mixed,timer_il2_menten,0,0.05
0.7069969955233341,50.82000000000418,Mixed,timer_il2_menten,0,0.05
0.7053022327206279,50.830000000004176,Mixed,timer_il2_menten,0,0.05
0.7036115327375085,50.84000000000418,Mixed,timer_il2_menten,0,0.05
0.7019248858574734,50.85000000000419,Mixed,timer_il2_menten,0,0.05
0.7002422823872174,50.860000000004185,Mixed,timer_il2_menten,0,0.05
0.6985637126565407,50.87000000000418,Mixed,timer_il2_menten,0,0.05
0.6968891670182582,50.88000000000419,Mixed,timer_il2_menten,0,0.05
0.6952186358481101,50.89000000000419,Mixed,timer_il2_menten,0,0.05
0.6935521095446682,50.90000000000419,Mixed,timer_il2_menten,0,0.05
0.6918895785292412,50.91000000000419,Mixed,timer_il2_menten,0,0.05
0.6902310332457854,50.920000000004194,Mixed,timer_il2_menten,0,0.05
0.6885764641608147,50.9300000000042,Mixed,timer_il2_menten,0,0.05
0.6869258617633077,50.9400000000042,Mixed,timer_il2_menten,0,0.05
0.6852792165635018,50.950000000004195,Mixed,timer_il2_menten,0,0.05
0.6836365190099465,50.9600000000042,Mixed,timer_il2_menten,0,0.05
0.6819977595982798,50.970000000004205,Mixed,timer_il2_menten,0,0.05
0.680362928896366,50.9800000000042,Mixed,timer_il2_menten,0,0.05
0.6787320174937619,50.9900000000042,Mixed,timer_il2_menten,0,0.05
0.6771050160016234,51.000000000004206,Mixed,timer_il2_menten,0,0.05
0.6754819150526139,51.01000000000421,Mixed,timer_il2_menten,0,0.05
0.6738627053008037,51.02000000000421,Mixed,timer_il2_menten,0,0.05
0.6722473774215743,51.03000000000421,Mixed,timer_il2_menten,0,0.05
0.670635922111523,51.04000000000421,Mixed,timer_il2_menten,0,0.05
0.6690283300883715,51.05000000000422,Mixed,timer_il2_menten,0,0.05
0.6674245920908658,51.060000000004216,Mixed,timer_il2_menten,0,0.05
0.6658246988786798,51.070000000004214,Mixed,timer_il2_menten,0,0.05
0.6642286412323213,51.08000000000422,Mixed,timer_il2_menten,0,0.05
0.6626364099530382,51.090000000004224,Mixed,timer_il2_menten,0,0.05
0.6610479958627213,51.10000000000422,Mixed,timer_il2_menten,0,0.05
0.659463389803806,51.11000000000422,Mixed,timer_il2_menten,0,0.05
0.657882582639178,51.120000000004225,Mixed,timer_il2_menten,0,0.05
0.6563055652520808,51.13000000000423,Mixed,timer_il2_menten,0,0.05
0.6547323285460181,51.14000000000423,Mixed,timer_il2_menten,0,0.05
0.6531628634446547,51.150000000004226,Mixed,timer_il2_menten,0,0.05
0.6515971608917237,51.16000000000423,Mixed,timer_il2_menten,0,0.05
0.6500352118509326,51.17000000000424,Mixed,timer_il2_menten,0,0.05
0.6484770073058661,51.180000000004235,Mixed,timer_il2_menten,0,0.05
0.6469225382598875,51.19000000000423,Mixed,timer_il2_menten,0,0.05
0.6453717957360454,51.20000000000424,Mixed,timer_il2_menten,0,0.05
0.64382477077698,51.21000000000424,Mixed,timer_il2_menten,0,0.05
0.6422814544448255,51.22000000000424,Mixed,timer_il2_menten,0,0.05
0.6407418378211125,51.23000000000424,Mixed,timer_il2_menten,0,0.05
0.6392059120066731,51.240000000004244,Mixed,timer_il2_menten,0,0.05
0.637673668121549,51.25000000000425,Mixed,timer_il2_menten,0,0.05
0.6361450973048929,51.26000000000425,Mixed,timer_il2_menten,0,0.05
0.6346201907148702,51.270000000004245,Mixed,timer_il2_menten,0,0.05
0.633098939528566,51.28000000000425,Mixed,timer_il2_menten,0,0.05
0.6315813349418917,51.290000000004255,Mixed,timer_il2_menten,0,0.05
0.6300673681694866,51.30000000000425,Mixed,timer_il2_menten,0,0.05
0.6285570304446202,51.31000000000425,Mixed,timer_il2_menten,0,0.05
0.6270503130190987,51.320000000004256,Mixed,timer_il2_menten,0,0.05
0.6255472071631717,51.33000000000426,Mixed,timer_il2_menten,0,0.05
0.6240477041654338,51.34000000000426,Mixed,timer_il2_menten,0,0.05
0.6225517953327271,51.35000000000426,Mixed,timer_il2_menten,0,0.05
0.6210594719900475,51.36000000000426,Mixed,timer_il2_menten,0,0.05
0.6195707254804512,51.37000000000427,Mixed,timer_il2_menten,0,0.05
0.6180855471649569,51.380000000004266,Mixed,timer_il2_menten,0,0.05
0.6166039284224474,51.390000000004264,Mixed,timer_il2_menten,0,0.05
0.615125860649577,51.40000000000427,Mixed,timer_il2_menten,0,0.05
0.6136513352606773,51.410000000004274,Mixed,timer_il2_menten,0,0.05
0.6121803436876591,51.42000000000427,Mixed,timer_il2_menten,0,0.05
0.610712877379915,51.43000000000427,Mixed,timer_il2_menten,0,0.05
0.6092489278042259,51.440000000004275,Mixed,timer_il2_menten,0,0.05
0.6077884864446673,51.45000000000428,Mixed,timer_il2_menten,0,0.05
0.6063315448025111,51.46000000000428,Mixed,timer_il2_menten,0,0.05
0.6048780944040261,51.470000000004276,Mixed,timer_il2_menten,0,0.05
0.6034281271332773,51.48000000000428,Mixed,timer_il2_menten,0,0.05
0.6019816348641673,51.49000000000429,Mixed,timer_il2_menten,0,0.05
0.6005386093730777,51.500000000004285,Mixed,timer_il2_menten,0,0.05
0.5990990424818409,51.51000000000428,Mixed,timer_il2_menten,0,0.05
0.5976629260592476,51.52000000000429,Mixed,timer_il2_menten,0,0.05
0.5962302520225518,51.53000000000429,Mixed,timer_il2_menten,0,0.05
0.5948010123389713,51.54000000000429,Mixed,timer_il2_menten,0,0.05
0.5933751990271915,51.55000000000429,Mixed,timer_il2_menten,0,0.05
0.5919528041588694,51.560000000004294,Mixed,timer_il2_menten,0,0.05
0.5905338198601398,51.5700000000043,Mixed,timer_il2_menten,0,0.05
0.5891182380656914,51.5800000000043,Mixed,timer_il2_menten,0,0.05
0.5877060500052522,51.590000000004295,Mixed,timer_il2_menten,0,0.05
0.5862972474812196,51.6000000000043,Mixed,timer_il2_menten,0,0.05
0.5848918223522106,51.610000000004305,Mixed,timer_il2_menten,0,0.05
0.5834897664719705,51.6200000000043,Mixed,timer_il2_menten,0,0.05
0.5820910716872507,51.6300000000043,Mixed,timer_il2_menten,0,0.05
0.5806957298356885,51.64000000000431,Mixed,timer_il2_menten,0,0.05
0.5793037327436862,51.65000000000431,Mixed,timer_il2_menten,0,0.05
0.5779150722242895,51.66000000000431,Mixed,timer_il2_menten,0,0.05
0.5765297400750622,51.67000000000431,Mixed,timer_il2_menten,0,0.05
0.5751477280837088,51.68000000000431,Mixed,timer_il2_menten,0,0.05
0.5737690285920608,51.69000000000432,Mixed,timer_il2_menten,0,0.05
0.5723936339324623,51.700000000004316,Mixed,timer_il2_menten,0,0.05
0.5710215361835227,51.710000000004314,Mixed,timer_il2_menten,0,0.05
0.569652727448436,51.72000000000432,Mixed,timer_il2_menten,0,0.05
0.5682871998556889,51.730000000004324,Mixed,timer_il2_menten,0,0.05
0.566924945559764,51.74000000000432,Mixed,timer_il2_menten,0,0.05
0.5655659567418452,51.75000000000432,Mixed,timer_il2_menten,0,0.05
0.5642102256105237,51.760000000004325,Mixed,timer_il2_menten,0,0.05
0.5628577444025075,51.77000000000433,Mixed,timer_il2_menten,0,0.05
0.5615085053833242,51.78000000000433,Mixed,timer_il2_menten,0,0.05
0.5601625008036311,51.790000000004326,Mixed,timer_il2_menten,0,0.05
0.5588197227782548,51.80000000000433,Mixed,timer_il2_menten,0,0.05
0.5574801635570509,51.81000000000434,Mixed,timer_il2_menten,0,0.05
0.5561438154241344,51.820000000004335,Mixed,timer_il2_menten,0,0.05
0.5548106706820565,51.83000000000433,Mixed,timer_il2_menten,0,0.05
0.5534807216517572,51.84000000000434,Mixed,timer_il2_menten,0,0.05
0.5521539606725174,51.85000000000434,Mixed,timer_il2_menten,0,0.05
0.5508303801019053,51.86000000000434,Mixed,timer_il2_menten,0,0.05
0.5495099723157257,51.87000000000434,Mixed,timer_il2_menten,0,0.05
0.548192729707971,51.880000000004344,Mixed,timer_il2_menten,0,0.05
0.5468786446907801,51.89000000000435,Mixed,timer_il2_menten,0,0.05
0.545567709695614,51.90000000000435,Mixed,timer_il2_menten,0,0.05
0.5442599171721426,51.910000000004345,Mixed,timer_il2_menten,0,0.05
0.5429552595874334,51.92000000000435,Mixed,timer_il2_menten,0,0.05
0.5416537294266074,51.930000000004355,Mixed,timer_il2_menten,0,0.05
0.5403553191927938,51.94000000000435,Mixed,timer_il2_menten,0,0.05
0.5390600214070845,51.95000000000435,Mixed,timer_il2_menten,0,0.05
0.5377678286084926,51.96000000000436,Mixed,timer_il2_menten,0,0.05
0.5364787333539094,51.97000000000436,Mixed,timer_il2_menten,0,0.05
0.5351927282180599,51.98000000000436,Mixed,timer_il2_menten,0,0.05
0.5339098057934563,51.99000000000436,Mixed,timer_il2_menten,0,0.05
0.5326299586557265,52.00000000000436,Mixed,timer_il2_menten,0,0.05
0.5313531795168047,52.01000000000437,Mixed,timer_il2_menten,0,0.05
0.5300794609684136,52.020000000004366,Mixed,timer_il2_menten,0,0.05
0.5288087956754773,52.030000000004364,Mixed,timer_il2_menten,0,0.05
0.5275411763201748,52.04000000000437,Mixed,timer_il2_menten,0,0.05
0.5262765956019408,52.050000000004374,Mixed,timer_il2_menten,0,0.05
0.5250150462374649,52.06000000000437,Mixed,timer_il2_menten,0,0.05
0.5237565209606885,52.07000000000437,Mixed,timer_il2_menten,0,0.05
0.5225010125228079,52.080000000004375,Mixed,timer_il2_menten,0,0.05
0.5212485136922754,52.09000000000438,Mixed,timer_il2_menten,0,0.05
0.5199990172547975,52.10000000000438,Mixed,timer_il2_menten,0,0.05
0.5187525160130929,52.110000000004376,Mixed,timer_il2_menten,0,0.05
0.5175090027870544,52.12000000000438,Mixed,timer_il2_menten,0,0.05
0.5162684704139651,52.13000000000439,Mixed,timer_il2_menten,0,0.05
0.5150309117483416,52.140000000004385,Mixed,timer_il2_menten,0,0.05
0.5137963196619328,52.15000000000438,Mixed,timer_il2_menten,0,0.05
0.5125646870437213,52.16000000000439,Mixed,timer_il2_menten,0,0.05
0.5113360067999245,52.17000000000439,Mixed,timer_il2_menten,0,0.05
0.510110271853561,52.18000000000439,Mixed,timer_il2_menten,0,0.05
0.5088874751426534,52.19000000000439,Mixed,timer_il2_menten,0,0.05
0.5076676096236064,52.200000000004394,Mixed,timer_il2_menten,0,0.05
0.5064506682701813,52.2100000000044,Mixed,timer_il2_menten,0,0.05
0.5052366440732278,52.2200000000044,Mixed,timer_il2_menten,0,0.05
0.5040255300406814,52.230000000004395,Mixed,timer_il2_menten,0,0.05
0.5028173191975656,52.2400000000044,Mixed,timer_il2_menten,0,0.05
0.5016120045859889,52.250000000004405,Mixed,timer_il2_menten,0,0.05
0.500409579261746,52.2600000000044,Mixed,timer_il2_menten,0,0.05
0.49921003629656846,52.2700000000044,Mixed,timer_il2_menten,0,0.05
0.49801336878118285,52.28000000000441,Mixed,timer_il2_menten,0,0.05
0.49681956982311315,52.29000000000441,Mixed,timer_il2_menten,0,0.05
0.49562863254667744,52.30000000000441,Mixed,timer_il2_menten,0,0.05
0.4944405500929886,52.31000000000441,Mixed,timer_il2_menten,0,0.05
0.4932553156199531,52.32000000000441,Mixed,timer_il2_menten,0,0.05
0.49207292230138433,52.33000000000442,Mixed,timer_il2_menten,0,0.05
0.4908933633233148,52.340000000004416,Mixed,timer_il2_menten,0,0.05
0.48971663189092857,52.350000000004414,Mixed,timer_il2_menten,0,0.05
0.4885427212264545,52.36000000000442,Mixed,timer_il2_menten,0,0.05
0.4873716245686187,52.370000000004424,Mixed,timer_il2_menten,0,0.05
0.4862033351726431,52.38000000000442,Mixed,timer_il2_menten,0,0.05
0.48503784631024305,52.39000000000442,Mixed,timer_il2_menten,0,0.05
0.48387514918303287,52.400000000004425,Mixed,timer_il2_menten,0,0.05
0.48271524217912426,52.41000000000443,Mixed,timer_il2_menten,0,0.05
0.481558115275891,52.42000000000443,Mixed,timer_il2_menten,0,0.05
0.4804037619048702,52.430000000004426,Mixed,timer_il2_menten,0,0.05
0.47925217549759896,52.44000000000443,Mixed,timer_il2_menten,0,0.05
0.4781033494856159,52.45000000000444,Mixed,timer_il2_menten,0,0.05
0.47695727730045967,52.460000000004435,Mixed,timer_il2_menten,0,0.05
0.47581395237366725,52.47000000000443,Mixed,timer_il2_menten,0,0.05
0.4746733681525712,52.48000000000444,Mixed,timer_il2_menten,0,0.05
0.4735355181575696,52.49000000000444,Mixed,timer_il2_menten,0,0.05
0.472400395852981,52.50000000000444,Mixed,timer_il2_menten,0,0.05
0.47126799469277325,52.51000000000444,Mixed,timer_il2_menten,0,0.05
0.47013830813091434,52.520000000004444,Mixed,timer_il2_menten,0,0.05
0.46901132962137404,52.53000000000445,Mixed,timer_il2_menten,0,0.05
0.4678870526181217,52.54000000000445,Mixed,timer_il2_menten,0,0.05
0.46676547057512574,52.550000000004445,Mixed,timer_il2_menten,0,0.05
0.46564657694635364,52.56000000000445,Mixed,timer_il2_menten,0,0.05
0.4645303652253479,52.570000000004455,Mixed,timer_il2_menten,0,0.05
0.4634168293126354,52.58000000000445,Mixed,timer_il2_menten,0,0.05
0.4623059628808347,52.59000000000445,Mixed,timer_il2_menten,0,0.05
0.46119775950215874,52.60000000000446,Mixed,timer_il2_menten,0,0.05
0.4600922127488219,52.61000000000446,Mixed,timer_il2_menten,0,0.05
0.45898931619303884,52.62000000000446,Mixed,timer_il2_menten,0,0.05
0.4578890634070223,52.63000000000446,Mixed,timer_il2_menten,0,0.05
0.4567914479629853,52.64000000000446,Mixed,timer_il2_menten,0,0.05
0.45569646343314246,52.65000000000447,Mixed,timer_il2_menten,0,0.05
0.4546041034041129,52.660000000004466,Mixed,timer_il2_menten,0,0.05
0.4535143619159907,52.670000000004464,Mixed,timer_il2_menten,0,0.05
0.45242723286937936,52.68000000000447,Mixed,timer_il2_menten,0,0.05
0.4513427099764178,52.690000000004474,Mixed,timer_il2_menten,0,0.05
0.45026078694924465,52.70000000000447,Mixed,timer_il2_menten,0,0.05
0.44918145749999727,52.71000000000447,Mixed,timer_il2_menten,0,0.05
0.44810471534081286,52.720000000004475,Mixed,timer_il2_menten,0,0.05
0.4470305541838304,52.73000000000448,Mixed,timer_il2_menten,0,0.05
0.4459589677411884,52.74000000000448,Mixed,timer_il2_menten,0,0.05
0.44488994972562457,52.750000000004476,Mixed,timer_il2_menten,0,0.05
0.4438234942149286,52.76000000000448,Mixed,timer_il2_menten,0,0.05
0.4427595953248635,52.77000000000449,Mixed,timer_il2_menten,0,0.05
0.44169824690438614,52.780000000004485,Mixed,timer_il2_menten,0,0.05
0.44063944280245193,52.79000000000448,Mixed,timer_il2_menten,0,0.05
0.4395831768680161,52.80000000000449,Mixed,timer_il2_menten,0,0.05
0.43852944295003576,52.81000000000449,Mixed,timer_il2_menten,0,0.05
0.4374782348974674,52.82000000000449,Mixed,timer_il2_menten,0,0.05
0.4364295465592668,52.83000000000449,Mixed,timer_il2_menten,0,0.05
0.435383371784389,52.840000000004494,Mixed,timer_il2_menten,0,0.05
0.43433970467275523,52.8500000000045,Mixed,timer_il2_menten,0,0.05
0.43329853954858943,52.8600000000045,Mixed,timer_il2_menten,0,0.05
0.4322598703992885,52.870000000004495,Mixed,timer_il2_menten,0,0.05
0.4312236912076507,52.8800000000045,Mixed,timer_il2_menten,0,0.05
0.43018999595647633,52.890000000004505,Mixed,timer_il2_menten,0,0.05
0.42915877862856505,52.9000000000045,Mixed,timer_il2_menten,0,0.05
0.4281300332067155,52.9100000000045,Mixed,timer_il2_menten,0,0.05
0.4271037536737263,52.92000000000451,Mixed,timer_il2_menten,0,0.05
0.4260799340123972,52.93000000000451,Mixed,timer_il2_menten,0,0.05
0.42505856836475475,52.94000000000451,Mixed,timer_il2_menten,0,0.05
0.4240396512228429,52.95000000000451,Mixed,timer_il2_menten,0,0.05
0.42302317672503725,52.96000000000451,Mixed,timer_il2_menten,0,0.05
0.42200913898507075,52.97000000000452,Mixed,timer_il2_menten,0,0.05
0.42099753211667607,52.980000000004516,Mixed,timer_il2_menten,0,0.05
0.4199883502335846,52.990000000004514,Mixed,timer_il2_menten,0,0.05
0.4189815874495276,53.00000000000452,Mixed,timer_il2_menten,0,0.05
0.41797723787823804,53.010000000004524,Mixed,timer_il2_menten,0,0.05
0.4169752956334486,53.02000000000452,Mixed,timer_il2_menten,0,0.05
0.4159757549190833,53.03000000000452,Mixed,timer_il2_menten,0,0.05
0.4149786103562755,53.040000000004525,Mixed,timer_il2_menten,0,0.05
0.41398385624593376,53.05000000000453,Mixed,timer_il2_menten,0,0.05
0.41299148682987485,53.06000000000453,Mixed,timer_il2_menten,0,0.05
0.41200149634991384,53.070000000004526,Mixed,timer_il2_menten,0,0.05
0.4110138790478656,53.08000000000453,Mixed,timer_il2_menten,0,0.05
0.41002862916554694,53.09000000000454,Mixed,timer_il2_menten,0,0.05
0.40904574094477425,53.100000000004535,Mixed,timer_il2_menten,0,0.05
0.40806520862736273,53.11000000000453,Mixed,timer_il2_menten,0,0.05
0.40708702989647466,53.12000000000454,Mixed,timer_il2_menten,0,0.05
0.40611119136582907,53.13000000000454,Mixed,timer_il2_menten,0,0.05
0.4051376926266438,53.14000000000454,Mixed,timer_il2_menten,0,0.05
0.4041665279463901,53.15000000000454,Mixed,timer_il2_menten,0,0.05
0.40319769160620844,53.160000000004544,Mixed,timer_il2_menten,0,0.05
0.40223117790090884,53.17000000000455,Mixed,timer_il2_menten,0,0.05
0.40126698113897086,53.18000000000455,Mixed,timer_il2_menten,0,0.05
0.4003050956425403,53.190000000004545,Mixed,timer_il2_menten,0,0.05
0.3993455157474327,53.20000000000455,Mixed,timer_il2_menten,0,0.05
0.3983882358205377,53.210000000004555,Mixed,timer_il2_menten,0,0.05
0.39743325076585556,53.22000000000455,Mixed,timer_il2_menten,0,0.05
0.3964805552680045,53.23000000000455,Mixed,timer_il2_menten,0,0.05
0.3955301437890251,53.24000000000456,Mixed,timer_il2_menten,0,0.05
0.39458201080660915,53.25000000000456,Mixed,timer_il2_menten,0,0.05
0.3936361508140972,53.26000000000456,Mixed,timer_il2_menten,0,0.05
0.3926925583204781,53.27000000000456,Mixed,timer_il2_menten,0,0.05
0.39175122785039024,53.28000000000456,Mixed,timer_il2_menten,0,0.05
0.3908121539441225,53.29000000000457,Mixed,timer_il2_menten,0,0.05
0.3898753311576133,53.300000000004566,Mixed,timer_il2_menten,0,0.05
0.38894075406244866,53.310000000004564,Mixed,timer_il2_menten,0,0.05
0.3880084172458647,53.32000000000457,Mixed,timer_il2_menten,0,0.05
0.38707831531074777,53.330000000004574,Mixed,timer_il2_menten,0,0.05
0.38615044287563394,53.34000000000457,Mixed,timer_il2_menten,0,0.05
0.3852247945747066,53.35000000000457,Mixed,timer_il2_menten,0,0.05
0.38430136505779955,53.360000000004575,Mixed,timer_il2_menten,0,0.05
0.3833801489903965,53.37000000000458,Mixed,timer_il2_menten,0,0.05
0.382461141053631,53.38000000000458,Mixed,timer_il2_menten,0,0.05
0.38154433594428416,53.39000000000458,Mixed,timer_il2_menten,0,0.05
0.38062972837478715,53.40000000000458,Mixed,timer_il2_menten,0,0.05
0.3797173130732214,53.41000000000459,Mixed,timer_il2_menten,0,0.05
0.3788070847833176,53.420000000004585,Mixed,timer_il2_menten,0,0.05
0.37789903826445487,53.43000000000458,Mixed,timer_il2_menten,0,0.05
0.3769931682916615,53.44000000000459,Mixed,timer_il2_menten,0,0.05
0.37608946965561674,53.45000000000459,Mixed,timer_il2_menten,0,0.05
0.3751879371626486,53.46000000000459,Mixed,timer_il2_menten,0,0.05
0.3742885656347338,53.47000000000459,Mixed,timer_il2_menten,0,0.05
0.3733913499094983,53.480000000004594,Mixed,timer_il2_menten,0,0.05
0.37249628484021835,53.4900000000046,Mixed,timer_il2_menten,0,0.05
0.37160336529582016,53.5000000000046,Mixed,timer_il2_menten,0,0.05
0.37071258616087766,53.510000000004595,Mixed,timer_il2_menten,0,0.05
0.3698239423356141,53.5200000000046,Mixed,timer_il2_menten,0,0.05
0.36893742873590374,53.530000000004605,Mixed,timer_il2_menten,0,0.05
0.36805304029327,53.5400000000046,Mixed,timer_il2_menten,0,0.05
0.36717077195488435,53.5500000000046,Mixed,timer_il2_menten,0,0.05
0.36629061849944083,53.56000000000461,Mixed,timer_il2_menten,0,0.05
0.36541257449318254,53.57000000000461,Mixed,timer_il2_menten,0,0.05
0.3645366348670776,53.58000000000461,Mixed,timer_il2_menten,0,0.05
0.36366279457806616,53.59000000000461,Mixed,timer_il2_menten,0,0.05
0.36279104859729827,53.60000000000461,Mixed,timer_il2_menten,0,0.05
0.3619213919101363,53.61000000000462,Mixed,timer_il2_menten,0,0.05
0.36105381951615223,53.620000000004616,Mixed,timer_il2_menten,0,0.05
0.36018832642912724,53.630000000004614,Mixed,timer_il2_menten,0,0.05
0.35932490767705316,53.64000000000462,Mixed,timer_il2_menten,0,0.05
0.35846355830213295,53.650000000004624,Mixed,timer_il2_menten,0,0.05
0.35760427336078016,53.66000000000462,Mixed,timer_il2_menten,0,0.05
0.3567470479236171,53.67000000000462,Mixed,timer_il2_menten,0,0.05
0.3558918770754769,53.680000000004625,Mixed,timer_il2_menten,0,0.05
0.35503875591540357,53.69000000000463,Mixed,timer_il2_menten,0,0.05
0.35418767955665204,53.70000000000463,Mixed,timer_il2_menten,0,0.05
0.3533386431266857,53.71000000000463,Mixed,timer_il2_menten,0,0.05
0.35249164176717884,53.72000000000463,Mixed,timer_il2_menten,0,0.05
0.351646670634017,53.73000000000464,Mixed,timer_il2_menten,0,0.05
0.35080372489729605,53.740000000004635,Mixed,timer_il2_menten,0,0.05
0.3499627997413207,53.75000000000463,Mixed,timer_il2_menten,0,0.05
0.34912389036460634,53.76000000000464,Mixed,timer_il2_menten,0,0.05
0.3482869919798799,53.77000000000464,Mixed,timer_il2_menten,0,0.05
0.34745209981407815,53.78000000000464,Mixed,timer_il2_menten,0,0.05
0.34661920910834737,53.79000000000464,Mixed,timer_il2_menten,0,0.05
0.3457883151180441,53.800000000004644,Mixed,timer_il2_menten,0,0.05
0.34495941311273626,53.81000000000465,Mixed,timer_il2_menten,0,0.05
0.344132498376202,53.82000000000465,Mixed,timer_il2_menten,0,0.05
0.343307566206429,53.830000000004645,Mixed,timer_il2_menten,0,0.05
0.3424846119156145,53.84000000000465,Mixed,timer_il2_menten,0,0.05
0.34166363083016826,53.850000000004655,Mixed,timer_il2_menten,0,0.05
0.34084461829070933,53.86000000000465,Mixed,timer_il2_menten,0,0.05
0.3400275696520664,53.87000000000465,Mixed,timer_il2_menten,0,0.05
0.33921248028327833,53.88000000000466,Mixed,timer_il2_menten,0,0.05
0.3383993455675957,53.89000000000466,Mixed,timer_il2_menten,0,0.05
0.3375881608287282,53.90000000000466,Mixed,timer_il2_menten,0,0.05
0.3367789207041566,53.91000000000466,Mixed,timer_il2_menten,0,0.05
0.33597162034176886,53.92000000000466,Mixed,timer_il2_menten,0,0.05
0.3351662550894826,53.93000000000467,Mixed,timer_il2_menten,0,0.05
0.3343628203068858,53.940000000004666,Mixed,timer_il2_menten,0,0.05
0.3335613113652366,53.950000000004664,Mixed,timer_il2_menten,0,0.05
0.3327617236474635,53.96000000000467,Mixed,timer_il2_menten,0,0.05
0.3319640525481671,53.970000000004674,Mixed,timer_il2_menten,0,0.05
0.33116829347361876,53.98000000000467,Mixed,timer_il2_menten,0,0.05
0.33037444184175946,53.99000000000467,Mixed,timer_il2_menten,0,0.05
0.32958249308220106,54.000000000004675,Mixed,timer_il2_menten,0,0.05
0.3287924426362272,54.01000000000468,Mixed,timer_il2_menten,0,0.05
0.32800428595679254,54.02000000000468,Mixed,timer_il2_menten,0,0.05
0.32721801850852106,54.03000000000468,Mixed,timer_il2_menten,0,0.05
0.3264336357677077,54.04000000000468,Mixed,timer_il2_menten,0,0.05
0.3256511332223194,54.05000000000469,Mixed,timer_il2_menten,0,0.05
0.3248705063719937,54.060000000004685,Mixed,timer_il2_menten,0,0.05
0.324091750728038,54.07000000000468,Mixed,timer_il2_menten,0,0.05
0.3233148618134303,54.08000000000469,Mixed,timer_il2_menten,0,0.05
0.32253983516282064,54.09000000000469,Mixed,timer_il2_menten,0,0.05
0.3217666663225297,54.10000000000469,Mixed,timer_il2_menten,0,0.05
0.320995350850548,54.11000000000469,Mixed,timer_il2_menten,0,0.05
0.3202258843165366,54.120000000004694,Mixed,timer_il2_menten,0,0.05
0.31945826230182883,54.1300000000047,Mixed,timer_il2_menten,0,0.05
0.31869248039942843,54.1400000000047,Mixed,timer_il2_menten,0,0.05
0.317928534214009,54.150000000004695,Mixed,timer_il2_menten,0,0.05
0.317166419361915,54.1600000000047,Mixed,timer_il2_menten,0,0.05
0.3164061314711626,54.170000000004705,Mixed,timer_il2_menten,0,0.05
0.3156476661814388,54.1800000000047,Mixed,timer_il2_menten,0,0.05
0.31489101914410034,54.1900000000047,Mixed,timer_il2_menten,0,0.05
0.31413618602217475,54.20000000000471,Mixed,timer_il2_menten,0,0.05
0.31338316249036136,54.21000000000471,Mixed,timer_il2_menten,0,0.05
0.3126319442350305,54.22000000000471,Mixed,timer_il2_menten,0,0.05
0.3118825269542217,54.23000000000471,Mixed,timer_il2_menten,0,0.05
0.31113490635764596,54.24000000000471,Mixed,timer_il2_menten,0,0.05
0.3103890779960701,54.25000000000472,Mixed,timer_il2_menten,0,0.05
0.30964503738807625,54.260000000004716,Mixed,timer_il2_menten,0,0.05
0.3089027802459414,54.270000000004714,Mixed,timer_il2_menten,0,0.05
0.30816230229290653,54.28000000000472,Mixed,timer_il2_menten,0,0.05
0.307423599262986,54.290000000004724,Mixed,timer_il2_menten,0,0.05
0.3066866669009659,54.30000000000472,Mixed,timer_il2_menten,0,0.05
0.3059515009624031,54.31000000000472,Mixed,timer_il2_menten,0,0.05
0.30521809721362647,54.320000000004725,Mixed,timer_il2_menten,0,0.05
0.30448645143173786,54.33000000000473,Mixed,timer_il2_menten,0,0.05
0.30375655940461077,54.34000000000473,Mixed,timer_il2_menten,0,0.05
0.3030284169308898,54.35000000000473,Mixed,timer_il2_menten,0,0.05
0.3023020198199913,54.36000000000473,Mixed,timer_il2_menten,0,0.05
0.3015773638921047,54.37000000000474,Mixed,timer_il2_menten,0,0.05
0.3008544449781911,54.380000000004735,Mixed,timer_il2_menten,0,0.05
0.3001332589199826,54.39000000000473,Mixed,timer_il2_menten,0,0.05
0.2994138015699832,54.40000000000474,Mixed,timer_il2_menten,0,0.05
0.29869606879146976,54.41000000000474,Mixed,timer_il2_menten,0,0.05
0.297980056458491,54.42000000000474,Mixed,timer_il2_menten,0,0.05
0.29726576045586667,54.43000000000474,Mixed,timer_il2_menten,0,0.05
0.29655317667918824,54.440000000004744,Mixed,timer_il2_menten,0,0.05
0.29584230103482,54.45000000000475,Mixed,timer_il2_menten,0,0.05
0.29513312943989856,54.46000000000475,Mixed,timer_il2_menten,0,0.05
0.2944256578223309,54.470000000004745,Mixed,timer_il2_menten,0,0.05
0.29371988212079614,54.48000000000475,Mixed,timer_il2_menten,0,0.05
0.2930157982847464,54.490000000004756,Mixed,timer_il2_menten,0,0.05
0.29231340227440544,54.50000000000475,Mixed,timer_il2_menten,0,0.05
0.29161269006076806,54.51000000000475,Mixed,timer_il2_menten,0,0.05
0.2909136576256009,54.52000000000476,Mixed,timer_il2_menten,0,0.05
0.2902163009614436,54.53000000000476,Mixed,timer_il2_menten,0,0.05
0.2895206160716075,54.54000000000476,Mixed,timer_il2_menten,0,0.05
0.2888265989701748,54.55000000000476,Mixed,timer_il2_menten,0,0.05
0.288134245682,54.56000000000476,Mixed,timer_il2_menten,0,0.05
0.2874435522427102,54.57000000000477,Mixed,timer_il2_menten,0,0.05
0.286754514698704,54.580000000004766,Mixed,timer_il2_menten,0,0.05
0.2860671290547986,54.590000000004764,Mixed,timer_il2_menten,0,0.05
0.28538139111068295,54.60000000000477,Mixed,timer_il2_menten,0,0.05
0.2846972968814072,54.610000000004774,Mixed,timer_il2_menten,0,0.05
0.28401484242528313,54.62000000000477,Mixed,timer_il2_menten,0,0.05
0.2833340238105387,54.63000000000477,Mixed,timer_il2_menten,0,0.05
0.2826548371153184,54.640000000004775,Mixed,timer_il2_menten,0,0.05
0.2819772784276853,54.65000000000478,Mixed,timer_il2_menten,0,0.05
0.2813013438456191,54.66000000000478,Mixed,timer_il2_menten,0,0.05
0.2806270294770156,54.67000000000478,Mixed,timer_il2_menten,0,0.05
0.27995433143968773,54.68000000000478,Mixed,timer_il2_menten,0,0.05
0.27928324586136644,54.69000000000479,Mixed,timer_il2_menten,0,0.05
0.27861376887969946,54.700000000004785,Mixed,timer_il2_menten,0,0.05
0.2779458966422507,54.71000000000478,Mixed,timer_il2_menten,0,0.05
0.2772796253065012,54.72000000000479,Mixed,timer_il2_menten,0,0.05
0.27661495103984973,54.73000000000479,Mixed,timer_il2_menten,0,0.05
0.2759518700196123,54.74000000000479,Mixed,timer_il2_menten,0,0.05
0.2752903784330208,54.75000000000479,Mixed,timer_il2_menten,0,0.05
0.2746304724772243,54.760000000004794,Mixed,timer_il2_menten,0,0.05
0.27397214835928974,54.7700000000048,Mixed,timer_il2_menten,0,0.05
0.273315402296201,54.7800000000048,Mixed,timer_il2_menten,0,0.05
0.2726602305148582,54.790000000004795,Mixed,timer_il2_menten,0,0.05
0.2720066292520783,54.8000000000048,Mixed,timer_il2_menten,0,0.05
0.2713545947545964,54.810000000004806,Mixed,timer_il2_menten,0,0.05
0.27070412327906446,54.820000000004804,Mixed,timer_il2_menten,0,0.05
0.27005521109205055,54.8300000000048,Mixed,timer_il2_menten,0,0.05
0.2694078544700398,54.84000000000481,Mixed,timer_il2_menten,0,0.05
0.2687620496994353,54.85000000000481,Mixed,timer_il2_menten,0,0.05
0.2681177930765571,54.86000000000481,Mixed,timer_il2_menten,0,0.05
0.2674750809076412,54.87000000000481,Mixed,timer_il2_menten,0,0.05
0.266833909508841,54.88000000000481,Mixed,timer_il2_menten,0,0.05
0.26619427520622746,54.89000000000482,Mixed,timer_il2_menten,0,0.05
0.2655561743357887,54.900000000004816,Mixed,timer_il2_menten,0,0.05
0.264919603243429,54.910000000004814,Mixed,timer_il2_menten,0,0.05
0.2642845582849695,54.92000000000482,Mixed,timer_il2_menten,0,0.05
0.26365103582335186,54.930000000004824,Mixed,timer_il2_menten,0,0.05
0.26301903204676375,54.94000000000482,Mixed,timer_il2_menten,0,0.05
0.2623885432074692,54.95000000000482,Mixed,timer_il2_menten,0,0.05
0.2617595656723796,54.960000000004825,Mixed,timer_il2_menten,0,0.05
0.2611320958174798,54.97000000000483,Mixed,timer_il2_menten,0,0.05
0.26050613002782746,54.98000000000483,Mixed,timer_il2_menten,0,0.05
0.25988166469755225,54.99000000000483,Mixed,timer_il2_menten,0,0.05
0.25925869622985626,55.00000000000483,Mixed,timer_il2_menten,0,0.05
0.2586372210370157,55.01000000000484,Mixed,timer_il2_menten,0,0.05
0.25801723554037914,55.020000000004835,Mixed,timer_il2_menten,0,0.05
0.2573987361703674,55.03000000000483,Mixed,timer_il2_menten,0,0.05
0.2567817193664738,55.04000000000484,Mixed,timer_il2_menten,0,0.05
0.25616618157726534,55.05000000000484,Mixed,timer_il2_menten,0,0.05
0.25555211926038196,55.06000000000484,Mixed,timer_il2_menten,0,0.05
0.25493952888253535,55.07000000000484,Mixed,timer_il2_menten,0,0.05
0.25432840691951,55.080000000004844,Mixed,timer_il2_menten,0,0.05
0.25371874985616394,55.09000000000485,Mixed,timer_il2_menten,0,0.05
0.25311055418642825,55.10000000000485,Mixed,timer_il2_menten,0,0.05
0.25250381641330555,55.110000000004845,Mixed,timer_il2_menten,0,0.05
0.2518985330488716,55.12000000000485,Mixed,timer_il2_menten,0,0.05
0.2512947006142755,55.130000000004856,Mixed,timer_il2_menten,0,0.05
0.25069231563973926,55.140000000004854,Mixed,timer_il2_menten,0,0.05
0.2500913746645567,55.15000000000485,Mixed,timer_il2_menten,0,0.05
0.24949187423709462,55.16000000000486,Mixed,timer_il2_menten,0,0.05
0.2488938109147933,55.17000000000486,Mixed,timer_il2_menten,0,0.05
0.2482971812641656,55.18000000000486,Mixed,timer_il2_menten,0,0.05
0.24770198186079675,55.19000000000486,Mixed,timer_il2_menten,0,0.05
0.2471082092893443,55.20000000000486,Mixed,timer_il2_menten,0,0.05
0.24651586014353977,55.21000000000487,Mixed,timer_il2_menten,0,0.05
0.24592493102618707,55.220000000004866,Mixed,timer_il2_menten,0,0.05
0.24533541854916252,55.230000000004864,Mixed,timer_il2_menten,0,0.05
0.24474731933341476,55.24000000000487,Mixed,timer_il2_menten,0,0.05
0.24416063000896635,55.250000000004874,Mixed,timer_il2_menten,0,0.05
0.24357534711710965,55.26000000000487,Mixed,timer_il2_menten,0,0.05
0.24299146716315978,55.27000000000487,Mixed,timer_il2_menten,0,0.05
0.2424089867821746,55.280000000004875,Mixed,timer_il2_menten,0,0.05
0.2418279026182542,55.29000000000488,Mixed,timer_il2_menten,0,0.05
0.24124821132393012,55.30000000000488,Mixed,timer_il2_menten,0,0.05
0.24066990956016446,55.31000000000488,Mixed,timer_il2_menten,0,0.05
0.24009299399635087,55.32000000000488,Mixed,timer_il2_menten,0,0.05
0.23951746131031537,55.33000000000489,Mixed,timer_il2_menten,0,0.05
0.23894330818831527,55.340000000004885,Mixed,timer_il2_menten,0,0.05
0.23837053132503863,55.35000000000488,Mixed,timer_il2_menten,0,0.05
0.2377991274236051,55.36000000000489,Mixed,timer_il2_menten,0,0.05
0.2372290931955664,55.37000000000489,Mixed,timer_il2_menten,0,0.05
0.23666042536090584,55.38000000000489,Mixed,timer_il2_menten,0,0.05
0.23609312064803728,55.39000000000489,Mixed,timer_il2_menten,0,0.05
0.2355271757938062,55.400000000004894,Mixed,timer_il2_menten,0,0.05
0.23496258754349025,55.4100000000049,Mixed,timer_il2_menten,0,0.05
0.2343993526507986,55.4200000000049,Mixed,timer_il2_menten,0,0.05
0.23383746787787107,55.430000000004895,Mixed,timer_il2_menten,0,0.05
0.2332769299952789,55.4400000000049,Mixed,timer_il2_menten,0,0.05
0.23271773578202576,55.450000000004906,Mixed,timer_il2_menten,0,0.05
0.23215988202554655,55.460000000004904,Mixed,timer_il2_menten,0,0.05
0.23160336552170702,55.4700000000049,Mixed,timer_il2_menten,0,0.05
0.23104818307480438,55.48000000000491,Mixed,timer_il2_menten,0,0.05
0.230494331497568,55.49000000000491,Mixed,timer_il2_menten,0,0.05
0.22994180761115884,55.50000000000491,Mixed,timer_il2_menten,0,0.05
0.22939060824516838,55.51000000000491,Mixed,timer_il2_menten,0,0.05
0.22884073023761975,55.52000000000491,Mixed,timer_il2_menten,0,0.05
0.22829217043496827,55.53000000000492,Mixed,timer_il2_menten,0,0.05
0.2277449256921006,55.540000000004916,Mixed,timer_il2_menten,0,0.05
0.2271989928723344,55.550000000004914,Mixed,timer_il2_menten,0,0.05
0.22665436884741838,55.56000000000492,Mixed,timer_il2_menten,0,0.05
0.22611105049753388,55.570000000004924,Mixed,timer_il2_menten,0,0.05
0.2255690346876127,55.58000000000492,Mixed,timer_il2_menten,0,0.05
0.22502831823202102,55.59000000000492,Mixed,timer_il2_menten,0,0.05
0.2244888979953588,55.600000000004925,Mixed,timer_il2_menten,0,0.05
0.22395077084989679,55.61000000000493,Mixed,timer_il2_menten,0,0.05
0.223413933672205,55.62000000000493,Mixed,timer_il2_menten,0,0.05
0.22287838334315213,55.63000000000493,Mixed,timer_il2_menten,0,0.05
0.2223441167479061,55.64000000000493,Mixed,timer_il2_menten,0,0.05
0.22181113077593495,55.65000000000494,Mixed,timer_il2_menten,0,0.05
0.22127942236155318,55.660000000004935,Mixed,timer_il2_menten,0,0.05
0.220748988496952,55.67000000000493,Mixed,timer_il2_menten,0,0.05
0.22021982613069363,55.68000000000494,Mixed,timer_il2_menten,0,0.05
0.21969193221943162,55.69000000000494,Mixed,timer_il2_menten,0,0.05
0.21916530372901286,55.70000000000494,Mixed,timer_il2_menten,0,0.05
0.21863993763447748,55.71000000000494,Mixed,timer_il2_menten,0,0.05
0.21811583092005904,55.720000000004944,Mixed,timer_il2_menten,0,0.05
0.21759298057918558,55.73000000000495,Mixed,timer_il2_menten,0,0.05
0.21707138359231404,55.74000000000495,Mixed,timer_il2_menten,0,0.05
0.21655103693694455,55.750000000004945,Mixed,timer_il2_menten,0,0.05
0.2160319376158368,55.76000000000495,Mixed,timer_il2_menten,0,0.05
0.21551408263899674,55.770000000004956,Mixed,timer_il2_menten,0,0.05
0.21499746902367262,55.780000000004954,Mixed,timer_il2_menten,0,0.05
0.21448209379435446,55.79000000000495,Mixed,timer_il2_menten,0,0.05
0.21396795398277457,55.80000000000496,Mixed,timer_il2_menten,0,0.05
0.2134550466278936,55.81000000000496,Mixed,timer_il2_menten,0,0.05
0.21294336877461767,55.82000000000496,Mixed,timer_il2_menten,0,0.05
0.21243291747500032,55.83000000000496,Mixed,timer_il2_menten,0,0.05
0.2119236897888843,55.84000000000496,Mixed,timer_il2_menten,0,0.05
0.21141568278326467,55.85000000000497,Mixed,timer_il2_menten,0,0.05
0.21090889353228864,55.860000000004966,Mixed,timer_il2_menten,0,0.05
0.21040331911725413,55.870000000004964,Mixed,timer_il2_menten,0,0.05
0.20989895662661134,55.88000000000497,Mixed,timer_il2_menten,0,0.05
0.20939580218006576,55.890000000004974,Mixed,timer_il2_menten,0,0.05
0.20889385525050277,55.90000000000497,Mixed,timer_il2_menten,0,0.05
0.2083931113959392,55.91000000000497,Mixed,timer_il2_menten,0,0.05
0.20789356777496204,55.920000000004976,Mixed,timer_il2_menten,0,0.05
0.2073952215461588,55.93000000000498,Mixed,timer_il2_menten,0,0.05
0.20689806986811704,55.94000000000498,Mixed,timer_il2_menten,0,0.05
0.20640210989942365,55.95000000000498,Mixed,timer_il2_menten,0,0.05
0.20590733879866563,55.96000000000498,Mixed,timer_il2_menten,0,0.05
0.20541375372805645,55.97000000000499,Mixed,timer_il2_menten,0,0.05
0.2049213518829244,55.980000000004985,Mixed,timer_il2_menten,0,0.05
0.2044301304390881,55.99000000000498,Mixed,timer_il2_menten,0,0.05
0.20394008656476165,56.00000000000499,Mixed,timer_il2_menten,0,0.05
0.20345121742815964,56.01000000000499,Mixed,timer_il2_menten,0,0.05
0.20296352019749667,56.02000000000499,Mixed,timer_il2_menten,0,0.05
0.20247699204098674,56.03000000000499,Mixed,timer_il2_menten,0,0.05
0.20199163012684385,56.040000000004994,Mixed,timer_il2_menten,0,0.05
0.2015074316232826,56.050000000005,Mixed,timer_il2_menten,0,0.05
0.20102439370498615,56.060000000005,Mixed,timer_il2_menten,0,0.05
0.20054251371489518,56.070000000004995,Mixed,timer_il2_menten,0,0.05
0.20006178893746324,56.080000000005,Mixed,timer_il2_menten,0,0.05
0.199582216592043,56.090000000005006,Mixed,timer_il2_menten,0,0.05
0.19910379389798732,56.100000000005004,Mixed,timer_il2_menten,0,0.05
0.19862651807464782,56.11000000000501,Mixed,timer_il2_menten,0,0.05
0.1981503863413776,56.12000000000501,Mixed,timer_il2_menten,0,0.05
0.19767539591752875,56.130000000005005,Mixed,timer_il2_menten,0,0.05
0.19720154402245324,56.14000000000501,Mixed,timer_il2_menten,0,0.05
0.19672882787611684,56.150000000005015,Mixed,timer_il2_menten,0,0.05
0.196257244865987,56.16000000000501,Mixed,timer_il2_menten,0,0.05
0.19578679238466637,56.17000000000501,Mixed,timer_il2_menten,0,0.05
0.19531746771203817,56.180000000005016,Mixed,timer_il2_menten,0,0.05
0.19484926812798614,56.19000000000502,Mixed,timer_il2_menten,0,0.05
0.19438219091239395,56.20000000000502,Mixed,timer_il2_menten,0,0.05
0.19391623334514474,56.21000000000502,Mixed,timer_il2_menten,0,0.05
0.1934513927061216,56.22000000000502,Mixed,timer_il2_menten,0,0.05
0.19298766627520827,56.23000000000503,Mixed,timer_il2_menten,0,0.05
0.19252505133228856,56.240000000005026,Mixed,timer_il2_menten,0,0.05
0.1920635452742061,56.25000000000502,Mixed,timer_il2_menten,0,0.05
0.191603145587049,56.26000000000503,Mixed,timer_il2_menten,0,0.05
0.19114384961124453,56.270000000005034,Mixed,timer_il2_menten,0,0.05
0.19068565468586368,56.28000000000503,Mixed,timer_il2_menten,0,0.05
0.19022855814997663,56.29000000000503,Mixed,timer_il2_menten,0,0.05
0.18977255734265386,56.300000000005035,Mixed,timer_il2_menten,0,0.05
0.18931764960296626,56.31000000000504,Mixed,timer_il2_menten,0,0.05
0.18886383226998482,56.32000000000504,Mixed,timer_il2_menten,0,0.05
0.18841110268277989,56.330000000005036,Mixed,timer_il2_menten,0,0.05
0.18795945825550825,56.34000000000504,Mixed,timer_il2_menten,0,0.05
0.1875088965506923,56.350000000005046,Mixed,timer_il2_menten,0,0.05
0.18705941497458092,56.360000000005044,Mixed,timer_il2_menten,0,0.05
0.18661101092414456,56.37000000000504,Mixed,timer_il2_menten,0,0.05
0.18616368179635392,56.38000000000505,Mixed,timer_il2_menten,0,0.05
0.1857174249881802,56.39000000000505,Mixed,timer_il2_menten,0,0.05
0.18527223789659464,56.40000000000505,Mixed,timer_il2_menten,0,0.05
0.18482811791856774,56.41000000000505,Mixed,timer_il2_menten,0,0.05
0.18438506245107023,56.420000000005054,Mixed,timer_il2_menten,0,0.05
0.18394306893441587,56.43000000000506,Mixed,timer_il2_menten,0,0.05
0.18350213499027057,56.44000000000506,Mixed,timer_il2_menten,0,0.05
0.1830622580958911,56.450000000005055,Mixed,timer_il2_menten,0,0.05
0.18262343570488931,56.46000000000506,Mixed,timer_il2_menten,0,0.05
0.1821856652708777,56.470000000005065,Mixed,timer_il2_menten,0,0.05
0.18174894424746874,56.48000000000506,Mixed,timer_il2_menten,0,0.05
0.18131327008827436,56.49000000000506,Mixed,timer_il2_menten,0,0.05
0.18087864024690642,56.500000000005066,Mixed,timer_il2_menten,0,0.05
0.1804450521769774,56.51000000000507,Mixed,timer_il2_menten,0,0.05
0.18001250335296923,56.52000000000507,Mixed,timer_il2_menten,0,0.05
0.17958099143995565,56.53000000000507,Mixed,timer_il2_menten,0,0.05
0.1791505139907264,56.54000000000507,Mixed,timer_il2_menten,0,0.05
0.17872106851430283,56.55000000000508,Mixed,timer_il2_menten,0,0.05
0.17829265251970616,56.560000000005076,Mixed,timer_il2_menten,0,0.05
0.17786526351595705,56.570000000005074,Mixed,timer_il2_menten,0,0.05
0.17743889901207624,56.58000000000508,Mixed,timer_il2_menten,0,0.05
0.17701355651708495,56.590000000005084,Mixed,timer_il2_menten,0,0.05
0.1765892335400044,56.60000000000508,Mixed,timer_il2_menten,0,0.05
0.17616592916608337,56.61000000000508,Mixed,timer_il2_menten,0,0.05
0.17574363735754644,56.620000000005085,Mixed,timer_il2_menten,0,0.05
0.17532235809583194,56.63000000000509,Mixed,timer_il2_menten,0,0.05
0.1749020889002083,56.64000000000509,Mixed,timer_il2_menten,0,0.05
0.1744828272958564,56.650000000005086,Mixed,timer_il2_menten,0,0.05
0.17406457081387033,56.66000000000509,Mixed,timer_il2_menten,0,0.05
0.17364731699125763,56.670000000005096,Mixed,timer_il2_menten,0,0.05
0.17323106337093896,56.680000000005094,Mixed,timer_il2_menten,0,0.05
0.1728158075017476,56.69000000000509,Mixed,timer_il2_menten,0,0.05
0.17240154693927662,56.7000000000051,Mixed,timer_il2_menten,0,0.05
0.17198827946604728,56.7100000000051,Mixed,timer_il2_menten,0,0.05
0.17157600284111457,56.7200000000051,Mixed,timer_il2_menten,0,0.05
0.17116471466629538,56.7300000000051,Mixed,timer_il2_menten,0,0.05
0.1707544125500114,56.740000000005104,Mixed,timer_il2_menten,0,0.05
0.17034509410728924,56.75000000000511,Mixed,timer_il2_menten,0,0.05
0.16993675695976052,56.76000000000511,Mixed,timer_il2_menten,0,0.05
0.16952939873566053,56.770000000005105,Mixed,timer_il2_menten,0,0.05
0.1691230170698294,56.78000000000511,Mixed,timer_il2_menten,0,0.05
0.16871760960371257,56.790000000005115,Mixed,timer_il2_menten,0,0.05
0.16831317398535983,56.80000000000511,Mixed,timer_il2_menten,0,0.05
0.16790970786942516,56.81000000000511,Mixed,timer_il2_menten,0,0.05
0.1675072089171673,56.820000000005116,Mixed,timer_il2_menten,0,0.05
0.16710567479645,56.83000000000512,Mixed,timer_il2_menten,0,0.05
0.16670510318174175,56.84000000000512,Mixed,timer_il2_menten,0,0.05
0.16630549175411505,56.85000000000512,Mixed,timer_il2_menten,0,0.05
0.16590683820124708,56.86000000000512,Mixed,timer_il2_menten,0,0.05
0.16550914021742014,56.87000000000513,Mixed,timer_il2_menten,0,0.05
0.16511239550352122,56.880000000005126,Mixed,timer_il2_menten,0,0.05
0.16471660176704134,56.890000000005124,Mixed,timer_il2_menten,0,0.05
0.16432175672207627,56.90000000000513,Mixed,timer_il2_menten,0,0.05
0.16392785808932678,56.910000000005134,Mixed,timer_il2_menten,0,0.05
0.16353490359609843,56.92000000000513,Mixed,timer_il2_menten,0,0.05
0.16314289097630075,56.93000000000513,Mixed,timer_il2_menten,0,0.05
0.16275181797044794,56.940000000005135,Mixed,timer_il2_menten,0,0.05
0.1623616823256594,56.95000000000514,Mixed,timer_il2_menten,0,0.05
0.1619724817956592,56.96000000000514,Mixed,timer_il2_menten,0,0.05
0.1615842141407754,56.970000000005136,Mixed,timer_il2_menten,0,0.05
0.16119687712794065,56.98000000000514,Mixed,timer_il2_menten,0,0.05
0.16081046853069297,56.990000000005146,Mixed,timer_il2_menten,0,0.05
0.1604249861291748,57.000000000005144,Mixed,timer_il2_menten,0,0.05
0.16004042771013288,57.01000000000514,Mixed,timer_il2_menten,0,0.05
0.15965679106691838,57.02000000000515,Mixed,timer_il2_menten,0,0.05
0.15927407399948773,57.03000000000515,Mixed,timer_il2_menten,0,0.05
0.15889227431440206,57.04000000000515,Mixed,timer_il2_menten,0,0.05
0.15851138982482643,57.05000000000515,Mixed,timer_il2_menten,0,0.05
0.15813141835053068,57.060000000005154,Mixed,timer_il2_menten,0,0.05
0.1577523577178897,57.07000000000516,Mixed,timer_il2_menten,0,0.05
0.15737420575988315,57.08000000000516,Mixed,timer_il2_menten,0,0.05
0.15699696031609464,57.090000000005155,Mixed,timer_il2_menten,0,0.05
0.15662061923271253,57.10000000000516,Mixed,timer_il2_menten,0,0.05
0.15624518035469664,57.110000000005165,Mixed,timer_il2_menten,0,0.05
0.155870641317099,57.12000000000516,Mixed,timer_il2_menten,0,0.05
0.1554969998650274,57.13000000000516,Mixed,timer_il2_menten,0,0.05
0.15512425384632078,57.140000000005166,Mixed,timer_il2_menten,0,0.05
0.15475240111484118,57.15000000000517,Mixed,timer_il2_menten,0,0.05
0.15438143953047345,57.16000000000517,Mixed,timer_il2_menten,0,0.05
0.15401136695912465,57.17000000000517,Mixed,timer_il2_menten,0,0.05
0.15364218127272472,57.18000000000517,Mixed,timer_il2_menten,0,0.05
0.15327388034922673,57.19000000000518,Mixed,timer_il2_menten,0,0.05
0.15290646207260658,57.200000000005176,Mixed,timer_il2_menten,0,0.05
0.15253992433286245,57.210000000005174,Mixed,timer_il2_menten,0,0.05
0.15217426502601522,57.22000000000518,Mixed,timer_il2_menten,0,0.05
0.1518094820541091,57.230000000005184,Mixed,timer_il2_menten,0,0.05
0.1514455733252109,57.24000000000518,Mixed,timer_il2_menten,0,0.05
0.15108253675341005,57.25000000000518,Mixed,timer_il2_menten,0,0.05
0.1507203702588183,57.260000000005185,Mixed,timer_il2_menten,0,0.05
0.15035907176757096,57.27000000000519,Mixed,timer_il2_menten,0,0.05
0.14999863921182596,57.28000000000519,Mixed,timer_il2_menten,0,0.05
0.1496390705297636,57.290000000005186,Mixed,timer_il2_menten,0,0.05
0.14928036366558683,57.30000000000519,Mixed,timer_il2_menten,0,0.05
0.14892251656952196,57.310000000005196,Mixed,timer_il2_menten,0,0.05
0.14856552719781801,57.320000000005194,Mixed,timer_il2_menten,0,0.05
0.14820939351274626,57.33000000000519,Mixed,timer_il2_menten,0,0.05
0.14785411348260075,57.3400000000052,Mixed,timer_il2_menten,0,0.05
0.1474996850816988,57.3500000000052,Mixed,timer_il2_menten,0,0.05
0.1471461062903805,57.3600000000052,Mixed,timer_il2_menten,0,0.05
0.14679337509500814,57.3700000000052,Mixed,timer_il2_menten,0,0.05
0.14644148948796684,57.380000000005204,Mixed,timer_il2_menten,0,0.05
0.14609044746766497,57.39000000000521,Mixed,timer_il2_menten,0,0.05
0.14574024703853364,57.40000000000521,Mixed,timer_il2_menten,0,0.05
0.14539088621102622,57.410000000005205,Mixed,timer_il2_menten,0,0.05
0.1450423630016189,57.42000000000521,Mixed,timer_il2_menten,0,0.05
0.14469467543281103,57.430000000005215,Mixed,timer_il2_menten,0,0.05
0.14434782153312475,57.44000000000521,Mixed,timer_il2_menten,0,0.05
0.14400179933710455,57.45000000000521,Mixed,timer_il2_menten,0,0.05
0.1436566068853176,57.460000000005216,Mixed,timer_il2_menten,0,0.05
0.14331224222435432,57.47000000000522,Mixed,timer_il2_menten,0,0.05
0.14296870340682793,57.48000000000522,Mixed,timer_il2_menten,0,0.05
0.14262598849137395,57.49000000000522,Mixed,timer_il2_menten,0,0.05
0.1422840955426506,57.50000000000522,Mixed,timer_il2_menten,0,0.05
0.14194302263133932,57.51000000000523,Mixed,timer_il2_menten,0,0.05
0.1416027677917101,57.520000000005226,Mixed,timer_il2_menten,0,0.05
0.14126332864376046,57.530000000005224,Mixed,timer_il2_menten,0,0.05
0.14092470311337088,57.54000000000523,Mixed,timer_il2_menten,0,0.05
0.14058688924877813,57.550000000005234,Mixed,timer_il2_menten,0,0.05
0.14024988510315228,57.56000000000523,Mixed,timer_il2_menten,0,0.05
0.13991368873459628,57.57000000000523,Mixed,timer_il2_menten,0,0.05
0.1395782982061466,57.580000000005235,Mixed,timer_il2_menten,0,0.05
0.1392437115857736,57.59000000000524,Mixed,timer_il2_menten,0,0.05
0.13890992694638102,57.60000000000524,Mixed,timer_il2_menten,0,0.05
0.13857694236580556,57.610000000005236,Mixed,timer_il2_menten,0,0.05
0.13824475592681745,57.62000000000524,Mixed,timer_il2_menten,0,0.05
0.13791336571712065,57.630000000005246,Mixed,timer_il2_menten,0,0.05
0.1375827698293527,57.640000000005244,Mixed,timer_il2_menten,0,0.05
0.13725296636108392,57.65000000000524,Mixed,timer_il2_menten,0,0.05
0.13692395341481822,57.66000000000525,Mixed,timer_il2_menten,0,0.05
0.13659572909799328,57.67000000000525,Mixed,timer_il2_menten,0,0.05
0.1362682915229803,57.68000000000525,Mixed,timer_il2_menten,0,0.05
0.13594163880708343,57.69000000000525,Mixed,timer_il2_menten,0,0.05
0.1356157690725401,57.700000000005254,Mixed,timer_il2_menten,0,0.05
0.13529068044652187,57.71000000000526,Mixed,timer_il2_menten,0,0.05
0.13496637106113352,57.72000000000526,Mixed,timer_il2_menten,0,0.05
0.13464283905341284,57.730000000005255,Mixed,timer_il2_menten,0,0.05
0.13432008256533112,57.74000000000526,Mixed,timer_il2_menten,0,0.05
0.1339980997437935,57.750000000005265,Mixed,timer_il2_menten,0,0.05
0.1336768887406385,57.76000000000526,Mixed,timer_il2_menten,0,0.05
0.13335644771263758,57.77000000000526,Mixed,timer_il2_menten,0,0.05
0.13303677482149576,57.780000000005266,Mixed,timer_il2_menten,0,0.05
0.13271786823385182,57.79000000000527,Mixed,timer_il2_menten,0,0.05
0.13239972612127804,57.80000000000527,Mixed,timer_il2_menten,0,0.05
0.13208234666027954,57.81000000000527,Mixed,timer_il2_menten,0,0.05
0.13176572803229508,57.82000000000527,Mixed,timer_il2_menten,0,0.05
0.1314498684236971,57.83000000000528,Mixed,timer_il2_menten,0,0.05
0.13113476602579155,57.840000000005276,Mixed,timer_il2_menten,0,0.05
0.13082041903481734,57.850000000005274,Mixed,timer_il2_menten,0,0.05
0.13050682565194682,57.86000000000528,Mixed,timer_il2_menten,0,0.05
0.13019398408328617,57.870000000005284,Mixed,timer_il2_menten,0,0.05
0.12988189253987503,57.88000000000528,Mixed,timer_il2_menten,0,0.05
0.12957054923768604,57.89000000000528,Mixed,timer_il2_menten,0,0.05
0.12925995239762522,57.900000000005285,Mixed,timer_il2_menten,0,0.05
0.12895010024553247,57.91000000000529,Mixed,timer_il2_menten,0,0.05
0.12864099101218113,57.92000000000529,Mixed,timer_il2_menten,0,0.05
0.12833262291880526,57.930000000005286,Mixed,timer_il2_menten,0,0.05
0.12802499411565388,57.94000000000529,Mixed,timer_il2_menten,0,0.05
0.12771810280544005,57.950000000005296,Mixed,timer_il2_menten,0,0.05
0.1274119472036279,57.960000000005294,Mixed,timer_il2_menten,0,0.05
0.12710652552775115,57.97000000000529,Mixed,timer_il2_menten,0,0.05
0.12680183599741324,57.9800000000053,Mixed,timer_il2_menten,0,0.05
0.12649787683428806,57.9900000000053,Mixed,timer_il2_menten,0,0.05
0.12619464626211915,58.0000000000053,Mixed,timer_il2_menten,0,0.05
0.12589214250671957,58.0100000000053,Mixed,timer_il2_menten,0,0.05
0.12559036379597224,58.020000000005304,Mixed,timer_il2_menten,0,0.05
0.12528930836593186,58.03000000000531,Mixed,timer_il2_menten,0,0.05
0.12498897454772104,58.04000000000531,Mixed,timer_il2_menten,0,0.05
0.12468936063989375,58.050000000005305,Mixed,timer_il2_menten,0,0.05
0.12439046492014584,58.06000000000531,Mixed,timer_il2_menten,0,0.05
0.1240922856716972,58.070000000005315,Mixed,timer_il2_menten,0,0.05
0.12379482118329112,58.08000000000531,Mixed,timer_il2_menten,0,0.05
0.1234980697491942,58.09000000000531,Mixed,timer_il2_menten,0,0.05
0.12320202966919655,58.100000000005316,Mixed,timer_il2_menten,0,0.05
0.1229066992486123,58.11000000000532,Mixed,timer_il2_menten,0,0.05
0.12261207679827918,58.12000000000532,Mixed,timer_il2_menten,0,0.05
0.12231816063427886,58.13000000000532,Mixed,timer_il2_menten,0,0.05
0.12202494904369288,58.14000000000532,Mixed,timer_il2_menten,0,0.05
0.12173244031804922,58.15000000000533,Mixed,timer_il2_menten,0,0.05
0.12144063277233062,58.160000000005326,Mixed,timer_il2_menten,0,0.05
0.12114952472552368,58.170000000005324,Mixed,timer_il2_menten,0,0.05
0.12085911450061926,58.18000000000533,Mixed,timer_il2_menten,0,0.05
0.1205694004246129,58.190000000005334,Mixed,timer_il2_menten,0,0.05
0.12028038082850429,58.20000000000533,Mixed,timer_il2_menten,0,0.05
0.11999205404729718,58.21000000000533,Mixed,timer_il2_menten,0,0.05
0.11970441841999939,58.220000000005335,Mixed,timer_il2_menten,0,0.05
0.11941747228962346,58.23000000000534,Mixed,timer_il2_menten,0,0.05
0.11913121400327764,58.24000000000534,Mixed,timer_il2_menten,0,0.05
0.11884564191216017,58.250000000005336,Mixed,timer_il2_menten,0,0.05
0.11856075437136786,58.26000000000534,Mixed,timer_il2_menten,0,0.05
0.11827654974000709,58.270000000005346,Mixed,timer_il2_menten,0,0.05
0.11799302638119455,58.280000000005344,Mixed,timer_il2_menten,0,0.05
0.11771018266205698,58.29000000000534,Mixed,timer_il2_menten,0,0.05
0.11742801695373134,58.30000000000535,Mixed,timer_il2_menten,0,0.05
0.11714652763136543,58.31000000000535,Mixed,timer_il2_menten,0,0.05
0.11686571307411739,58.32000000000535,Mixed,timer_il2_menten,0,0.05
0.11658557166515529,58.33000000000535,Mixed,timer_il2_menten,0,0.05
0.11630610044417254,58.340000000005354,Mixed,timer_il2_menten,0,0.05
0.11602730097480597,58.35000000000536,Mixed,timer_il2_menten,0,0.05
0.11574916967932591,58.36000000000536,Mixed,timer_il2_menten,0,0.05
0.11547170498718012,58.370000000005355,Mixed,timer_il2_menten,0,0.05
0.11519490532781647,58.38000000000536,Mixed,timer_il2_menten,0,0.05
0.11491876913068322,58.390000000005365,Mixed,timer_il2_menten,0,0.05
0.11464329482522848,58.40000000000536,Mixed,timer_il2_menten,0,0.05
0.11436848084090022,58.41000000000536,Mixed,timer_il2_menten,0,0.05
0.11409432560714616,58.420000000005366,Mixed,timer_il2_menten,0,0.05
0.11382082755341463,58.43000000000537,Mixed,timer_il2_menten,0,0.05
0.11354798511173228,58.44000000000537,Mixed,timer_il2_menten,0,0.05
0.11327579673103477,58.45000000000537,Mixed,timer_il2_menten,0,0.05
0.11300426084887583,58.46000000000537,Mixed,timer_il2_menten,0,0.05
0.11273337589969043,58.47000000000538,Mixed,timer_il2_menten,0,0.05
0.11246314031791355,58.480000000005376,Mixed,timer_il2_menten,0,0.05
0.11219355253797983,58.490000000005374,Mixed,timer_il2_menten,0,0.05
0.11192461099432378,58.50000000000538,Mixed,timer_il2_menten,0,0.05
0.11165631412138041,58.510000000005384,Mixed,timer_il2_menten,0,0.05
0.11138866035358469,58.52000000000538,Mixed,timer_il2_menten,0,0.05
0.11112164813134139,58.53000000000538,Mixed,timer_il2_menten,0,0.05
0.11085527599096956,58.540000000005385,Mixed,timer_il2_menten,0,0.05
0.11058954242519818,58.55000000000539,Mixed,timer_il2_menten,0,0.05
0.11032444589670057,58.56000000000539,Mixed,timer_il2_menten,0,0.05
0.11005998486814961,58.570000000005386,Mixed,timer_il2_menten,0,0.05
0.10979615780221814,58.58000000000539,Mixed,timer_il2_menten,0,0.05
0.10953296316157954,58.590000000005396,Mixed,timer_il2_menten,0,0.05
0.10927039940890707,58.600000000005394,Mixed,timer_il2_menten,0,0.05
0.10900846500687356,58.61000000000539,Mixed,timer_il2_menten,0,0.05
0.10874715841953841,58.6200000000054,Mixed,timer_il2_menten,0,0.05
0.10848647821213349,58.6300000000054,Mixed,timer_il2_menten,0,0.05
0.10822642293471454,58.6400000000054,Mixed,timer_il2_menten,0,0.05
0.10796699108342021,58.6500000000054,Mixed,timer_il2_menten,0,0.05
0.10770818115438893,58.660000000005404,Mixed,timer_il2_menten,0,0.05
0.10744999164375968,58.67000000000541,Mixed,timer_il2_menten,0,0.05
0.1071924210476713,58.68000000000541,Mixed,timer_il2_menten,0,0.05
0.10693546786226235,58.690000000005405,Mixed,timer_il2_menten,0,0.05
0.10667913058367137,58.70000000000541,Mixed,timer_il2_menten,0,0.05
0.10642340770803721,58.710000000005415,Mixed,timer_il2_menten,0,0.05
0.10616829780657397,58.72000000000541,Mixed,timer_il2_menten,0,0.05
0.10591379948189006,58.73000000000541,Mixed,timer_il2_menten,0,0.05
0.10565991126292751,58.740000000005416,Mixed,timer_il2_menten,0,0.05
0.10540663167854777,58.75000000000542,Mixed,timer_il2_menten,0,0.05
0.10515395925761245,58.76000000000542,Mixed,timer_il2_menten,0,0.05
0.1049018925289826,58.77000000000542,Mixed,timer_il2_menten,0,0.05
0.10465043002151944,58.78000000000542,Mixed,timer_il2_menten,0,0.05
0.10439957026408447,58.79000000000543,Mixed,timer_il2_menten,0,0.05
0.10414931178553918,58.800000000005426,Mixed,timer_il2_menten,0,0.05
0.10389965316448602,58.810000000005424,Mixed,timer_il2_menten,0,0.05
0.10365059304950819,58.82000000000543,Mixed,timer_il2_menten,0,0.05
0.10340213000435651,58.830000000005434,Mixed,timer_il2_menten,0,0.05
0.10315426258990365,58.84000000000543,Mixed,timer_il2_menten,0,0.05
0.10290698936702186,58.85000000000543,Mixed,timer_il2_menten,0,0.05
0.1026603088965834,58.860000000005435,Mixed,timer_il2_menten,0,0.05
0.10241421973946088,58.87000000000544,Mixed,timer_il2_menten,0,0.05
0.10216872045652696,58.88000000000544,Mixed,timer_il2_menten,0,0.05
0.10192380960865388,58.890000000005436,Mixed,timer_il2_menten,0,0.05
0.10167948578687075,58.90000000000544,Mixed,timer_il2_menten,0,0.05
0.1014357476759011,58.91000000000545,Mixed,timer_il2_menten,0,0.05
0.10119259387729987,58.920000000005444,Mixed,timer_il2_menten,0,0.05
0.10095002298325441,58.93000000000544,Mixed,timer_il2_menten,0,0.05
0.10070803358595201,58.94000000000545,Mixed,timer_il2_menten,0,0.05
0.10046662427758041,58.95000000000545,Mixed,timer_il2_menten,0,0.05
0.10022579365032727,58.96000000000545,Mixed,timer_il2_menten,0,0.05
0.0999855402963799,58.97000000000545,Mixed,timer_il2_menten,0,0.05
0.09974586280792569,58.980000000005454,Mixed,timer_il2_menten,0,0.05
0.09950675979299209,58.99000000000546,Mixed,timer_il2_menten,0,0.05
0.09926822996348039,59.00000000000546,Mixed,timer_il2_menten,0,0.05
0.0990302719613726,59.010000000005455,Mixed,timer_il2_menten,0,0.05
0.09879288440948962,59.02000000000546,Mixed,timer_il2_menten,0,0.05
0.09855606593065287,59.030000000005465,Mixed,timer_il2_menten,0,0.05
0.09831981514768365,59.04000000000546,Mixed,timer_il2_menten,0,0.05
0.09808413068340299,59.05000000000546,Mixed,timer_il2_menten,0,0.05
0.09784901116063185,59.060000000005466,Mixed,timer_il2_menten,0,0.05
0.09761445520219161,59.07000000000547,Mixed,timer_il2_menten,0,0.05
0.09738046144290982,59.08000000000547,Mixed,timer_il2_menten,0,0.05
0.09714702870283232,59.09000000000547,Mixed,timer_il2_menten,0,0.05
0.09691415569701775,59.10000000000547,Mixed,timer_il2_menten,0,0.05
0.09668184107786196,59.11000000000548,Mixed,timer_il2_menten,0,0.05
0.09645008349776063,59.120000000005476,Mixed,timer_il2_menten,0,0.05
0.0962188816091092,59.130000000005474,Mixed,timer_il2_menten,0,0.05
0.09598823406430315,59.14000000000548,Mixed,timer_il2_menten,0,0.05
0.09575813951573825,59.150000000005484,Mixed,timer_il2_menten,0,0.05
0.0955285966158102,59.16000000000548,Mixed,timer_il2_menten,0,0.05
0.09529960401691448,59.17000000000548,Mixed,timer_il2_menten,0,0.05
0.09507116037144653,59.180000000005485,Mixed,timer_il2_menten,0,0.05
0.09484326433180208,59.19000000000549,Mixed,timer_il2_menten,0,0.05
0.09461591455037696,59.20000000000549,Mixed,timer_il2_menten,0,0.05
0.09438910967956654,59.210000000005486,Mixed,timer_il2_menten,0,0.05
0.09416284837176625,59.22000000000549,Mixed,timer_il2_menten,0,0.05
0.0939371292793719,59.2300000000055,Mixed,timer_il2_menten,0,0.05
0.09371195105477922,59.240000000005494,Mixed,timer_il2_menten,0,0.05
0.09348731235038368,59.25000000000549,Mixed,timer_il2_menten,0,0.05
0.0932632118863768,59.2600000000055,Mixed,timer_il2_menten,0,0.05
0.09303964872114898,59.2700000000055,Mixed,timer_il2_menten,0,0.05
0.09281662162189801,59.2800000000055,Mixed,timer_il2_menten,0,0.05
0.09259412929757467,59.2900000000055,Mixed,timer_il2_menten,0,0.05
0.09237217045712975,59.300000000005504,Mixed,timer_il2_menten,0,0.05
0.09215074380951432,59.31000000000551,Mixed,timer_il2_menten,0,0.05
0.09192984806367946,59.32000000000551,Mixed,timer_il2_menten,0,0.05
0.09170948192857595,59.330000000005505,Mixed,timer_il2_menten,0,0.05
0.09148964411315458,59.34000000000551,Mixed,timer_il2_menten,0,0.05
0.09127033332636637,59.350000000005515,Mixed,timer_il2_menten,0,0.05
0.09105154827716248,59.36000000000551,Mixed,timer_il2_menten,0,0.05
0.09083328767449363,59.37000000000551,Mixed,timer_il2_menten,0,0.05
0.0906155502273106,59.380000000005516,Mixed,timer_il2_menten,0,0.05
0.09039833464456451,59.39000000000552,Mixed,timer_il2_menten,0,0.05
0.09018163963520641,59.40000000000552,Mixed,timer_il2_menten,0,0.05
0.08996546390818706,59.41000000000552,Mixed,timer_il2_menten,0,0.05
0.08974980617245724,59.42000000000552,Mixed,timer_il2_menten,0,0.05
0.08953466513696809,59.43000000000553,Mixed,timer_il2_menten,0,0.05
0.08932003964134072,59.440000000005526,Mixed,timer_il2_menten,0,0.05
0.08910592876545254,59.450000000005524,Mixed,timer_il2_menten,0,0.05
0.08889233128976981,59.46000000000553,Mixed,timer_il2_menten,0,0.05
0.08867924597720275,59.470000000005534,Mixed,timer_il2_menten,0,0.05
0.08846667159066185,59.48000000000553,Mixed,timer_il2_menten,0,0.05
0.08825460689305707,59.49000000000553,Mixed,timer_il2_menten,0,0.05
0.08804305064729848,59.500000000005535,Mixed,timer_il2_menten,0,0.05
0.0878320016162964,59.51000000000554,Mixed,timer_il2_menten,0,0.05
0.08762145856296119,59.52000000000554,Mixed,timer_il2_menten,0,0.05
0.08741142025020289,59.530000000005536,Mixed,timer_il2_menten,0,0.05
0.08720188544093155,59.54000000000554,Mixed,timer_il2_menten,0,0.05
0.08699285289805753,59.55000000000555,Mixed,timer_il2_menten,0,0.05
0.08678432138449113,59.560000000005545,Mixed,timer_il2_menten,0,0.05
0.08657628966314243,59.57000000000554,Mixed,timer_il2_menten,0,0.05
0.08636875649692147,59.58000000000555,Mixed,timer_il2_menten,0,0.05
0.08616172064873857,59.59000000000555,Mixed,timer_il2_menten,0,0.05
0.0859551808815041,59.60000000000555,Mixed,timer_il2_menten,0,0.05
0.08574913595812811,59.61000000000555,Mixed,timer_il2_menten,0,0.05
0.08554359460006775,59.620000000005554,Mixed,timer_il2_menten,0,0.05
0.08533853425518237,59.63000000000556,Mixed,timer_il2_menten,0,0.05
0.08513396596791427,59.64000000000556,Mixed,timer_il2_menten,0,0.05
0.08492988850826971,59.650000000005555,Mixed,timer_il2_menten,0,0.05
0.08472630064916098,59.66000000000556,Mixed,timer_il2_menten,0,0.05
0.08452320116640663,59.670000000005565,Mixed,timer_il2_menten,0,0.05
0.08432058883873125,59.68000000000556,Mixed,timer_il2_menten,0,0.05
0.08411846244776511,59.69000000000556,Mixed,timer_il2_menten,0,0.05
0.08391682077804445,59.700000000005566,Mixed,timer_il2_menten,0,0.05
0.08371566261701185,59.71000000000557,Mixed,timer_il2_menten,0,0.05
0.08351498675501581,59.72000000000557,Mixed,timer_il2_menten,0,0.05
0.08331479198531064,59.73000000000557,Mixed,timer_il2_menten,0,0.05
0.08311507710405652,59.74000000000557,Mixed,timer_il2_menten,0,0.05
0.08291584091032003,59.75000000000558,Mixed,timer_il2_menten,0,0.05
0.08271708220607371,59.760000000005576,Mixed,timer_il2_menten,0,0.05
0.08251879979619572,59.770000000005574,Mixed,timer_il2_menten,0,0.05
0.08232099248847036,59.78000000000558,Mixed,timer_il2_menten,0,0.05
0.082123659099134,59.790000000005584,Mixed,timer_il2_menten,0,0.05
0.08192679873706657,59.80000000000558,Mixed,timer_il2_menten,0,0.05
0.08173041040785525,59.81000000000558,Mixed,timer_il2_menten,0,0.05
0.08153449296111925,59.820000000005585,Mixed,timer_il2_menten,0,0.05
0.08133904525000685,59.83000000000559,Mixed,timer_il2_menten,0,0.05
0.0811440661311951,59.84000000000559,Mixed,timer_il2_menten,0,0.05
0.08094955446488954,59.850000000005586,Mixed,timer_il2_menten,0,0.05
0.0807555091148246,59.86000000000559,Mixed,timer_il2_menten,0,0.05
0.08056192894826364,59.8700000000056,Mixed,timer_il2_menten,0,0.05
0.08036881283599892,59.880000000005595,Mixed,timer_il2_menten,0,0.05
0.08017615965235113,59.89000000000559,Mixed,timer_il2_menten,0,0.05
0.07998396827516983,59.9000000000056,Mixed,timer_il2_menten,0,0.05
0.07979223758583356,59.9100000000056,Mixed,timer_il2_menten,0,0.05
0.07960096646924969,59.9200000000056,Mixed,timer_il2_menten,0,0.05
0.0794101538138541,59.9300000000056,Mixed,timer_il2_menten,0,0.05
0.0792197985116115,59.940000000005604,Mixed,timer_il2_menten,0,0.05
0.07902989945801556,59.95000000000561,Mixed,timer_il2_menten,0,0.05
0.07884045555208884,59.96000000000561,Mixed,timer_il2_menten,0,0.05
0.07865146569638236,59.970000000005605,Mixed,timer_il2_menten,0,0.05
0.07846292879697594,59.98000000000561,Mixed,timer_il2_menten,0,0.05
0.07827484376347849,59.990000000005615,Mixed,timer_il2_menten,0,0.05
0.07808720950902764,60.00000000000561,Mixed,timer_il2_menten,0,0.05
0.07790002495028961,60.01000000000561,Mixed,timer_il2_menten,0,0.05
0.07771328900745939,60.020000000005616,Mixed,timer_il2_menten,0,0.05
0.07752700060426096,60.03000000000562,Mixed,timer_il2_menten,0,0.05
0.07734115866794719,60.04000000000562,Mixed,timer_il2_menten,0,0.05
0.07715576212929942,60.05000000000562,Mixed,timer_il2_menten,0,0.05
0.07697080992262778,60.06000000000562,Mixed,timer_il2_menten,0,0.05
0.07678630098577144,60.07000000000563,Mixed,timer_il2_menten,0,0.05
0.07660223426009839,60.080000000005626,Mixed,timer_il2_menten,0,0.05
0.07641860869050512,60.090000000005624,Mixed,timer_il2_menten,0,0.05
0.07623542322541693,60.10000000000563,Mixed,timer_il2_menten,0,0.05
0.07605267681678819,60.110000000005634,Mixed,timer_il2_menten,0,0.05
0.07587036842010195,60.12000000000563,Mixed,timer_il2_menten,0,0.05
0.07568849699436991,60.13000000000563,Mixed,timer_il2_menten,0,0.05
0.07550706150213253,60.140000000005635,Mixed,timer_il2_menten,0,0.05
0.07532606090945929,60.15000000000564,Mixed,timer_il2_menten,0,0.05
0.07514549418594843,60.16000000000564,Mixed,timer_il2_menten,0,0.05
0.0749653603047268,60.170000000005636,Mixed,timer_il2_menten,0,0.05
0.07478565824244998,60.18000000000564,Mixed,timer_il2_menten,0,0.05
0.07460638697930261,60.19000000000565,Mixed,timer_il2_menten,0,0.05
0.07442754549899815,60.200000000005645,Mixed,timer_il2_menten,0,0.05
0.07424913278877854,60.21000000000564,Mixed,timer_il2_menten,0,0.05
0.07407114783941454,60.22000000000565,Mixed,timer_il2_menten,0,0.05
0.07389358964520594,60.23000000000565,Mixed,timer_il2_menten,0,0.05
0.07371645720398132,60.24000000000565,Mixed,timer_il2_menten,0,0.05
0.07353974951709782,60.25000000000565,Mixed,timer_il2_menten,0,0.05
0.0733634655715778,60.260000000005654,Mixed,timer_il2_menten,0,0.05
0.07318760409132322,60.27000000000566,Mixed,timer_il2_menten,0,0.05
0.07301216397015073,60.28000000000566,Mixed,timer_il2_menten,0,0.05
0.07283714419775471,60.290000000005655,Mixed,timer_il2_menten,0,0.05
0.07266254376682868,60.30000000000566,Mixed,timer_il2_menten,0,0.05
0.07248836167306526,60.310000000005665,Mixed,timer_il2_menten,0,0.05
0.07231459691515607,60.32000000000566,Mixed,timer_il2_menten,0,0.05
0.0721412484947915,60.33000000000566,Mixed,timer_il2_menten,0,0.05
0.07196831541666099,60.340000000005666,Mixed,timer_il2_menten,0,0.05
0.07179579668845304,60.35000000000567,Mixed,timer_il2_menten,0,0.05
0.07162369132085532,60.36000000000567,Mixed,timer_il2_menten,0,0.05
0.07145199832755414,60.37000000000567,Mixed,timer_il2_menten,0,0.05
0.07128071672523484,60.38000000000567,Mixed,timer_il2_menten,0,0.05
0.07110984553358199,60.39000000000568,Mixed,timer_il2_menten,0,0.05
0.07093938377527911,60.400000000005676,Mixed,timer_il2_menten,0,0.05
0.07076933047600849,60.410000000005674,Mixed,timer_il2_menten,0,0.05
0.07059968466445142,60.42000000000568,Mixed,timer_il2_menten,0,0.05
0.07043044537228843,60.430000000005684,Mixed,timer_il2_menten,0,0.05
0.07026161163419897,60.44000000000568,Mixed,timer_il2_menten,0,0.05
0.07009318248786132,60.45000000000568,Mixed,timer_il2_menten,0,0.05
0.06992515697395271,60.460000000005685,Mixed,timer_il2_menten,0,0.05
0.06975753413614957,60.47000000000569,Mixed,timer_il2_menten,0,0.05
0.06959031302112734,60.48000000000569,Mixed,timer_il2_menten,0,0.05
0.06942349267856028,60.490000000005686,Mixed,timer_il2_menten,0,0.05
0.06925707216112151,60.50000000000569,Mixed,timer_il2_menten,0,0.05
0.06909105052448346,60.5100000000057,Mixed,timer_il2_menten,0,0.05
0.06892542682731756,60.520000000005695,Mixed,timer_il2_menten,0,0.05
0.06876020013129389,60.53000000000569,Mixed,timer_il2_menten,0,0.05
0.06859536950108164,60.5400000000057,Mixed,timer_il2_menten,0,0.05
0.06843093400434914,60.5500000000057,Mixed,timer_il2_menten,0,0.05
0.06826689271176375,60.5600000000057,Mixed,timer_il2_menten,0,0.05
0.0681032446969916,60.5700000000057,Mixed,timer_il2_menten,0,0.05
0.06793998903669773,60.580000000005704,Mixed,timer_il2_menten,0,0.05
0.06777712481054646,60.59000000000571,Mixed,timer_il2_menten,0,0.05
0.0676146511012011,60.60000000000571,Mixed,timer_il2_menten,0,0.05
0.0674525669943237,60.610000000005705,Mixed,timer_il2_menten,0,0.05
0.06729087157857531,60.62000000000571,Mixed,timer_il2_menten,0,0.05
0.06712956394561617,60.630000000005715,Mixed,timer_il2_menten,0,0.05
0.06696864319010555,60.64000000000571,Mixed,timer_il2_menten,0,0.05
0.06680810840970143,60.65000000000571,Mixed,timer_il2_menten,0,0.05
0.06664795870506082,60.66000000000572,Mixed,timer_il2_menten,0,0.05
0.06648819317983994,60.67000000000572,Mixed,timer_il2_menten,0,0.05
0.06632881094069396,60.68000000000572,Mixed,timer_il2_menten,0,0.05
0.06616981109727686,60.69000000000572,Mixed,timer_il2_menten,0,0.05
0.06601119276224159,60.70000000000572,Mixed,timer_il2_menten,0,0.05
0.0658529550512403,60.71000000000573,Mixed,timer_il2_menten,0,0.05
0.06569509708292412,60.720000000005726,Mixed,timer_il2_menten,0,0.05
0.06553761795470817,60.730000000005724,Mixed,timer_il2_menten,0,0.05
0.06538051659033776,60.74000000000573,Mixed,timer_il2_menten,0,0.05
0.06522379202011877,60.750000000005734,Mixed,timer_il2_menten,0,0.05
0.06506744330568821,60.76000000000573,Mixed,timer_il2_menten,0,0.05
0.06491146950663085,60.77000000000573,Mixed,timer_il2_menten,0,0.05
0.0647558696804795,60.780000000005735,Mixed,timer_il2_menten,0,0.05
0.06460064288271519,60.79000000000574,Mixed,timer_il2_menten,0,0.05
0.06444578816676702,60.80000000000574,Mixed,timer_il2_menten,0,0.05
0.06429130458401182,60.810000000005736,Mixed,timer_il2_menten,0,0.05
0.06413719118377444,60.82000000000574,Mixed,timer_il2_menten,0,0.05
0.06398344701332799,60.83000000000575,Mixed,timer_il2_menten,0,0.05
0.06383007111789359,60.840000000005745,Mixed,timer_il2_menten,0,0.05
0.06367706262774955,60.85000000000574,Mixed,timer_il2_menten,0,0.05
0.06352442084812805,60.86000000000575,Mixed,timer_il2_menten,0,0.05
0.06337214491394169,60.87000000000575,Mixed,timer_il2_menten,0,0.05
0.06322023395437604,60.88000000000575,Mixed,timer_il2_menten,0,0.05
0.06306868710317201,60.89000000000575,Mixed,timer_il2_menten,0,0.05
0.06291750349862622,60.900000000005754,Mixed,timer_il2_menten,0,0.05
0.0627666822835911,60.91000000000576,Mixed,timer_il2_menten,0,0.05
0.06261622260547461,60.92000000000576,Mixed,timer_il2_menten,0,0.05
0.06246612361624024,60.930000000005755,Mixed,timer_il2_menten,0,0.05
0.06231638447240699,60.94000000000576,Mixed,timer_il2_menten,0,0.05
0.06216700433504976,60.950000000005765,Mixed,timer_il2_menten,0,0.05
0.06201798236976852,60.96000000000576,Mixed,timer_il2_menten,0,0.05
0.061869317680522104,60.97000000000576,Mixed,timer_il2_menten,0,0.05
0.061721009359888265,60.98000000000577,Mixed,timer_il2_menten,0,0.05
0.06157305655347978,60.99000000000577,Mixed,timer_il2_menten,0,0.05
0.0614254584089202,61.00000000000577,Mixed,timer_il2_menten,0,0.05
0.061278214075843496,61.01000000000577,Mixed,timer_il2_menten,0,0.05
0.061131322705894484,61.02000000000577,Mixed,timer_il2_menten,0,0.05
0.0609847834527288,61.03000000000578,Mixed,timer_il2_menten,0,0.05
0.0608385954720129,61.040000000005776,Mixed,timer_il2_menten,0,0.05
0.06069275792142373,61.050000000005774,Mixed,timer_il2_menten,0,0.05
0.06054726996064892,61.06000000000578,Mixed,timer_il2_menten,0,0.05
0.060402130751387104,61.070000000005784,Mixed,timer_il2_menten,0,0.05
0.060257339457388176,61.08000000000578,Mixed,timer_il2_menten,0,0.05
0.060112895245038434,61.09000000000578,Mixed,timer_il2_menten,0,0.05
0.059968797282479294,61.100000000005785,Mixed,timer_il2_menten,0,0.05
0.05982504473969605,61.11000000000579,Mixed,timer_il2_menten,0,0.05
0.05968163678870272,61.12000000000579,Mixed,timer_il2_menten,0,0.05
0.05953857260354186,61.130000000005786,Mixed,timer_il2_menten,0,0.05
0.05939585136028482,61.14000000000579,Mixed,timer_il2_menten,0,0.05
0.05925347223703188,61.1500000000058,Mixed,timer_il2_menten,0,0.05
0.059111434413912076,61.160000000005795,Mixed,timer_il2_menten,0,0.05
0.058969737073083006,61.17000000000579,Mixed,timer_il2_menten,0,0.05
0.05882837939873103,61.1800000000058,Mixed,timer_il2_menten,0,0.05
0.05868736057707141,61.1900000000058,Mixed,timer_il2_menten,0,0.05
0.05854667853929267,61.2000000000058,Mixed,timer_il2_menten,0,0.05
0.0584063353813392,61.2100000000058,Mixed,timer_il2_menten,0,0.05
0.05826632854211358,61.220000000005804,Mixed,timer_il2_menten,0,0.05
0.058126657234185565,61.23000000000581,Mixed,timer_il2_menten,0,0.05
0.0579873206701248,61.24000000000581,Mixed,timer_il2_menten,0,0.05
0.05784831806250077,61.250000000005805,Mixed,timer_il2_menten,0,0.05
0.05770964862388301,61.26000000000581,Mixed,timer_il2_menten,0,0.05
0.057571311566841185,61.270000000005815,Mixed,timer_il2_menten,0,0.05
0.057433306103945,61.28000000000581,Mixed,timer_il2_menten,0,0.05
0.05729563144776394,61.29000000000581,Mixed,timer_il2_menten,0,0.05
0.057158286810867494,61.30000000000582,Mixed,timer_il2_menten,0,0.05
0.05702127140582536,61.31000000000582,Mixed,timer_il2_menten,0,0.05
0.05688458444965949,61.32000000000582,Mixed,timer_il2_menten,0,0.05
0.056748225163212984,61.33000000000582,Mixed,timer_il2_menten,0,0.05
0.05661219276146956,61.34000000000582,Mixed,timer_il2_menten,0,0.05
0.05647648645934028,61.35000000000583,Mixed,timer_il2_menten,0,0.05
0.056341105471736194,61.360000000005826,Mixed,timer_il2_menten,0,0.05
0.05620604901356817,61.370000000005824,Mixed,timer_il2_menten,0,0.05
0.056071316299747084,61.38000000000583,Mixed,timer_il2_menten,0,0.05
0.05593690654518399,61.390000000005834,Mixed,timer_il2_menten,0,0.05
0.05580281896478993,61.40000000000583,Mixed,timer_il2_menten,0,0.05
0.05566905279099376,61.41000000000583,Mixed,timer_il2_menten,0,0.05
0.05553560729367061,61.420000000005835,Mixed,timer_il2_menten,0,0.05
0.055402481704447885,61.43000000000584,Mixed,timer_il2_menten,0,0.05
0.0552696752523959,61.44000000000584,Mixed,timer_il2_menten,0,0.05
0.055137187166584764,61.450000000005836,Mixed,timer_il2_menten,0,0.05
0.05500501667608458,61.46000000000584,Mixed,timer_il2_menten,0,0.05
0.0548731630099657,61.47000000000585,Mixed,timer_il2_menten,0,0.05
0.054741625397298356,61.480000000005845,Mixed,timer_il2_menten,0,0.05
0.0546104030671527,61.49000000000584,Mixed,timer_il2_menten,0,0.05
0.05447949526068332,61.50000000000585,Mixed,timer_il2_menten,0,0.05
0.05434890127347484,61.51000000000585,Mixed,timer_il2_menten,0,0.05
0.05421862035892361,61.52000000000585,Mixed,timer_il2_menten,0,0.05
0.054088651762881884,61.53000000000585,Mixed,timer_il2_menten,0,0.05
0.053958994731201915,61.540000000005854,Mixed,timer_il2_menten,0,0.05
0.05382964850973611,61.55000000000586,Mixed,timer_il2_menten,0,0.05
0.053700612344336915,61.56000000000586,Mixed,timer_il2_menten,0,0.05
0.053571885480856576,61.570000000005855,Mixed,timer_il2_menten,0,0.05
0.053443467165147335,61.58000000000586,Mixed,timer_il2_menten,0,0.05
0.05331527332323363,61.590000000005865,Mixed,timer_il2_menten,0,0.05
0.05318749525630578,61.60000000000586,Mixed,timer_il2_menten,0,0.05
0.05306001783030627,61.61000000000586,Mixed,timer_il2_menten,0,0.05
0.052932841045234984,61.62000000000587,Mixed,timer_il2_menten,0,0.05
0.052805964901092003,61.63000000000587,Mixed,timer_il2_menten,0,0.05
0.052679389397877446,61.64000000000587,Mixed,timer_il2_menten,0,0.05
0.05255311453559121,61.65000000000587,Mixed,timer_il2_menten,0,0.05
0.052427140314233206,61.66000000000587,Mixed,timer_il2_menten,0,0.05
0.05230146673380352,61.67000000000588,Mixed,timer_il2_menten,0,0.05
0.05217609371547116,61.680000000005876,Mixed,timer_il2_menten,0,0.05
0.05205101900376209,61.690000000005874,Mixed,timer_il2_menten,0,0.05
0.05192624156426674,61.70000000000588,Mixed,timer_il2_menten,0,0.05
0.051801761396985224,61.710000000005884,Mixed,timer_il2_menten,0,0.05
0.051677578501917606,61.72000000000588,Mixed,timer_il2_menten,0,0.05
0.051553692879063806,61.73000000000588,Mixed,timer_il2_menten,0,0.05
0.051430104528423726,61.740000000005885,Mixed,timer_il2_menten,0,0.05
0.05130681344999746,61.75000000000589,Mixed,timer_il2_menten,0,0.05
0.05118381964378511,61.76000000000589,Mixed,timer_il2_menten,0,0.05
0.051061123109786576,61.770000000005886,Mixed,timer_il2_menten,0,0.05
0.05093872249374867,61.78000000000589,Mixed,timer_il2_menten,0,0.05
0.0508166128455966,61.7900000000059,Mixed,timer_il2_menten,0,0.05
0.05069479371012294,61.800000000005895,Mixed,timer_il2_menten,0,0.05
0.050573265087327596,61.81000000000589,Mixed,timer_il2_menten,0,0.05
0.05045202697721046,61.8200000000059,Mixed,timer_il2_menten,0,0.05
0.05033107937977165,61.8300000000059,Mixed,timer_il2_menten,0,0.05
0.05021042229501124,61.8400000000059,Mixed,timer_il2_menten,0,0.05
0.05009005572292913,61.8500000000059,Mixed,timer_il2_menten,0,0.05
0.04996997966352526,61.860000000005904,Mixed,timer_il2_menten,0,0.05
0.04985029366508803,61.87000000000591,Mixed,timer_il2_menten,0,0.05
0.04973076684302232,61.88000000000591,Mixed,timer_il2_menten,0,0.05
0.049611529810041965,61.890000000005905,Mixed,timer_il2_menten,0,0.05
0.049492581876794506,61.90000000000591,Mixed,timer_il2_menten,0,0.05
0.049373922353927666,61.910000000005915,Mixed,timer_il2_menten,0,0.05
0.049255550552089196,61.92000000000591,Mixed,timer_il2_menten,0,0.05
0.04913746578192667,61.93000000000591,Mixed,timer_il2_menten,0,0.05
0.049019667354087595,61.94000000000592,Mixed,timer_il2_menten,0,0.05
0.048902154579219766,61.95000000000592,Mixed,timer_il2_menten,0,0.05
0.04878492676797089,61.96000000000592,Mixed,timer_il2_menten,0,0.05
0.048667983077201174,61.97000000000592,Mixed,timer_il2_menten,0,0.05
0.04855132172546399,61.98000000000592,Mixed,timer_il2_menten,0,0.05
0.04843494173442468,61.99000000000593,Mixed,timer_il2_menten,0,0.05
0.04831884232278144,62.000000000005926,Mixed,timer_il2_menten,0,0.05
0.048203022709232296,62.010000000005924,Mixed,timer_il2_menten,0,0.05
0.04808748211247531,62.02000000000593,Mixed,timer_il2_menten,0,0.05
0.04797221975120866,62.030000000005934,Mixed,timer_il2_menten,0,0.05
0.04785723484413055,62.04000000000593,Mixed,timer_il2_menten,0,0.05
0.04774252660993902,62.05000000000593,Mixed,timer_il2_menten,0,0.05
0.04762809426733212,62.060000000005935,Mixed,timer_il2_menten,0,0.05
0.04751393703500802,62.07000000000594,Mixed,timer_il2_menten,0,0.05
0.04740005413166493,62.08000000000594,Mixed,timer_il2_menten,0,0.05
0.04728644477600093,62.090000000005936,Mixed,timer_il2_menten,0,0.05
0.047173108186713976,62.10000000000594,Mixed,timer_il2_menten,0,0.05
0.047060043582502334,62.11000000000595,Mixed,timer_il2_menten,0,0.05
0.04694725018206418,62.120000000005945,Mixed,timer_il2_menten,0,0.05
0.04683472720409755,62.13000000000594,Mixed,timer_il2_menten,0,0.05
0.046722473867300475,62.14000000000595,Mixed,timer_il2_menten,0,0.05
0.04661048939037117,62.15000000000595,Mixed,timer_il2_menten,0,0.05
0.046498772992007824,62.16000000000595,Mixed,timer_il2_menten,0,0.05
0.04638732389090848,62.17000000000595,Mixed,timer_il2_menten,0,0.05
0.04627614130577117,62.180000000005954,Mixed,timer_il2_menten,0,0.05
0.0461652244552941,62.19000000000596,Mixed,timer_il2_menten,0,0.05
0.046054572558175466,62.20000000000596,Mixed,timer_il2_menten,0,0.05
0.0459441848331133,62.210000000005955,Mixed,timer_il2_menten,0,0.05
0.04583406049880563,62.22000000000596,Mixed,timer_il2_menten,0,0.05
0.045724198773950696,62.230000000005965,Mixed,timer_il2_menten,0,0.05
0.045614598877246657,62.24000000000596,Mixed,timer_il2_menten,0,0.05
0.04550526002739155,62.25000000000596,Mixed,timer_il2_menten,0,0.05
0.04539618144308344,62.26000000000597,Mixed,timer_il2_menten,0,0.05
0.04528736234325538,62.27000000000597,Mixed,timer_il2_menten,0,0.05
0.045178803189094466,62.28000000000597,Mixed,timer_il2_menten,0,0.05
0.04507050447937082,62.29000000000597,Mixed,timer_il2_menten,0,0.05
0.044962465588125014,62.30000000000597,Mixed,timer_il2_menten,0,0.05
0.044854685889397776,62.31000000000598,Mixed,timer_il2_menten,0,0.05
0.04474716475722985,62.320000000005976,Mixed,timer_il2_menten,0,0.05
0.044639901565661784,62.330000000005974,Mixed,timer_il2_menten,0,0.05
0.04453289568873415,62.34000000000598,Mixed,timer_il2_menten,0,0.05
0.04442614650048768,62.350000000005984,Mixed,timer_il2_menten,0,0.05
0.04431965337496309,62.36000000000598,Mixed,timer_il2_menten,0,0.05
0.04421341568620096,62.37000000000598,Mixed,timer_il2_menten,0,0.05
0.044107432808241864,62.380000000005985,Mixed,timer_il2_menten,0,0.05
0.04400170411512651,62.39000000000599,Mixed,timer_il2_menten,0,0.05
0.043896228980895624,62.40000000000599,Mixed,timer_il2_menten,0,0.05
0.0437910067795898,62.41000000000599,Mixed,timer_il2_menten,0,0.05
0.04368603688524958,62.42000000000599,Mixed,timer_il2_menten,0,0.05
0.04358131867191572,62.430000000006,Mixed,timer_il2_menten,0,0.05
0.043476851513628914,62.440000000005995,Mixed,timer_il2_menten,0,0.05
0.043372634784429744,62.45000000000599,Mixed,timer_il2_menten,0,0.05
0.043268667858358784,62.460000000006,Mixed,timer_il2_menten,0,0.05
0.04316495010945677,62.470000000006,Mixed,timer_il2_menten,0,0.05
0.0430614809117644,62.480000000006,Mixed,timer_il2_menten,0,0.05
0.04295825963932225,62.490000000006,Mixed,timer_il2_menten,0,0.05
0.04285528566617091,62.500000000006004,Mixed,timer_il2_menten,0,0.05
0.042752558366351084,62.51000000000601,Mixed,timer_il2_menten,0,0.05
0.04265007711390351,62.52000000000601,Mixed,timer_il2_menten,0,0.05
0.04254784128286876,62.530000000006005,Mixed,timer_il2_menten,0,0.05
0.0424458502472874,62.54000000000601,Mixed,timer_il2_menten,0,0.05
0.042344103381200135,62.550000000006015,Mixed,timer_il2_menten,0,0.05
0.04224260005864773,62.56000000000601,Mixed,timer_il2_menten,0,0.05
0.042141339653670715,62.57000000000601,Mixed,timer_il2_menten,0,0.05
0.0420403216476357,62.58000000000602,Mixed,timer_il2_menten,0,0.05
0.04193954593991572,62.59000000000602,Mixed,timer_il2_menten,0,0.05
0.04183901201253057,62.60000000000602,Mixed,timer_il2_menten,0,0.05
0.04173871928363801,62.61000000000602,Mixed,timer_il2_menten,0,0.05
0.04163866717139578,62.62000000000602,Mixed,timer_il2_menten,0,0.05
0.04153885509396174,62.63000000000603,Mixed,timer_il2_menten,0,0.05
0.041439282469493785,62.640000000006026,Mixed,timer_il2_menten,0,0.05
0.041339948716149655,62.650000000006024,Mixed,timer_il2_menten,0,0.05
0.04124085325208708,62.66000000000603,Mixed,timer_il2_menten,0,0.05
0.04114199549546395,62.670000000006034,Mixed,timer_il2_menten,0,0.05
0.041043374864438154,62.68000000000603,Mixed,timer_il2_menten,0,0.05
0.0409449907771674,62.69000000000603,Mixed,timer_il2_menten,0,0.05
0.04084684265180946,62.700000000006035,Mixed,timer_il2_menten,0,0.05
0.040748929906522194,62.71000000000604,Mixed,timer_il2_menten,0,0.05
0.04065125195946349,62.72000000000604,Mixed,timer_il2_menten,0,0.05
0.040553808228791094,62.73000000000604,Mixed,timer_il2_menten,0,0.05
0.04045659813266274,62.74000000000604,Mixed,timer_il2_menten,0,0.05
0.0403596210892363,62.75000000000605,Mixed,timer_il2_menten,0,0.05
0.04026287651666967,62.760000000006045,Mixed,timer_il2_menten,0,0.05
0.04016636383312057,62.77000000000604,Mixed,timer_il2_menten,0,0.05
0.04007008245674676,62.78000000000605,Mixed,timer_il2_menten,0,0.05
0.039974031805706106,62.79000000000605,Mixed,timer_il2_menten,0,0.05
0.03987821129815648,62.80000000000605,Mixed,timer_il2_menten,0,0.05
0.03978262035225566,62.81000000000605,Mixed,timer_il2_menten,0,0.05
0.03968725838616134,62.820000000006054,Mixed,timer_il2_menten,0,0.05
0.03959212481803144,62.83000000000606,Mixed,timer_il2_menten,0,0.05
0.03949721906602381,62.84000000000606,Mixed,timer_il2_menten,0,0.05
0.039402540548296186,62.850000000006055,Mixed,timer_il2_menten,0,0.05
0.03930808868300635,62.86000000000606,Mixed,timer_il2_menten,0,0.05
0.03921386288831214,62.870000000006065,Mixed,timer_il2_menten,0,0.05
0.03911990964386844,62.88000000000606,Mixed,timer_il2_menten,0,0.05
0.03902612872714185,62.89000000000606,Mixed,timer_il2_menten,0,0.05
0.038932573371984976,62.90000000000607,Mixed,timer_il2_menten,0,0.05
0.03883924299870028,62.91000000000607,Mixed,timer_il2_menten,0,0.05
0.038746137028922614,62.92000000000607,Mixed,timer_il2_menten,0,0.05
0.03865325488561909,62.93000000000607,Mixed,timer_il2_menten,0,0.05
0.03856059599308916,62.94000000000607,Mixed,timer_il2_menten,0,0.05
0.03846815977696484,62.95000000000608,Mixed,timer_il2_menten,0,0.05
0.0383759456642105,62.960000000006076,Mixed,timer_il2_menten,0,0.05
0.03828395308312277,62.970000000006074,Mixed,timer_il2_menten,0,0.05
0.03819218146333063,62.98000000000608,Mixed,timer_il2_menten,0,0.05
0.03810063023579562,62.990000000006084,Mixed,timer_il2_menten,0,0.05
0.03800929883281164,63.00000000000608,Mixed,timer_il2_menten,0,0.05
0.03791818668800483,63.01000000000608,Mixed,timer_il2_menten,0,0.05
0.037827293236333735,63.020000000006085,Mixed,timer_il2_menten,0,0.05
0.037736617914089374,63.03000000000609,Mixed,timer_il2_menten,0,0.05
0.03764616015889519,63.04000000000609,Mixed,timer_il2_menten,0,0.05
0.03755591940970684,63.05000000000609,Mixed,timer_il2_menten,0,0.05
0.03746589510681239,63.06000000000609,Mixed,timer_il2_menten,0,0.05
0.0373760866918324,63.0700000000061,Mixed,timer_il2_menten,0,0.05
0.03728649360771982,63.080000000006095,Mixed,timer_il2_menten,0,0.05
0.03719711529875985,63.09000000000609,Mixed,timer_il2_menten,0,0.05
0.03710795121057006,63.1000000000061,Mixed,timer_il2_menten,0,0.05
0.03701900079010056,63.1100000000061,Mixed,timer_il2_menten,0,0.05
0.0369302634856338,63.1200000000061,Mixed,timer_il2_menten,0,0.05
0.03684173874678451,63.1300000000061,Mixed,timer_il2_menten,0,0.05
0.03675342602449979,63.140000000006104,Mixed,timer_il2_menten,0,0.05
0.03666532477105927,63.15000000000611,Mixed,timer_il2_menten,0,0.05
0.036577434440074934,63.16000000000611,Mixed,timer_il2_menten,0,0.05
0.03648975448649102,63.170000000006105,Mixed,timer_il2_menten,0,0.05
0.03640228436658417,63.18000000000611,Mixed,timer_il2_menten,0,0.05
0.0363150236359415,63.190000000006115,Mixed,timer_il2_menten,0,0.05
0.03622797209410107,63.20000000000611,Mixed,timer_il2_menten,0,0.05
0.03614112925330807,63.21000000000611,Mixed,timer_il2_menten,0,0.05
0.036054494601489344,63.22000000000612,Mixed,timer_il2_menten,0,0.05
0.03596806762838043,63.23000000000612,Mixed,timer_il2_menten,0,0.05
0.03588184782552525,63.24000000000612,Mixed,timer_il2_menten,0,0.05
0.03579583468627612,63.25000000000612,Mixed,timer_il2_menten,0,0.05
0.035710027705793845,63.26000000000612,Mixed,timer_il2_menten,0,0.05
0.03562442638104778,63.27000000000613,Mixed,timer_il2_menten,0,0.05
0.035539030210815774,63.280000000006126,Mixed,timer_il2_menten,0,0.05
0.035453838695684026,63.290000000006124,Mixed,timer_il2_menten,0,0.05
0.03536885133804721,63.30000000000613,Mixed,timer_il2_menten,0,0.05
0.03528406764210858,63.310000000006134,Mixed,timer_il2_menten,0,0.05
0.03519948711387986,63.32000000000613,Mixed,timer_il2_menten,0,0.05
0.03511510926118116,63.33000000000613,Mixed,timer_il2_menten,0,0.05
0.03503093359364101,63.340000000006135,Mixed,timer_il2_menten,0,0.05
0.03494695962269656,63.35000000000614,Mixed,timer_il2_menten,0,0.05
0.03486318686159344,63.36000000000614,Mixed,timer_il2_menten,0,0.05
0.03477961482538562,63.37000000000614,Mixed,timer_il2_menten,0,0.05
0.03469624303093552,63.38000000000614,Mixed,timer_il2_menten,0,0.05
0.0346130709969142,63.39000000000615,Mixed,timer_il2_menten,0,0.05
0.03453009824380114,63.400000000006145,Mixed,timer_il2_menten,0,0.05
0.03444732429388424,63.41000000000614,Mixed,timer_il2_menten,0,0.05
0.03436474867125978,63.42000000000615,Mixed,timer_il2_menten,0,0.05
0.0342823709018327,63.43000000000615,Mixed,timer_il2_menten,0,0.05
0.03420019051331638,63.44000000000615,Mixed,timer_il2_menten,0,0.05
0.034118207035232585,63.45000000000615,Mixed,timer_il2_menten,0,0.05
0.03403641999891152,63.460000000006154,Mixed,timer_il2_menten,0,0.05
0.033954828937491986,63.47000000000616,Mixed,timer_il2_menten,0,0.05
0.033873433385921255,63.48000000000616,Mixed,timer_il2_menten,0,0.05
0.03379223288095497,63.490000000006155,Mixed,timer_il2_menten,0,0.05
0.03371122696115722,63.50000000000616,Mixed,timer_il2_menten,0,0.05
0.03363041516690071,63.510000000006166,Mixed,timer_il2_menten,0,0.05
0.03354979704036659,63.52000000000616,Mixed,timer_il2_menten,0,0.05
0.033469372125544385,63.53000000000616,Mixed,timer_il2_menten,0,0.05
0.03338913996823208,63.54000000000617,Mixed,timer_il2_menten,0,0.05
0.033309100116036265,63.55000000000617,Mixed,timer_il2_menten,0,0.05
0.033229252118371966,63.56000000000617,Mixed,timer_il2_menten,0,0.05
0.0331495955264626,63.57000000000617,Mixed,timer_il2_menten,0,0.05
0.03307012989334005,63.58000000000617,Mixed,timer_il2_menten,0,0.05
0.03299085477384475,63.59000000000618,Mixed,timer_il2_menten,0,0.05
0.03291176972462567,63.600000000006176,Mixed,timer_il2_menten,0,0.05
0.032832874304140086,63.610000000006174,Mixed,timer_il2_menten,0,0.05
0.03275416807265376,63.62000000000618,Mixed,timer_il2_menten,0,0.05
0.03267565059224103,63.630000000006184,Mixed,timer_il2_menten,0,0.05
0.03259732142678474,63.64000000000618,Mixed,timer_il2_menten,0,0.05
0.03251918014197604,63.65000000000618,Mixed,timer_il2_menten,0,0.05
0.03244122630531461,63.660000000006185,Mixed,timer_il2_menten,0,0.05
0.03236345948610866,63.67000000000619,Mixed,timer_il2_menten,0,0.05
0.03228587925547491,63.68000000000619,Mixed,timer_il2_menten,0,0.05
0.03220848518633841,63.69000000000619,Mixed,timer_il2_menten,0,0.05
0.03213127685343272,63.70000000000619,Mixed,timer_il2_menten,0,0.05
0.03205425383329995,63.7100000000062,Mixed,timer_il2_menten,0,0.05
0.03197741568339897,63.720000000006195,Mixed,timer_il2_menten,0,0.05
0.03190076185915765,63.73000000000619,Mixed,timer_il2_menten,0,0.05
0.03182429189238574,63.7400000000062,Mixed,timer_il2_menten,0,0.05
0.03174800532956141,63.7500000000062,Mixed,timer_il2_menten,0,0.05
0.03167190171653539,63.7600000000062,Mixed,timer_il2_menten,0,0.05
0.031595980598530804,63.7700000000062,Mixed,timer_il2_menten,0,0.05
0.03152024152014333,63.780000000006204,Mixed,timer_il2_menten,0,0.05
0.03144468402534127,63.79000000000621,Mixed,timer_il2_menten,0,0.05
0.031369307657465484,63.80000000000621,Mixed,timer_il2_menten,0,0.05
0.03129411195922924,63.810000000006205,Mixed,timer_il2_menten,0,0.05
0.031219096472718342,63.82000000000621,Mixed,timer_il2_menten,0,0.05
0.031144260739391253,63.830000000006216,Mixed,timer_il2_menten,0,0.05
0.031069604300078945,63.840000000006214,Mixed,timer_il2_menten,0,0.05
0.030995126699253295,63.85000000000621,Mixed,timer_il2_menten,0,0.05
0.03092082758030566,63.86000000000622,Mixed,timer_il2_menten,0,0.05
0.030846706551338504,63.87000000000622,Mixed,timer_il2_menten,0,0.05
0.030772763185614796,63.88000000000622,Mixed,timer_il2_menten,0,0.05
0.03069899705809478,63.89000000000622,Mixed,timer_il2_menten,0,0.05
0.030625407745436116,63.90000000000622,Mixed,timer_il2_menten,0,0.05
0.030551994825993987,63.91000000000623,Mixed,timer_il2_menten,0,0.05
0.030478757879820982,63.920000000006226,Mixed,timer_il2_menten,0,0.05
0.03040569648866699,63.930000000006224,Mixed,timer_il2_menten,0,0.05
0.030332810235979328,63.94000000000623,Mixed,timer_il2_menten,0,0.05
0.030260098706902813,63.950000000006234,Mixed,timer_il2_menten,0,0.05
0.03018756148827969,63.96000000000623,Mixed,timer_il2_menten,0,0.05
0.030115198168649493,63.97000000000623,Mixed,timer_il2_menten,0,0.05
0.030043008338249175,63.980000000006235,Mixed,timer_il2_menten,0,0.05
0.02997099157094551,63.99000000000624,Mixed,timer_il2_menten,0,0.05
0.029899147434169528,64.00000000000624,Mixed,timer_il2_menten,0,0.05
0.029827475514179802,64.01000000000624,Mixed,timer_il2_menten,0,0.05
0.02975597539834019,64.02000000000623,Mixed,timer_il2_menten,0,0.05
0.02968464667509789,64.03000000000625,Mixed,timer_il2_menten,0,0.05
0.029613488933984584,64.04000000000624,Mixed,timer_il2_menten,0,0.05
0.029542501765615157,64.05000000000624,Mixed,timer_il2_menten,0,0.05
0.029471684761688308,64.06000000000626,Mixed,timer_il2_menten,0,0.05
0.029401037514987113,64.07000000000625,Mixed,timer_il2_menten,0,0.05
0.029330559619377736,64.08000000000625,Mixed,timer_il2_menten,0,0.05
0.029260250669810563,64.09000000000626,Mixed,timer_il2_menten,0,0.05
0.029190110262319748,64.10000000000625,Mixed,timer_il2_menten,0,0.05
0.029120137994022872,64.11000000000627,Mixed,timer_il2_menten,0,0.05
0.029050333461619882,64.12000000000626,Mixed,timer_il2_menten,0,0.05
0.02898069625911147,64.13000000000625,Mixed,timer_il2_menten,0,0.05
0.028911225985065524,64.14000000000627,Mixed,timer_il2_menten,0,0.05
0.028841922239328854,64.15000000000626,Mixed,timer_il2_menten,0,0.05
0.028772784622727466,64.16000000000626,Mixed,timer_il2_menten,0,0.05
0.0287038127370677,64.17000000000627,Mixed,timer_il2_menten,0,0.05
0.028635006185135765,64.18000000000626,Mixed,timer_il2_menten,0,0.05
0.028566364570697438,64.19000000000628,Mixed,timer_il2_menten,0,0.05
0.028497887498499047,64.20000000000627,Mixed,timer_il2_menten,0,0.05
0.02842957457426628,64.21000000000626,Mixed,timer_il2_menten,0,0.05
0.02836142540470473,64.22000000000628,Mixed,timer_il2_menten,0,0.05
0.028293439597500462,64.23000000000627,Mixed,timer_il2_menten,0,0.05
0.028225616761318784,64.24000000000628,Mixed,timer_il2_menten,0,0.05
0.028157955415146443,64.25000000000628,Mixed,timer_il2_menten,0,0.05
0.028090457650438647,64.26000000000627,Mixed,timer_il2_menten,0,0.05
0.028023121619168707,64.27000000000629,Mixed,timer_il2_menten,0,0.05
0.027955946944304064,64.28000000000628,Mixed,timer_il2_menten,0,0.05
0.027888933248811587,64.29000000000627,Mixed,timer_il2_menten,0,0.05
0.027822080155658152,64.30000000000629,Mixed,timer_il2_menten,0,0.05
0.027755387287811194,64.31000000000628,Mixed,timer_il2_menten,0,0.05
0.027688854268237487,64.32000000000629,Mixed,timer_il2_menten,0,0.05
0.027622480719904183,64.3300000000063,Mixed,timer_il2_menten,0,0.05
0.027556266265778444,64.34000000000628,Mixed,timer_il2_menten,0,0.05
0.02749021052882704,64.3500000000063,Mixed,timer_il2_menten,0,0.05
0.02742431313201741,64.3600000000063,Mixed,timer_il2_menten,0,0.05
0.02735857369831643,64.37000000000629,Mixed,timer_il2_menten,0,0.05
0.02729299185072528,64.3800000000063,Mixed,timer_il2_menten,0,0.05
0.02722756721532343,64.3900000000063,Mixed,timer_il2_menten,0,0.05
0.027162299417831645,64.4000000000063,Mixed,timer_il2_menten,0,0.05
0.027097188082251658,64.4100000000063,Mixed,timer_il2_menten,0,0.05
0.027032232832585212,64.4200000000063,Mixed,timer_il2_menten,0,0.05
0.026967433292833673,64.43000000000632,Mixed,timer_il2_menten,0,0.05
0.026902789086999036,64.44000000000631,Mixed,timer_il2_menten,0,0.05
0.02683829983908278,64.4500000000063,Mixed,timer_il2_menten,0,0.05
0.026773965173086348,64.46000000000632,Mixed,timer_il2_menten,0,0.05
0.026709784713011765,64.47000000000631,Mixed,timer_il2_menten,0,0.05
0.026645758097967327,64.48000000000631,Mixed,timer_il2_menten,0,0.05
0.02658188497438605,64.49000000000632,Mixed,timer_il2_menten,0,0.05
0.026518164973090112,64.50000000000631,Mixed,timer_il2_menten,0,0.05
0.026454597724867267,64.51000000000633,Mixed,timer_il2_menten,0,0.05
0.026391182860505888,64.52000000000632,Mixed,timer_il2_menten,0,0.05
0.0263279200107938,64.53000000000631,Mixed,timer_il2_menten,0,0.05
0.026264808806518825,64.54000000000633,Mixed,timer_il2_menten,0,0.05
0.026201848878469353,64.55000000000632,Mixed,timer_il2_menten,0,0.05
0.026139039857433106,64.56000000000633,Mixed,timer_il2_menten,0,0.05
0.026076381386241392,64.57000000000633,Mixed,timer_il2_menten,0,0.05
0.02601387312597008,64.58000000000632,Mixed,timer_il2_menten,0,0.05
0.025951514716271162,64.59000000000634,Mixed,timer_il2_menten,0,0.05
0.025889305795970204,64.60000000000633,Mixed,timer_il2_menten,0,0.05
0.025827246003892253,64.61000000000632,Mixed,timer_il2_menten,0,0.05
0.025765334978862353,64.62000000000634,Mixed,timer_il2_menten,0,0.05
0.025703572359706085,64.63000000000633,Mixed,timer_il2_menten,0,0.05
0.025641957785248408,64.64000000000634,Mixed,timer_il2_menten,0,0.05
0.025580490894314634,64.65000000000634,Mixed,timer_il2_menten,0,0.05
0.025519134567738952,64.66000000000633,Mixed,timer_il2_menten,0,0.05
0.02545797345968874,64.67000000000635,Mixed,timer_il2_menten,0,0.05
0.025396956333948666,64.68000000000634,Mixed,timer_il2_menten,0,0.05
0.02533608319051854,64.69000000000634,Mixed,timer_il2_menten,0,0.05
0.025275354029398206,64.70000000000636,Mixed,timer_il2_menten,0,0.05
0.025214768850588,64.71000000000635,Mixed,timer_il2_menten,0,0.05
0.025154327654087674,64.72000000000635,Mixed,timer_il2_menten,0,0.05
0.0250940304398973,64.73000000000636,Mixed,timer_il2_menten,0,0.05
0.02503387720801697,64.74000000000635,Mixed,timer_il2_menten,0,0.05
0.024973867792834264,64.75000000000637,Mixed,timer_il2_menten,0,0.05
0.024914000987894404,64.76000000000636,Mixed,timer_il2_menten,0,0.05
0.024854276551926974,64.77000000000635,Mixed,timer_il2_menten,0,0.05
0.024794694484931785,64.78000000000637,Mixed,timer_il2_menten,0,0.05
0.02473525478690919,64.79000000000636,Mixed,timer_il2_menten,0,0.05
0.02467595745785893,64.80000000000636,Mixed,timer_il2_menten,0,0.05
0.02461680249778108,64.81000000000637,Mixed,timer_il2_menten,0,0.05
0.024557789906675745,64.82000000000636,Mixed,timer_il2_menten,0,0.05
0.024498919684542667,64.83000000000638,Mixed,timer_il2_menten,0,0.05
0.024440191831382158,64.84000000000637,Mixed,timer_il2_menten,0,0.05
0.024381605122696257,64.85000000000636,Mixed,timer_il2_menten,0,0.05
0.024323157573171564,64.86000000000638,Mixed,timer_il2_menten,0,0.05
0.024264849155357166,64.87000000000637,Mixed,timer_il2_menten,0,0.05
0.02420667986925283,64.88000000000638,Mixed,timer_il2_menten,0,0.05
0.024148649714858642,64.89000000000638,Mixed,timer_il2_menten,0,0.05
0.02409075869217468,64.90000000000637,Mixed,timer_il2_menten,0,0.05
0.024033006801200685,64.91000000000639,Mixed,timer_il2_menten,0,0.05
0.02397539404193701,64.92000000000638,Mixed,timer_il2_menten,0,0.05
0.023917920414383474,64.93000000000637,Mixed,timer_il2_menten,0,0.05
0.023860630003263546,64.94000000000639,Mixed,timer_il2_menten,0,0.05
0.023803419363060636,64.95000000000638,Mixed,timer_il2_menten,0,0.05
0.023746347429859108,64.96000000000639,Mixed,timer_il2_menten,0,0.05
0.02368941387351589,64.9700000000064,Mixed,timer_il2_menten,0,0.05
0.023632618363887904,64.98000000000638,Mixed,timer_il2_menten,0,0.05
0.023575960570831767,64.9900000000064,Mixed,timer_il2_menten,0,0.05
0.02351944016420464,65.0000000000064,Mixed,timer_il2_menten,0,0.05
0.02346305681386321,65.01000000000639,Mixed,timer_il2_menten,0,0.05
0.02340681018966416,65.0200000000064,Mixed,timer_il2_menten,0,0.05
0.02335069996146466,65.0300000000064,Mixed,timer_il2_menten,0,0.05
0.023294725640298143,65.0400000000064,Mixed,timer_il2_menten,0,0.05
0.023238886423854674,65.0500000000064,Mixed,timer_il2_menten,0,0.05
0.023183181919504917,65.0600000000064,Mixed,timer_il2_menten,0,0.05
0.02312761176242898,65.07000000000642,Mixed,timer_il2_menten,0,0.05
0.023072175587807515,65.08000000000641,Mixed,timer_il2_menten,0,0.05
0.0230168730308207,65.0900000000064,Mixed,timer_il2_menten,0,0.05
0.02296170372664873,65.10000000000642,Mixed,timer_il2_menten,0,0.05
0.02290666731047225,65.11000000000641,Mixed,timer_il2_menten,0,0.05
0.022851763417471378,65.12000000000641,Mixed,timer_il2_menten,0,0.05
0.022796991682826513,65.13000000000642,Mixed,timer_il2_menten,0,0.05
0.02274235174171809,65.14000000000641,Mixed,timer_il2_menten,0,0.05
0.02268784322932621,65.15000000000643,Mixed,timer_il2_menten,0,0.05
0.022633465780831523,65.16000000000642,Mixed,timer_il2_menten,0,0.05
0.02257921903141421,65.17000000000641,Mixed,timer_il2_menten,0,0.05
0.022525102616254466,65.18000000000643,Mixed,timer_il2_menten,0,0.05
0.022471116170532934,65.19000000000642,Mixed,timer_il2_menten,0,0.05
0.022417259329429725,65.20000000000643,Mixed,timer_il2_menten,0,0.05
0.02236353172812526,65.21000000000643,Mixed,timer_il2_menten,0,0.05
0.022309933001799953,65.22000000000642,Mixed,timer_il2_menten,0,0.05
0.022256462785633906,65.23000000000644,Mixed,timer_il2_menten,0,0.05
0.022203120714807782,65.24000000000643,Mixed,timer_il2_menten,0,0.05
0.02214990642450176,65.25000000000642,Mixed,timer_il2_menten,0,0.05
0.02209681954989602,65.26000000000644,Mixed,timer_il2_menten,0,0.05
0.022043859726171226,65.27,Mixed,timer_il2_menten,0,0.05
0.021991017900511545,65.28,Mixed,timer_il2_menten,0,0.05
0.02193830274104506,65.29,Mixed,timer_il2_menten,0,0.05
0.021885713946262625,65.30000000000001,Mixed,timer_il2_menten,0,0.05
0.021833251213253323,65.31000000000002,Mixed,timer_il2_menten,0,0.05
0.021780914239831244,65.32000000000002,Mixed,timer_il2_menten,0,0.05
0.021728702724535476,65.33000000000003,Mixed,timer_il2_menten,0,0.05
0.02167661636662761,65.34000000000003,Mixed,timer_il2_menten,0,0.05
0.02162465486608983,65.35000000000004,Mixed,timer_il2_menten,0,0.05
0.02157281792362388,65.36000000000004,Mixed,timer_il2_menten,0,0.05
0.021521105240648826,65.37000000000005,Mixed,timer_il2_menten,0,0.05
0.02146951651929945,65.38000000000005,Mixed,timer_il2_menten,0,0.05
0.021418051462424585,65.39000000000006,Mixed,timer_il2_menten,0,0.05
0.02136670977358536,65.40000000000006,Mixed,timer_il2_menten,0,0.05
0.021315491157053505,65.41000000000007,Mixed,timer_il2_menten,0,0.05
0.021264395317809638,65.42000000000007,Mixed,timer_il2_menten,0,0.05
0.021213421961541606,65.43000000000008,Mixed,timer_il2_menten,0,0.05
0.021162570794642704,65.44000000000008,Mixed,timer_il2_menten,0,0.05
0.021111841524210105,65.45000000000009,Mixed,timer_il2_menten,0,0.05
0.021061233858043045,65.4600000000001,Mixed,timer_il2_menten,0,0.05
0.02101074750464125,65.4700000000001,Mixed,timer_il2_menten,0,0.05
0.020960382173203153,65.4800000000001,Mixed,timer_il2_menten,0,0.05
0.020910137573624345,65.49000000000011,Mixed,timer_il2_menten,0,0.05
0.020860013416495765,65.50000000000011,Mixed,timer_il2_menten,0,0.05
0.020810009413102137,65.51000000000012,Mixed,timer_il2_menten,0,0.05
0.020760125275420264,65.52000000000012,Mixed,timer_il2_menten,0,0.05
0.02071036071611738,65.53000000000013,Mixed,timer_il2_menten,0,0.05
0.02066071544854947,65.54000000000013,Mixed,timer_il2_menten,0,0.05
0.020611189186759683,65.55000000000014,Mixed,timer_il2_menten,0,0.05
0.020561781645476614,65.56000000000014,Mixed,timer_il2_menten,0,0.05
0.02051249254011265,65.57000000000015,Mixed,timer_il2_menten,0,0.05
0.020463321586762447,65.58000000000015,Mixed,timer_il2_menten,0,0.05
0.020414268502201148,65.59000000000016,Mixed,timer_il2_menten,0,0.05
0.02036533300388286,65.60000000000016,Mixed,timer_il2_menten,0,0.05
0.020316514809939002,65.61000000000017,Mixed,timer_il2_menten,0,0.05
0.020267813639176593,65.62000000000018,Mixed,timer_il2_menten,0,0.05
0.020219229211076807,65.63000000000018,Mixed,timer_il2_menten,0,0.05
0.02017076124579316,65.64000000000019,Mixed,timer_il2_menten,0,0.05
0.02012240946415006,65.65000000000019,Mixed,timer_il2_menten,0,0.05
0.020074173587641124,65.6600000000002,Mixed,timer_il2_menten,0,0.05
0.020026053338427535,65.6700000000002,Mixed,timer_il2_menten,0,0.05
0.01997804843933656,65.6800000000002,Mixed,timer_il2_menten,0,0.05
0.019930158613859814,65.69000000000021,Mixed,timer_il2_menten,0,0.05
0.01988238358615179,65.70000000000022,Mixed,timer_il2_menten,0,0.05
0.019834723081028207,65.71000000000022,Mixed,timer_il2_menten,0,0.05
0.019787176823964393,65.72000000000023,Mixed,timer_il2_menten,0,0.05
0.019739744541093805,65.73000000000023,Mixed,timer_il2_menten,0,0.05
0.01969242595920634,65.74000000000024,Mixed,timer_il2_menten,0,0.05
0.019645220805746842,65.75000000000024,Mixed,timer_il2_menten,0,0.05
0.019598128808813512,65.76000000000025,Mixed,timer_il2_menten,0,0.05
0.01955114969715629,65.77000000000025,Mixed,timer_il2_menten,0,0.05
0.019504283200175387,65.78000000000026,Mixed,timer_il2_menten,0,0.05
0.019457529047919638,65.79000000000026,Mixed,timer_il2_menten,0,0.05
0.019410886971085017,65.80000000000027,Mixed,timer_il2_menten,0,0.05
0.019364356701013004,65.81000000000027,Mixed,timer_il2_menten,0,0.05
0.019317937969689128,65.82000000000028,Mixed,timer_il2_menten,0,0.05
0.019271630509741372,65.83000000000028,Mixed,timer_il2_menten,0,0.05
0.019225434054438634,65.84000000000029,Mixed,timer_il2_menten,0,0.05
0.019179348337689195,65.85000000000029,Mixed,timer_il2_menten,0,0.05
0.019133373094039223,65.8600000000003,Mixed,timer_il2_menten,0,0.05
0.01908750805867116,65.8700000000003,Mixed,timer_il2_menten,0,0.05
0.019041752967402292,65.88000000000031,Mixed,timer_il2_menten,0,0.05
0.01899610755668317,65.89000000000031,Mixed,timer_il2_menten,0,0.05
0.018950571563596086,65.90000000000032,Mixed,timer_il2_menten,0,0.05
0.018905144725853605,65.91000000000032,Mixed,timer_il2_menten,0,0.05
0.01885982678179702,65.92000000000033,Mixed,timer_il2_menten,0,0.05
0.018814617470394833,65.93000000000033,Mixed,timer_il2_menten,0,0.05
0.018769516531241294,65.94000000000034,Mixed,timer_il2_menten,0,0.05
0.01872452370455488,65.95000000000034,Mixed,timer_il2_menten,0,0.05
0.018679638731176763,65.96000000000035,Mixed,timer_il2_menten,0,0.05
0.018634861352569386,65.97000000000035,Mixed,timer_il2_menten,0,0.05
0.0185901913108149,65.98000000000036,Mixed,timer_il2_menten,0,0.05
0.018545628348613785,65.99000000000036,Mixed,timer_il2_menten,0,0.05
0.018501172209283226,66.00000000000037,Mixed,timer_il2_menten,0,0.05
0.01845682263675573,66.01000000000037,Mixed,timer_il2_menten,0,0.05
0.01841257937557767,66.02000000000038,Mixed,timer_il2_menten,0,0.05
0.018368442170907724,66.03000000000038,Mixed,timer_il2_menten,0,0.05
0.01832441076851544,66.04000000000039,Mixed,timer_il2_menten,0,0.05
0.018280484914779876,66.0500000000004,Mixed,timer_il2_menten,0,0.05
0.018236664356687957,66.0600000000004,Mixed,timer_il2_menten,0,0.05
0.01819294884183316,66.0700000000004,Mixed,timer_il2_menten,0,0.05
0.018149338118413964,66.08000000000041,Mixed,timer_il2_menten,0,0.05
0.018105831935232526,66.09000000000042,Mixed,timer_il2_menten,0,0.05
0.0180624300416931,66.10000000000042,Mixed,timer_il2_menten,0,0.05
0.018019132187800636,66.11000000000043,Mixed,timer_il2_menten,0,0.05
0.01797593812415941,66.12000000000043,Mixed,timer_il2_menten,0,0.05
0.01793284760197148,66.13000000000044,Mixed,timer_il2_menten,0,0.05
0.017889860373035294,66.14000000000044,Mixed,timer_il2_menten,0,0.05
0.017846976189744346,66.15000000000045,Mixed,timer_il2_menten,0,0.05
0.01780419480508559,66.16000000000045,Mixed,timer_il2_menten,0,0.05
0.01776151597263814,66.17000000000046,Mixed,timer_il2_menten,0,0.05
0.017718939446571776,66.18000000000046,Mixed,timer_il2_menten,0,0.05
0.017676464981645632,66.19000000000047,Mixed,timer_il2_menten,0,0.05
0.01763409233320666,66.20000000000047,Mixed,timer_il2_menten,0,0.05
0.01759182125718826,66.21000000000048,Mixed,timer_il2_menten,0,0.05
0.017549651510108955,66.22000000000048,Mixed,timer_il2_menten,0,0.05
0.01750758284907087,66.23000000000049,Mixed,timer_il2_menten,0,0.05
0.017465615031758405,66.24000000000049,Mixed,timer_il2_menten,0,0.05
0.01742374781643681,66.2500000000005,Mixed,timer_il2_menten,0,0.05
0.01738198096195081,66.2600000000005,Mixed,timer_il2_menten,0,0.05
0.017340314227723207,66.27000000000051,Mixed,timer_il2_menten,0,0.05
0.017298747373753497,66.28000000000051,Mixed,timer_il2_menten,0,0.05
0.017257280160616492,66.29000000000052,Mixed,timer_il2_menten,0,0.05
0.017215912349460925,66.30000000000052,Mixed,timer_il2_menten,0,0.05
0.017174643702008094,66.31000000000053,Mixed,timer_il2_menten,0,0.05
0.01713347398055046,66.32000000000053,Mixed,timer_il2_menten,0,0.05
0.017092402947950332,66.33000000000054,Mixed,timer_il2_menten,0,0.05
0.01705143036763844,66.34000000000054,Mixed,timer_il2_menten,0,0.05
0.01701055600361261,66.35000000000055,Mixed,timer_il2_menten,0,0.05
0.016969779620436384,66.36000000000055,Mixed,timer_il2_menten,0,0.05
0.016929100983237702,66.37000000000056,Mixed,timer_il2_menten,0,0.05
0.016888519857707483,66.38000000000056,Mixed,timer_il2_menten,0,0.05
0.016848036010098343,66.39000000000057,Mixed,timer_il2_menten,0,0.05
0.016807649207223187,66.40000000000057,Mixed,timer_il2_menten,0,0.05
0.01676735921645395,66.41000000000058,Mixed,timer_il2_menten,0,0.05
0.016727165805720156,66.42000000000058,Mixed,timer_il2_menten,0,0.05
0.016687068743507644,66.43000000000059,Mixed,timer_il2_menten,0,0.05
0.01664706779885724,66.4400000000006,Mixed,timer_il2_menten,0,0.05
0.01660716274136338,66.4500000000006,Mixed,timer_il2_menten,0,0.05
0.016567353341172826,66.4600000000006,Mixed,timer_il2_menten,0,0.05
0.016527639368983313,66.47000000000061,Mixed,timer_il2_menten,0,0.05
0.016488020596042277,66.48000000000062,Mixed,timer_il2_menten,0,0.05
0.01644849679414545,66.49000000000062,Mixed,timer_il2_menten,0,0.05
0.016409067735635642,66.50000000000063,Mixed,timer_il2_menten,0,0.05
0.016369733193401362,66.51000000000063,Mixed,timer_il2_menten,0,0.05
0.016330492940875522,66.52000000000064,Mixed,timer_il2_menten,0,0.05
0.016291346752034183,66.53000000000064,Mixed,timer_il2_menten,0,0.05
0.01625229440139517,66.54000000000065,Mixed,timer_il2_menten,0,0.05
0.016213335664016854,66.55000000000065,Mixed,timer_il2_menten,0,0.05
0.01617447031549678,66.56000000000066,Mixed,timer_il2_menten,0,0.05
0.016135698131970445,66.57000000000066,Mixed,timer_il2_menten,0,0.05
0.016097018890109963,66.58000000000067,Mixed,timer_il2_menten,0,0.05
0.016058432367122802,66.59000000000067,Mixed,timer_il2_menten,0,0.05
0.01601993834075046,66.60000000000068,Mixed,timer_il2_menten,0,0.05
0.01598153658926726,66.61000000000068,Mixed,timer_il2_menten,0,0.05
0.015943226891479,66.62000000000069,Mixed,timer_il2_menten,0,0.05
0.015905009026721713,66.63000000000069,Mixed,timer_il2_menten,0,0.05
0.015866882774860397,66.6400000000007,Mixed,timer_il2_menten,0,0.05
0.015828847916287733,66.6500000000007,Mixed,timer_il2_menten,0,0.05
0.015790904231922823,66.66000000000071,Mixed,timer_il2_menten,0,0.05
0.01575305150320995,66.67000000000071,Mixed,timer_il2_menten,0,0.05
0.015715289512117297,66.68000000000072,Mixed,timer_il2_menten,0,0.05
0.01567761804113568,66.69000000000072,Mixed,timer_il2_menten,0,0.05
0.01564003687327732,66.70000000000073,Mixed,timer_il2_menten,0,0.05
0.0156025457920746,66.71000000000073,Mixed,timer_il2_menten,0,0.05
0.015565144581578778,66.72000000000074,Mixed,timer_il2_menten,0,0.05
0.015527833026358778,66.73000000000074,Mixed,timer_il2_menten,0,0.05
0.015490610911499943,66.74000000000075,Mixed,timer_il2_menten,0,0.05
0.015453478022602782,66.75000000000075,Mixed,timer_il2_menten,0,0.05
0.01541643414578176,66.76000000000076,Mixed,timer_il2_menten,0,0.05
0.015379479067664048,66.77000000000076,Mixed,timer_il2_menten,0,0.05
0.015342612575388279,66.78000000000077,Mixed,timer_il2_menten,0,0.05
0.015305834456603367,66.79000000000077,Mixed,timer_il2_menten,0,0.05
0.015269144499467226,66.80000000000078,Mixed,timer_il2_menten,0,0.05
0.015232542492645636,66.81000000000078,Mixed,timer_il2_menten,0,0.05
0.015196028225310928,66.82000000000079,Mixed,timer_il2_menten,0,0.05
0.015159601487140822,66.8300000000008,Mixed,timer_il2_menten,0,0.05
0.015123262068317192,66.8400000000008,Mixed,timer_il2_menten,0,0.05
0.015087009759524865,66.8500000000008,Mixed,timer_il2_menten,0,0.05
0.015050844351950535,66.86000000000081,Mixed,timer_il2_menten,0,0.05
0.015014765637281359,66.87000000000081,Mixed,timer_il2_menten,0,0.05
0.014978773407703826,66.88000000000082,Mixed,timer_il2_menten,0,0.05
0.014942867455902526,66.89000000000082,Mixed,timer_il2_menten,0,0.05
0.014907047575058941,66.90000000000083,Mixed,timer_il2_menten,0,0.05
0.014871313558850642,66.91000000000084,Mixed,timer_il2_menten,0,0.05
0.014835665201449669,66.92000000000084,Mixed,timer_il2_menten,0,0.05
0.014800102297521357,66.93000000000085,Mixed,timer_il2_menten,0,0.05
0.014764624642223192,66.94000000000085,Mixed,timer_il2_menten,0,0.05
0.0147292320312036,66.95000000000086,Mixed,timer_il2_menten,0,0.05
0.014693924260601218,66.96000000000086,Mixed,timer_il2_menten,0,0.05
0.014658701127043317,66.97000000000087,Mixed,timer_il2_menten,0,0.05
0.01462356242764452,66.98000000000087,Mixed,timer_il2_menten,0,0.05
0.014588507960005742,66.99000000000088,Mixed,timer_il2_menten,0,0.05
0.01455353752221298,67.00000000000088,Mixed,timer_il2_menten,0,0.05
0.014518650912836535,67.01000000000089,Mixed,timer_il2_menten,0,0.05
0.014483847930929598,67.02000000000089,Mixed,timer_il2_menten,0,0.05
0.014449128376026882,67.0300000000009,Mixed,timer_il2_menten,0,0.05
0.014414492048143577,67.0400000000009,Mixed,timer_il2_menten,0,0.05
0.014379938747774188,67.0500000000009,Mixed,timer_il2_menten,0,0.05
0.01434546827589163,67.06000000000091,Mixed,timer_il2_menten,0,0.05
0.014311080433946126,67.07000000000092,Mixed,timer_il2_menten,0,0.05
0.014276775023863587,67.08000000000092,Mixed,timer_il2_menten,0,0.05
0.01424255184804469,67.09000000000093,Mixed,timer_il2_menten,0,0.05
0.014208410709363692,67.10000000000093,Mixed,timer_il2_menten,0,0.05
0.014174351411167598,67.11000000000094,Mixed,timer_il2_menten,0,0.05
0.014140373757275008,67.12000000000094,Mixed,timer_il2_menten,0,0.05
0.014106477551974549,67.13000000000095,Mixed,timer_il2_menten,0,0.05
0.014072662600023912,67.14000000000095,Mixed,timer_il2_menten,0,0.05
0.014038928706648721,67.15000000000096,Mixed,timer_il2_menten,0,0.05
0.014005275677541397,67.16000000000096,Mixed,timer_il2_menten,0,0.05
0.01397170331886052,67.17000000000097,Mixed,timer_il2_menten,0,0.05
0.01393821143722956,67.18000000000097,Mixed,timer_il2_menten,0,0.05
0.013904799839735183,67.19000000000098,Mixed,timer_il2_menten,0,0.05
0.01387146833392642,67.20000000000098,Mixed,timer_il2_menten,0,0.05
0.013838216727813546,67.21000000000099,Mixed,timer_il2_menten,0,0.05
0.013805044829866999,67.220000000001,Mixed,timer_il2_menten,0,0.05
0.013771952449016784,67.230000000001,Mixed,timer_il2_menten,0,0.05
0.013738939394650934,67.240000000001,Mixed,timer_il2_menten,0,0.05
0.013706005476614144,67.25000000000101,Mixed,timer_il2_menten,0,0.05
0.013673150505206868,67.26000000000101,Mixed,timer_il2_menten,0,0.05
0.013640374291184202,67.27000000000102,Mixed,timer_il2_menten,0,0.05
0.013607676645754862,67.28000000000102,Mixed,timer_il2_menten,0,0.05
0.013575057380580634,67.29000000000103,Mixed,timer_il2_menten,0,0.05
0.013542516307774633,67.30000000000103,Mixed,timer_il2_menten,0,0.05
0.013510053239900156,67.31000000000104,Mixed,timer_il2_menten,0,0.05
0.013477667989969744,67.32000000000104,Mixed,timer_il2_menten,0,0.05
0.013445360371444077,67.33000000000105,Mixed,timer_il2_menten,0,0.05
0.013413130198231031,67.34000000000106,Mixed,timer_il2_menten,0,0.05
0.013380977284685085,67.35000000000106,Mixed,timer_il2_menten,0,0.05
0.013348901445605476,67.36000000000107,Mixed,timer_il2_menten,0,0.05
0.013316902496235229,67.37000000000107,Mixed,timer_il2_menten,0,0.05
0.013284980252260208,67.38000000000108,Mixed,timer_il2_menten,0,0.05
0.013253134529807992,67.39000000000108,Mixed,timer_il2_menten,0,0.05
0.013221365145415772,67.40000000000109,Mixed,timer_il2_menten,0,0.05
0.013189671916175481,67.41000000000109,Mixed,timer_il2_menten,0,0.05
0.013158054659469256,67.4200000000011,Mixed,timer_il2_menten,0,0.05
0.01312651319318869,67.4300000000011,Mixed,timer_il2_menten,0,0.05
0.013095047335658527,67.4400000000011,Mixed,timer_il2_menten,0,0.05
0.013063656905636652,67.45000000000111,Mixed,timer_il2_menten,0,0.05
0.013032341722312001,67.46000000000112,Mixed,timer_il2_menten,0,0.05
0.01300110160530419,67.47000000000112,Mixed,timer_il2_menten,0,0.05
0.012969936374668235,67.48000000000113,Mixed,timer_il2_menten,0,0.05
0.012938845850892049,67.49000000000113,Mixed,timer_il2_menten,0,0.05
0.012907829854896437,67.50000000000114,Mixed,timer_il2_menten,0,0.05
0.012876888208035096,67.51000000000114,Mixed,timer_il2_menten,0,0.05
0.012846020732094614,67.52000000000115,Mixed,timer_il2_menten,0,0.05
0.012815227249289001,67.53000000000115,Mixed,timer_il2_menten,0,0.05
0.012784507582206062,67.54000000000116,Mixed,timer_il2_menten,0,0.05
0.012753861553886865,67.55000000000116,Mixed,timer_il2_menten,0,0.05
0.01272328898781401,67.56000000000117,Mixed,timer_il2_menten,0,0.05
0.012692789707899214,67.57000000000117,Mixed,timer_il2_menten,0,0.05
0.012662363538483282,67.58000000000118,Mixed,timer_il2_menten,0,0.05
0.012632010304336127,67.59000000000118,Mixed,timer_il2_menten,0,0.05
0.012601729830656763,67.60000000000119,Mixed,timer_il2_menten,0,0.05
0.012571521943013328,67.6100000000012,Mixed,timer_il2_menten,0,0.05
0.012541386467334503,67.6200000000012,Mixed,timer_il2_menten,0,0.05
0.01251132323004057,67.6300000000012,Mixed,timer_il2_menten,0,0.05
0.012481332057974501,67.64000000000121,Mixed,timer_il2_menten,0,0.05
0.012451412778401038,67.65000000000121,Mixed,timer_il2_menten,0,0.05
0.01242156521900669,67.66000000000122,Mixed,timer_il2_menten,0,0.05
0.012391789207899752,67.67000000000122,Mixed,timer_il2_menten,0,0.05
0.012362084573599438,67.68000000000123,Mixed,timer_il2_menten,0,0.05
0.012332451144929344,67.69000000000123,Mixed,timer_il2_menten,0,0.05
0.012302888751175297,67.70000000000124,Mixed,timer_il2_menten,0,0.05
0.012273397222062077,67.71000000000124,Mixed,timer_il2_menten,0,0.05
0.012243976387728738,67.72000000000125,Mixed,timer_il2_menten,0,0.05
0.012214626078728568,67.73000000000125,Mixed,timer_il2_menten,0,0.05
0.012185346126029103,67.74000000000126,Mixed,timer_il2_menten,0,0.05
0.012156136361012124,67.75000000000126,Mixed,timer_il2_menten,0,0.05
0.012126996615413223,67.75,Mixed,timer_il2_menten,0,0.05
0.01209792672253207,67.76,Mixed,timer_il2_menten,0,0.05
0.012068926512570093,67.77000000000001,Mixed,timer_il2_menten,0,0.05
0.012039995819657978,67.78000000000002,Mixed,timer_il2_menten,0,0.05
0.012011134477155225,67.79000000000002,Mixed,timer_il2_menten,0,0.05
0.011982342318820224,67.80000000000003,Mixed,timer_il2_menten,0,0.05
0.011953619178810125,67.81000000000003,Mixed,timer_il2_menten,0,0.05
0.011924964891679638,67.82000000000004,Mixed,timer_il2_menten,0,0.05
0.011896379292379812,67.83000000000004,Mixed,timer_il2_menten,0,0.05
0.011867862216257609,67.84000000000005,Mixed,timer_il2_menten,0,0.05
0.011839413499054593,67.85000000000005,Mixed,timer_il2_menten,0,0.05
0.011811032976906059,67.86000000000006,Mixed,timer_il2_menten,0,0.05
0.011782720486340133,67.87000000000006,Mixed,timer_il2_menten,0,0.05
0.011754475864276795,67.88000000000007,Mixed,timer_il2_menten,0,0.05
0.011726298948026919,67.89000000000007,Mixed,timer_il2_menten,0,0.05
0.01169818957529144,67.90000000000008,Mixed,timer_il2_menten,0,0.05
0.011670147584160242,67.91000000000008,Mixed,timer_il2_menten,0,0.05
0.01164217281311141,67.92000000000009,Mixed,timer_il2_menten,0,0.05
0.01161426510101015,67.93000000000009,Mixed,timer_il2_menten,0,0.05
0.011586424287108002,67.9400000000001,Mixed,timer_il2_menten,0,0.05
0.011558650211041764,67.9500000000001,Mixed,timer_il2_menten,0,0.05
0.011530942712832715,67.96000000000011,Mixed,timer_il2_menten,0,0.05
0.011503301632885557,67.97000000000011,Mixed,timer_il2_menten,0,0.05
0.011475726811987629,67.98000000000012,Mixed,timer_il2_menten,0,0.05
0.011448218091307843,67.99000000000012,Mixed,timer_il2_menten,0,0.05
0.011420775312395937,68.00000000000013,Mixed,timer_il2_menten,0,0.05
0.011393398317181384,68.01000000000013,Mixed,timer_il2_menten,0,0.05
0.01136608694797266,68.02000000000014,Mixed,timer_il2_menten,0,0.05
0.011338841047456165,68.03000000000014,Mixed,timer_il2_menten,0,0.05
0.01131166045869545,68.04000000000015,Mixed,timer_il2_menten,0,0.05
0.011284545025130256,68.05000000000015,Mixed,timer_il2_menten,0,0.05
0.011257494590575597,68.06000000000016,Mixed,timer_il2_menten,0,0.05
0.01123050899922091,68.07000000000016,Mixed,timer_il2_menten,0,0.05
0.01120358809562911,68.08000000000017,Mixed,timer_il2_menten,0,0.05
0.011176731724735713,68.09000000000017,Mixed,timer_il2_menten,0,0.05
0.011149939731847955,68.10000000000018,Mixed,timer_il2_menten,0,0.05
0.011123211962643875,68.11000000000018,Mixed,timer_il2_menten,0,0.05
0.01109654826317146,68.12000000000019,Mixed,timer_il2_menten,0,0.05
0.01106994847984772,68.1300000000002,Mixed,timer_il2_menten,0,0.05
0.011043412459457825,68.1400000000002,Mixed,timer_il2_menten,0,0.05
0.011016940049154234,68.1500000000002,Mixed,timer_il2_menten,0,0.05
0.010990531096455784,68.16000000000021,Mixed,timer_il2_menten,0,0.05
0.010964185449246835,68.17000000000021,Mixed,timer_il2_menten,0,0.05
0.010937902955776388,68.18000000000022,Mixed,timer_il2_menten,0,0.05
0.010911683464657209,68.19000000000023,Mixed,timer_il2_menten,0,0.05
0.010885526824864957,68.20000000000023,Mixed,timer_il2_menten,0,0.05
0.010859432885737319,68.21000000000024,Mixed,timer_il2_menten,0,0.05
0.010833401496973118,68.22000000000024,Mixed,timer_il2_menten,0,0.05
0.010807432508631492,68.23000000000025,Mixed,timer_il2_menten,0,0.05
0.010781525771131003,68.24000000000025,Mixed,timer_il2_menten,0,0.05
0.010755681135248758,68.25000000000026,Mixed,timer_il2_menten,0,0.05
0.01072989845211959,68.26000000000026,Mixed,timer_il2_menten,0,0.05
0.010704177573235172,68.27000000000027,Mixed,timer_il2_menten,0,0.05
0.01067851835044318,68.28000000000027,Mixed,timer_il2_menten,0,0.05
0.0106529206359464,68.29000000000028,Mixed,timer_il2_menten,0,0.05
0.010627384282301937,68.30000000000028,Mixed,timer_il2_menten,0,0.05
0.010601909142420332,68.31000000000029,Mixed,timer_il2_menten,0,0.05
0.01057649506956469,68.32000000000029,Mixed,timer_il2_menten,0,0.05
0.01055114191734989,68.3300000000003,Mixed,timer_il2_menten,0,0.05
0.010525849539741717,68.3400000000003,Mixed,timer_il2_menten,0,0.05
0.010500617791055985,68.3500000000003,Mixed,timer_il2_menten,0,0.05
0.01047544652595776,68.36000000000031,Mixed,timer_il2_menten,0,0.05
0.010450335599460497,68.37000000000032,Mixed,timer_il2_menten,0,0.05
0.010425284866925172,68.38000000000032,Mixed,timer_il2_menten,0,0.05
0.010400294184059505,68.39000000000033,Mixed,timer_il2_menten,0,0.05
0.0103753634069171,68.40000000000033,Mixed,timer_il2_menten,0,0.05
0.010350492391896598,68.41000000000034,Mixed,timer_il2_menten,0,0.05
0.01032568099574089,68.42000000000034,Mixed,timer_il2_menten,0,0.05
0.010300929075536272,68.43000000000035,Mixed,timer_il2_menten,0,0.05
0.010276236488711602,68.44000000000035,Mixed,timer_il2_menten,0,0.05
0.01025160309303752,68.45000000000036,Mixed,timer_il2_menten,0,0.05
0.010227028746625615,68.46000000000036,Mixed,timer_il2_menten,0,0.05
0.010202513307927548,68.47000000000037,Mixed,timer_il2_menten,0,0.05
0.010178056635734341,68.48000000000037,Mixed,timer_il2_menten,0,0.05
0.010153658589175517,68.49000000000038,Mixed,timer_il2_menten,0,0.05
0.010129319027718221,68.50000000000038,Mixed,timer_il2_menten,0,0.05
0.010105037811166529,68.51000000000039,Mixed,timer_il2_menten,0,0.05
0.010080814799660585,68.5200000000004,Mixed,timer_il2_menten,0,0.05
0.010056649853675744,68.5300000000004,Mixed,timer_il2_menten,0,0.05
0.01003254283402186,68.5400000000004,Mixed,timer_il2_menten,0,0.05
0.010008493601842444,68.55000000000041,Mixed,timer_il2_menten,0,0.05
0.00998450201861386,68.56000000000041,Mixed,timer_il2_menten,0,0.05
0.00996056794614449,68.57000000000042,Mixed,timer_il2_menten,0,0.05
0.009936691246574031,68.58000000000042,Mixed,timer_il2_menten,0,0.05
0.009912871782372643,68.59000000000043,Mixed,timer_il2_menten,0,0.05
0.009889109416340108,68.60000000000043,Mixed,timer_il2_menten,0,0.05
0.009865404011605156,68.61000000000044,Mixed,timer_il2_menten,0,0.05
0.009841755431624601,68.62000000000045,Mixed,timer_il2_menten,0,0.05
0.009818163540182528,68.63000000000045,Mixed,timer_il2_menten,0,0.05
0.009794628201389592,68.64000000000046,Mixed,timer_il2_menten,0,0.05
0.009771149279682175,68.65000000000046,Mixed,timer_il2_menten,0,0.05
0.009747726639821638,68.66000000000047,Mixed,timer_il2_menten,0,0.05
0.009724360146893485,68.67000000000047,Mixed,timer_il2_menten,0,0.05
0.009701049666306662,68.68000000000048,Mixed,timer_il2_menten,0,0.05
0.009677795063792755,68.69000000000048,Mixed,timer_il2_menten,0,0.05
0.00965459620540516,68.70000000000049,Mixed,timer_il2_menten,0,0.05
0.009631452957518397,68.71000000000049,Mixed,timer_il2_menten,0,0.05
0.009608365186827297,68.7200000000005,Mixed,timer_il2_menten,0,0.05
0.009585332760346243,68.7300000000005,Mixed,timer_il2_menten,0,0.05
0.00956235554540839,68.7400000000005,Mixed,timer_il2_menten,0,0.05
0.009539433409664913,68.75000000000051,Mixed,timer_il2_menten,0,0.05
0.009516566221084252,68.76000000000052,Mixed,timer_il2_menten,0,0.05
0.009493753847951336,68.77000000000052,Mixed,timer_il2_menten,0,0.05
0.009470996158866835,68.78000000000053,Mixed,timer_il2_menten,0,0.05
0.009448293022746392,68.79000000000053,Mixed,timer_il2_menten,0,0.05
0.009425644308819883,68.80000000000054,Mixed,timer_il2_menten,0,0.05
0.009403049886630651,68.81000000000054,Mixed,timer_il2_menten,0,0.05
0.009380509626034764,68.82000000000055,Mixed,timer_il2_menten,0,0.05
0.009358023397200262,68.83000000000055,Mixed,timer_il2_menten,0,0.05
0.0093355910706064,68.84000000000056,Mixed,timer_il2_menten,0,0.05
0.009313212517042913,68.85000000000056,Mixed,timer_il2_menten,0,0.05
0.009290887607609275,68.86000000000057,Mixed,timer_il2_menten,0,0.05
0.009268616213713943,68.87000000000057,Mixed,timer_il2_menten,0,0.05
0.00924639820707363,68.88000000000058,Mixed,timer_il2_menten,0,0.05
0.009224233459712555,68.89000000000058,Mixed,timer_il2_menten,0,0.05
0.009202121843961705,68.90000000000059,Mixed,timer_il2_menten,0,0.05
0.009180063232458124,68.9100000000006,Mixed,timer_il2_menten,0,0.05
0.009158057498144143,68.9200000000006,Mixed,timer_il2_menten,0,0.05
0.009136104514266672,68.9300000000006,Mixed,timer_il2_menten,0,0.05
0.00911420415437646,68.94000000000061,Mixed,timer_il2_menten,0,0.05
0.009092356292327379,68.95000000000061,Mixed,timer_il2_menten,0,0.05
0.009070560802275678,68.96000000000062,Mixed,timer_il2_menten,0,0.05
0.009048817558679277,68.97000000000062,Mixed,timer_il2_menten,0,0.05
0.009027126436297031,68.98000000000063,Mixed,timer_il2_menten,0,0.05
0.009005487310188026,68.99000000000063,Mixed,timer_il2_menten,0,0.05
0.008983900055710816,69.00000000000064,Mixed,timer_il2_menten,0,0.05
0.008962364548522766,69.01000000000064,Mixed,timer_il2_menten,0,0.05
0.008940880664579293,69.02000000000065,Mixed,timer_il2_menten,0,0.05
0.00891944828013318,69.03000000000065,Mixed,timer_il2_menten,0,0.05
0.00889806727173381,69.04000000000066,Mixed,timer_il2_menten,0,0.05
0.00887673751622653,69.05000000000067,Mixed,timer_il2_menten,0,0.05
0.008855458890751882,69.06000000000067,Mixed,timer_il2_menten,0,0.05
0.008834231272744937,69.07000000000068,Mixed,timer_il2_menten,0,0.05
0.00881305453993454,69.08000000000068,Mixed,timer_il2_menten,0,0.05
0.008791928570342661,69.09000000000069,Mixed,timer_il2_menten,0,0.05
0.008770853242283657,69.10000000000069,Mixed,timer_il2_menten,0,0.05
0.008749828434363584,69.1100000000007,Mixed,timer_il2_menten,0,0.05
0.008728854025479474,69.1200000000007,Mixed,timer_il2_menten,0,0.05
0.008707929894818688,69.1300000000007,Mixed,timer_il2_menten,0,0.05
0.00868705592185817,69.14000000000071,Mixed,timer_il2_menten,0,0.05
0.008666231986363782,69.15000000000072,Mixed,timer_il2_menten,0,0.05
0.0086454579683896,69.16000000000072,Mixed,timer_il2_menten,0,0.05
0.008624733748277215,69.17000000000073,Mixed,timer_il2_menten,0,0.05
0.008604059206655064,69.18000000000073,Mixed,timer_il2_menten,0,0.05
0.008583434224437733,69.19000000000074,Mixed,timer_il2_menten,0,0.05
0.008562858682825272,69.20000000000074,Mixed,timer_il2_menten,0,0.05
0.008542332463302492,69.21000000000075,Mixed,timer_il2_menten,0,0.05
0.00852185544763832,69.22000000000075,Mixed,timer_il2_menten,0,0.05
0.008501427517885088,69.23000000000076,Mixed,timer_il2_menten,0,0.05
0.008481048556377862,69.24000000000076,Mixed,timer_il2_menten,0,0.05
0.008460718445733775,69.25000000000077,Mixed,timer_il2_menten,0,0.05
0.00844043706885132,69.26000000000077,Mixed,timer_il2_menten,0,0.05
0.008420204308909721,69.27000000000078,Mixed,timer_il2_menten,0,0.05
0.008400020049368217,69.28000000000078,Mixed,timer_il2_menten,0,0.05
0.00837988417396543,69.29000000000079,Mixed,timer_il2_menten,0,0.05
0.008359796566718656,69.3000000000008,Mixed,timer_il2_menten,0,0.05
0.008339757111923222,69.3100000000008,Mixed,timer_il2_menten,0,0.05
0.008319765694151816,69.3200000000008,Mixed,timer_il2_menten,0,0.05
0.008299822198253797,69.33000000000081,Mixed,timer_il2_menten,0,0.05
0.008279926509354623,69.34000000000081,Mixed,timer_il2_menten,0,0.05
0.008260078512855075,69.35000000000082,Mixed,timer_il2_menten,0,0.05
0.008240278094430634,69.36000000000082,Mixed,timer_il2_menten,0,0.05
0.008220525140030792,69.37000000000083,Mixed,timer_il2_menten,0,0.05
0.008200819535878411,69.38000000000083,Mixed,timer_il2_menten,0,0.05
0.008181161168469245,69.39000000000084,Mixed,timer_il2_menten,0,0.05
0.00816154992457109,69.40000000000084,Mixed,timer_il2_menten,0,0.05
0.008141985691223113,69.41000000000085,Mixed,timer_il2_menten,0,0.05
0.008122468355735225,69.42000000000085,Mixed,timer_il2_menten,0,0.05
0.008102997805687422,69.43000000000086,Mixed,timer_il2_menten,0,0.05
0.008083573928929371,69.44000000000086,Mixed,timer_il2_menten,0,0.05
0.008064196613579563,69.45000000000087,Mixed,timer_il2_menten,0,0.05
0.008044865748024595,69.46000000000087,Mixed,timer_il2_menten,0,0.05
0.008025581220918579,69.47000000000088,Mixed,timer_il2_menten,0,0.05
0.008006342921182496,69.48000000000089,Mixed,timer_il2_menten,0,0.05
0.007987150738003743,69.49000000000089,Mixed,timer_il2_menten,0,0.05
0.007968004560835386,69.5000000000009,Mixed,timer_il2_menten,0,0.05
0.007948904279395378,69.5100000000009,Mixed,timer_il2_menten,0,0.05
0.007929849783666008,69.5200000000009,Mixed,timer_il2_menten,0,0.05
0.007910840963893242,69.53000000000091,Mixed,timer_il2_menten,0,0.05
0.00789187771058624,69.54000000000092,Mixed,timer_il2_menten,0,0.05
0.007872959914516734,69.55000000000092,Mixed,timer_il2_menten,0,0.05
0.007854087466718158,69.56000000000093,Mixed,timer_il2_menten,0,0.05
0.007835260258485119,69.57000000000093,Mixed,timer_il2_menten,0,0.05
0.007816478181372767,69.58000000000094,Mixed,timer_il2_menten,0,0.05
0.007797741127196315,69.59000000000094,Mixed,timer_il2_menten,0,0.05
0.007779048988030413,69.60000000000095,Mixed,timer_il2_menten,0,0.05
0.007760401656208302,69.61000000000095,Mixed,timer_il2_menten,0,0.05
0.007741799024321253,69.62000000000096,Mixed,timer_il2_menten,0,0.05
0.007723240985217964,69.63000000000096,Mixed,timer_il2_menten,0,0.05
0.007704727432003939,69.64000000000097,Mixed,timer_il2_menten,0,0.05
0.007686258258041128,69.65000000000097,Mixed,timer_il2_menten,0,0.05
0.007667833356947231,69.66000000000098,Mixed,timer_il2_menten,0,0.05
0.007649452622594761,69.67000000000098,Mixed,timer_il2_menten,0,0.05
0.007631115949110595,69.68000000000099,Mixed,timer_il2_menten,0,0.05
0.0076128232308753626,69.69000000000099,Mixed,timer_il2_menten,0,0.05
0.007594574362522825,69.700000000001,Mixed,timer_il2_menten,0,0.05
0.007576369238939586,69.710000000001,Mixed,timer_il2_menten,0,0.05
0.007558207755264213,69.72000000000101,Mixed,timer_il2_menten,0,0.05
0.007540089806886493,69.73000000000101,Mixed,timer_il2_menten,0,0.05
0.007522015289446948,69.74000000000102,Mixed,timer_il2_menten,0,0.05
0.007503984098836212,69.75000000000102,Mixed,timer_il2_menten,0,0.05
0.00748599613119446,69.76000000000103,Mixed,timer_il2_menten,0,0.05
0.007468051282911133,69.77000000000103,Mixed,timer_il2_menten,0,0.05
0.007450149450623941,69.78000000000104,Mixed,timer_il2_menten,0,0.05
0.007432290531218263,69.79000000000104,Mixed,timer_il2_menten,0,0.05
0.007414474421826621,69.80000000000105,Mixed,timer_il2_menten,0,0.05
0.007396701019828075,69.81000000000105,Mixed,timer_il2_menten,0,0.05
0.0073789702228476885,69.82000000000106,Mixed,timer_il2_menten,0,0.05
0.007361281928756232,69.83000000000106,Mixed,timer_il2_menten,0,0.05
0.007343636035669135,69.84000000000107,Mixed,timer_il2_menten,0,0.05
0.0073260324419459795,69.85000000000107,Mixed,timer_il2_menten,0,0.05
0.00730847104618996,69.86000000000108,Mixed,timer_il2_menten,0,0.05
0.007290951747247275,69.87000000000108,Mixed,timer_il2_menten,0,0.05
0.007273474444189457,69.88000000000109,Mixed,timer_il2_menten,0,0.05
0.007256039036393236,69.8900000000011,Mixed,timer_il2_menten,0,0.05
0.00723864542339497,69.9000000000011,Mixed,timer_il2_menten,0,0.05
0.0072212935050113,69.9100000000011,Mixed,timer_il2_menten,0,0.05
0.007203983181297146,69.92000000000111,Mixed,timer_il2_menten,0,0.05
0.0071867143525457255,69.93000000000112,Mixed,timer_il2_menten,0,0.05
0.007169486919287378,69.94000000000112,Mixed,timer_il2_menten,0,0.05
0.007152300782289369,69.95000000000113,Mixed,timer_il2_menten,0,0.05
0.007135155842558505,69.96000000000113,Mixed,timer_il2_menten,0,0.05
0.007118052001339737,69.97000000000114,Mixed,timer_il2_menten,0,0.05
0.00710098916011616,69.98000000000114,Mixed,timer_il2_menten,0,0.05
0.007083967220609019,69.99000000000115,Mixed,timer_il2_menten,0,0.05
0.007066986084777702,70.00000000000115,Mixed,timer_il2_menten,0,0.05
0.0070500456548167455,70.01000000000116,Mixed,timer_il2_menten,0,0.05
0.007033145833126303,70.02000000000116,Mixed,timer_il2_menten,0,0.05
0.007016286522355896,70.03000000000117,Mixed,timer_il2_menten,0,0.05
0.006999467625397946,70.04000000000117,Mixed,timer_il2_menten,0,0.05
0.006982689045380935,70.05000000000118,Mixed,timer_il2_menten,0,0.05
0.006965950685669414,70.06000000000118,Mixed,timer_il2_menten,0,0.05
0.006949252449863984,70.07000000000119,Mixed,timer_il2_menten,0,0.05
0.006932594241801317,70.08000000000119,Mixed,timer_il2_menten,0,0.05
0.006915975965521157,70.0900000000012,Mixed,timer_il2_menten,0,0.05
0.006899397525261574,70.1000000000012,Mixed,timer_il2_menten,0,0.05
0.006882858825531097,70.11000000000121,Mixed,timer_il2_menten,0,0.05
0.006866359771070787,70.12000000000121,Mixed,timer_il2_menten,0,0.05
0.006849900266853736,70.13000000000122,Mixed,timer_il2_menten,0,0.05
0.006833480218085061,70.14000000000122,Mixed,timer_il2_menten,0,0.05
0.0068170995302019085,70.15000000000123,Mixed,timer_il2_menten,0,0.05
0.006800758108867503,70.16000000000123,Mixed,timer_il2_menten,0,0.05
0.006784455859912495,70.17000000000124,Mixed,timer_il2_menten,0,0.05
0.006768192689421837,70.18000000000124,Mixed,timer_il2_menten,0,0.05
0.006751968503721964,70.19000000000125,Mixed,timer_il2_menten,0,0.05
0.006735783209367206,70.20000000000125,Mixed,timer_il2_menten,0,0.05
0.006719636713139786,70.21000000000126,Mixed,timer_il2_menten,0,0.05
0.00670352892204981,70.22000000000126,Mixed,timer_il2_menten,0,0.05
0.0066874597433352785,70.23000000000127,Mixed,timer_il2_menten,0,0.05
0.006671429084428833,70.24000000000127,Mixed,timer_il2_menten,0,0.05
0.006655436852952973,70.25000000000128,Mixed,timer_il2_menten,0,0.05
0.0066394829567927565,70.26000000000128,Mixed,timer_il2_menten,0,0.05
0.006623567304057572,70.27000000000129,Mixed,timer_il2_menten,0,0.05
0.006607689803080644,70.2800000000013,Mixed,timer_il2_menten,0,0.05
0.006591850362419006,70.2900000000013,Mixed,timer_il2_menten,0,0.05
0.006576048890853533,70.3000000000013,Mixed,timer_il2_menten,0,0.05
0.00656028529738317,70.31000000000131,Mixed,timer_il2_menten,0,0.05
0.006544559491168363,70.32000000000131,Mixed,timer_il2_menten,0,0.05
0.006528871381614867,70.33000000000132,Mixed,timer_il2_menten,0,0.05
0.006513220878361392,70.34000000000133,Mixed,timer_il2_menten,0,0.05
0.006497607891266478,70.35000000000133,Mixed,timer_il2_menten,0,0.05
0.006482032330408498,70.36000000000134,Mixed,timer_il2_menten,0,0.05
0.006466494106085662,70.37000000000134,Mixed,timer_il2_menten,0,0.05
0.006450993128816005,70.38000000000135,Mixed,timer_il2_menten,0,0.05
0.0064355293093053215,70.39000000000135,Mixed,timer_il2_menten,0,0.05
0.0064201025584425565,70.40000000000136,Mixed,timer_il2_menten,0,0.05
0.006404712787369923,70.41000000000136,Mixed,timer_il2_menten,0,0.05
0.006389359907446031,70.42000000000137,Mixed,timer_il2_menten,0,0.05
0.006374043830245415,70.43000000000137,Mixed,timer_il2_menten,0,0.05
0.00635876446755851,70.44000000000138,Mixed,timer_il2_menten,0,0.05
0.006343521731391667,70.45000000000138,Mixed,timer_il2_menten,0,0.05
0.006328315533961603,70.46000000000139,Mixed,timer_il2_menten,0,0.05
0.006313145787640825,70.47000000000139,Mixed,timer_il2_menten,0,0.05
0.006298012405038475,70.4800000000014,Mixed,timer_il2_menten,0,0.05
0.006282915298988409,70.4900000000014,Mixed,timer_il2_menten,0,0.05
0.006267854382536544,70.5000000000014,Mixed,timer_il2_menten,0,0.05
0.006252829568940854,70.51000000000141,Mixed,timer_il2_menten,0,0.05
0.006237840771671382,70.52000000000142,Mixed,timer_il2_menten,0,0.05
0.006222887904410217,70.53000000000142,Mixed,timer_il2_menten,0,0.05
0.006207970881020567,70.54000000000143,Mixed,timer_il2_menten,0,0.05
0.006193089615542321,70.55000000000143,Mixed,timer_il2_menten,0,0.05
0.006178244022259674,70.56000000000144,Mixed,timer_il2_menten,0,0.05
0.006163434015665577,70.57000000000144,Mixed,timer_il2_menten,0,0.05
0.006148659510461257,70.58000000000145,Mixed,timer_il2_menten,0,0.05
0.006133920421556215,70.59000000000145,Mixed,timer_il2_menten,0,0.05
0.006119216664068232,70.60000000000146,Mixed,timer_il2_menten,0,0.05
0.006104548153318014,70.61000000000146,Mixed,timer_il2_menten,0,0.05
0.006089914804776551,70.62000000000147,Mixed,timer_il2_menten,0,0.05
0.006075316534143102,70.63000000000147,Mixed,timer_il2_menten,0,0.05
0.00606075325733369,70.64000000000148,Mixed,timer_il2_menten,0,0.05
0.006046224890468906,70.65000000000148,Mixed,timer_il2_menten,0,0.05
0.0060317313498738975,70.66000000000149,Mixed,timer_il2_menten,0,0.05
0.006017272552078372,70.6700000000015,Mixed,timer_il2_menten,0,0.05
0.006002848413816606,70.6800000000015,Mixed,timer_il2_menten,0,0.05
0.00598845885199757,70.6900000000015,Mixed,timer_il2_menten,0,0.05
0.005974103783700684,70.70000000000151,Mixed,timer_il2_menten,0,0.05
0.005959783126241028,70.71000000000151,Mixed,timer_il2_menten,0,0.05
0.005945496797135056,70.72000000000152,Mixed,timer_il2_menten,0,0.05
0.005931244714100129,70.73000000000152,Mixed,timer_il2_menten,0,0.05
0.005917026795054533,70.74000000000153,Mixed,timer_il2_menten,0,0.05
0.005902842958117452,70.75000000000153,Mixed,timer_il2_menten,0,0.05
0.005888693121603828,70.76000000000154,Mixed,timer_il2_menten,0,0.05
0.0058745772039735765,70.77000000000155,Mixed,timer_il2_menten,0,0.05
0.005860495123906802,70.78000000000155,Mixed,timer_il2_menten,0,0.05
0.005846446800292714,70.79000000000156,Mixed,timer_il2_menten,0,0.05
0.005832432152217853,70.80000000000156,Mixed,timer_il2_menten,0,0.05
0.005818451098966086,70.81000000000157,Mixed,timer_il2_menten,0,0.05
0.005804503560018607,70.82000000000157,Mixed,timer_il2_menten,0,0.05
0.005790589455053939,70.83000000000158,Mixed,timer_il2_menten,0,0.05
0.005776708703919133,70.84000000000158,Mixed,timer_il2_menten,0,0.05
0.005762861226625655,70.85000000000159,Mixed,timer_il2_menten,0,0.05
0.005749046943412295,70.86000000000159,Mixed,timer_il2_menten,0,0.05
0.005735265774712104,70.8700000000016,Mixed,timer_il2_menten,0,0.05
0.005721517641151936,70.8800000000016,Mixed,timer_il2_menten,0,0.05
0.0057078024635524565,70.8900000000016,Mixed,timer_il2_menten,0,0.05
0.005694120162928137,70.90000000000161,Mixed,timer_il2_menten,0,0.05
0.005680470660482275,70.91000000000162,Mixed,timer_il2_menten,0,0.05
0.005666853877558021,70.92000000000162,Mixed,timer_il2_menten,0,0.05
0.005653269735710927,70.93000000000163,Mixed,timer_il2_menten,0,0.05
0.005639718156698257,70.94000000000163,Mixed,timer_il2_menten,0,0.05
0.005626199062467625,70.95000000000164,Mixed,timer_il2_menten,0,0.05
0.005612712375156998,70.96000000000164,Mixed,timer_il2_menten,0,0.05
0.005599258017094693,70.97000000000165,Mixed,timer_il2_menten,0,0.05
0.005585835910799378,70.98000000000165,Mixed,timer_il2_menten,0,0.05
0.005572445979000169,70.99000000000166,Mixed,timer_il2_menten,0,0.05
0.005559088144414359,71.00000000000166,Mixed,timer_il2_menten,0,0.05
0.005545762330189325,71.01000000000167,Mixed,timer_il2_menten,0,0.05
0.005532468459565591,71.02000000000167,Mixed,timer_il2_menten,0,0.05
0.0055192064559727305,71.03000000000168,Mixed,timer_il2_menten,0,0.05
0.0055059762430289105,71.04000000000168,Mixed,timer_il2_menten,0,0.05
0.0054927777445404335,71.05000000000169,Mixed,timer_il2_menten,0,0.05
0.005479610884487061,71.0600000000017,Mixed,timer_il2_menten,0,0.05
0.005466475586896846,71.0700000000017,Mixed,timer_il2_menten,0,0.05
0.00545337177607093,71.0800000000017,Mixed,timer_il2_menten,0,0.05
0.005440299376529886,71.09000000000171,Mixed,timer_il2_menten,0,0.05
0.0054272583129779655,71.10000000000171,Mixed,timer_il2_menten,0,0.05
0.0054142485103025675,71.11000000000172,Mixed,timer_il2_menten,0,0.05
0.0054012698935737395,71.12000000000172,Mixed,timer_il2_menten,0,0.05
0.005388322388043664,71.13000000000173,Mixed,timer_il2_menten,0,0.05
0.005375405919146144,71.14000000000173,Mixed,timer_il2_menten,0,0.05
0.005362520412496092,71.15000000000174,Mixed,timer_il2_menten,0,0.05
0.005349665793889024,71.16000000000174,Mixed,timer_il2_menten,0,0.05
0.005336841989300541,71.17000000000175,Mixed,timer_il2_menten,0,0.05
0.00532404892488582,71.18000000000175,Mixed,timer_il2_menten,0,0.05
0.005311286526979108,71.19000000000176,Mixed,timer_il2_menten,0,0.05
0.005298554722093205,71.20000000000176,Mixed,timer_il2_menten,0,0.05
0.005285853436918949,71.21000000000177,Mixed,timer_il2_menten,0,0.05
0.0052731825983247105,71.22000000000178,Mixed,timer_il2_menten,0,0.05
0.005260542133355887,71.23000000000178,Mixed,timer_il2_menten,0,0.05
0.005247931969234378,71.24000000000179,Mixed,timer_il2_menten,0,0.05
0.005235352033358081,71.25000000000179,Mixed,timer_il2_menten,0,0.05
0.005222802253300378,71.2600000000018,Mixed,timer_il2_menten,0,0.05
0.005210282556809634,71.2700000000018,Mixed,timer_il2_menten,0,0.05
0.005197792871808667,71.2800000000018,Mixed,timer_il2_menten,0,0.05
0.005185333126394253,71.29000000000181,Mixed,timer_il2_menten,0,0.05
0.005172903248759828,71.30000000000182,Mixed,timer_il2_menten,0,0.05
0.005160503167195782,71.31000000000182,Mixed,timer_il2_menten,0,0.05
0.0051481328102805715,71.32000000000183,Mixed,timer_il2_menten,0,0.05
0.005135792106764533,71.33000000000183,Mixed,timer_il2_menten,0,0.05
0.0051234809855670105,71.34000000000184,Mixed,timer_il2_menten,0,0.05
0.005111199375775781,71.35000000000184,Mixed,timer_il2_menten,0,0.05
0.00509894720664648,71.36000000000185,Mixed,timer_il2_menten,0,0.05
0.0050867244076020345,71.37000000000185,Mixed,timer_il2_menten,0,0.05
0.005074530908232079,71.38000000000186,Mixed,timer_il2_menten,0,0.05
0.005062366638292388,71.39000000000186,Mixed,timer_il2_menten,0,0.05
0.005050231527704303,71.40000000000187,Mixed,timer_il2_menten,0,0.05
0.005038125506554152,71.41000000000187,Mixed,timer_il2_menten,0,0.05
0.005026048505092683,71.42000000000188,Mixed,timer_il2_menten,0,0.05
0.005014000453734482,71.43000000000188,Mixed,timer_il2_menten,0,0.05
0.00500198128305741,71.44000000000189,Mixed,timer_il2_menten,0,0.05
0.004989990923802019,71.45000000000189,Mixed,timer_il2_menten,0,0.05
0.004978029306870984,71.4600000000019,Mixed,timer_il2_menten,0,0.05
0.004966096363328523,71.4700000000019,Mixed,timer_il2_menten,0,0.05
0.0049541920243998325,71.48000000000191,Mixed,timer_il2_menten,0,0.05
0.004942316221470504,71.49000000000191,Mixed,timer_il2_menten,0,0.05
0.004930468886085956,71.50000000000192,Mixed,timer_il2_menten,0,0.05
0.004918649949950858,71.51000000000192,Mixed,timer_il2_menten,0,0.05
0.0049068593449285575,71.52000000000193,Mixed,timer_il2_menten,0,0.05
0.004895097003064197,71.53000000000193,Mixed,timer_il2_menten,0,0.05
0.004883362856898318,71.54000000000194,Mixed,timer_il2_menten,0,0.05
0.004871656838949278,71.55000000000194,Mixed,timer_il2_menten,0,0.05
0.004859978881791604,71.56000000000195,Mixed,timer_il2_menten,0,0.05
0.004848328918161027,71.57000000000195,Mixed,timer_il2_menten,0,0.05
0.00483670688095404,71.58000000000196,Mixed,timer_il2_menten,0,0.05
0.004825112703227484,71.59000000000196,Mixed,timer_il2_menten,0,0.05
0.0048135463181981,71.60000000000197,Mixed,timer_il2_menten,0,0.05
0.004802007659242109,71.61000000000197,Mixed,timer_il2_menten,0,0.05
0.004790496659894782,71.62000000000198,Mixed,timer_il2_menten,0,0.05
0.00477901325385,71.63000000000198,Mixed,timer_il2_menten,0,0.05
0.004767557374959831,71.64000000000199,Mixed,timer_il2_menten,0,0.05
0.004756128957234102,71.650000000002,Mixed,timer_il2_menten,0,0.05
0.00474472793483996,71.660000000002,Mixed,timer_il2_menten,0,0.05
0.00473335424210145,71.670000000002,Mixed,timer_il2_menten,0,0.05
0.004722007813499074,71.68000000000201,Mixed,timer_il2_menten,0,0.05
0.004710688583669372,71.69000000000202,Mixed,timer_il2_menten,0,0.05
0.004699396487404481,71.70000000000202,Mixed,timer_il2_menten,0,0.05
0.004688131459651717,71.71000000000203,Mixed,timer_il2_menten,0,0.05
0.004676893435513129,71.72000000000203,Mixed,timer_il2_menten,0,0.05
0.00466568235024508,71.73000000000204,Mixed,timer_il2_menten,0,0.05
0.004654498139257812,71.74000000000204,Mixed,timer_il2_menten,0,0.05
0.004643340738115014,71.75000000000205,Mixed,timer_il2_menten,0,0.05
0.004632210082533398,71.76000000000205,Mixed,timer_il2_menten,0,0.05
0.004621106108423766,71.77000000000206,Mixed,timer_il2_menten,0,0.05
0.0046100287519095775,71.78000000000206,Mixed,timer_il2_menten,0,0.05
0.004598977949189181,71.79000000000207,Mixed,timer_il2_menten,0,0.05
0.004587953636610656,71.80000000000207,Mixed,timer_il2_menten,0,0.05
0.0045769557506744685,71.81000000000208,Mixed,timer_il2_menten,0,0.05
0.004565984228033081,71.82000000000208,Mixed,timer_il2_menten,0,0.05
0.004555039005490559,71.83000000000209,Mixed,timer_il2_menten,0,0.05
0.004544120020002188,71.84000000000209,Mixed,timer_il2_menten,0,0.05
0.004533227208674072,71.8500000000021,Mixed,timer_il2_menten,0,0.05
0.004522360508762749,71.8600000000021,Mixed,timer_il2_menten,0,0.05
0.004511519857674803,71.87000000000211,Mixed,timer_il2_menten,0,0.05
0.004500705192966465,71.88000000000211,Mixed,timer_il2_menten,0,0.05
0.0044899164523432315,71.89000000000212,Mixed,timer_il2_menten,0,0.05
0.004479153573659467,71.90000000000212,Mixed,timer_il2_menten,0,0.05
0.004468416494918015,71.91000000000213,Mixed,timer_il2_menten,0,0.05
0.004457705154269815,71.92000000000213,Mixed,timer_il2_menten,0,0.05
0.004447019490013495,71.93000000000214,Mixed,timer_il2_menten,0,0.05
0.004436359440594999,71.94000000000214,Mixed,timer_il2_menten,0,0.05
0.0044257249446071865,71.95000000000215,Mixed,timer_il2_menten,0,0.05
0.004415115940789441,71.96000000000215,Mixed,timer_il2_menten,0,0.05
0.004404532368027285,71.97000000000216,Mixed,timer_il2_menten,0,0.05
0.004393974165351985,71.98000000000216,Mixed,timer_il2_menten,0,0.05
0.004383441271940163,71.99000000000217,Mixed,timer_il2_menten,0,0.05
0.004372933627115622,72.00000000000217,Mixed,timer_il2_menten,0,0.05
0.004362451170396258,72.01000000000218,Mixed,timer_il2_menten,0,0.05
0.004351993841422927,72.02000000000218,Mixed,timer_il2_menten,0,0.05
0.004341561579962058,72.03000000000219,Mixed,timer_il2_menten,0,0.05
0.004331154325924286,72.0400000000022,Mixed,timer_il2_menten,0,0.05
0.004320772019364094,72.0500000000022,Mixed,timer_il2_menten,0,0.05
0.004310414600479432,72.0600000000022,Mixed,timer_il2_menten,0,0.05
0.004300082009611354,72.07000000000221,Mixed,timer_il2_menten,0,0.05
0.004289774187243646,72.08000000000222,Mixed,timer_il2_menten,0,0.05
0.0042794910740024585,72.09000000000222,Mixed,timer_il2_menten,0,0.05
0.004269232610655939,72.10000000000223,Mixed,timer_il2_menten,0,0.05
0.004258998738113862,72.11000000000223,Mixed,timer_il2_menten,0,0.05
0.0042487893974272545,72.12000000000224,Mixed,timer_il2_menten,0,0.05
0.0042386045297880355,72.13000000000224,Mixed,timer_il2_menten,0,0.05
0.004228444076528639,72.14000000000225,Mixed,timer_il2_menten,0,0.05
0.004218307979121652,72.15000000000225,Mixed,timer_il2_menten,0,0.05
0.00420819617917944,72.16000000000226,Mixed,timer_il2_menten,0,0.05
0.004198108618453782,72.17000000000226,Mixed,timer_il2_menten,0,0.05
0.0041880452388354935,72.18000000000227,Mixed,timer_il2_menten,0,0.05
0.0041780059823540725,72.19000000000227,Mixed,timer_il2_menten,0,0.05
0.004167990791177313,72.20000000000228,Mixed,timer_il2_menten,0,0.05
0.004157999607610945,72.21000000000228,Mixed,timer_il2_menten,0,0.05
0.004148032374098268,72.22000000000229,Mixed,timer_il2_menten,0,0.05
0.004138089033219775,72.23000000000229,Mixed,timer_il2_menten,0,0.05
0.004128169509756727,72.2400000000023,Mixed,timer_il2_menten,0,0.05
0.004118273786129995,72.2500000000023,Mixed,timer_il2_menten,0,0.05
0.004108401783181647,72.26000000000231,Mixed,timer_il2_menten,0,0.05
0.00409855344412868,72.27000000000231,Mixed,timer_il2_menten,0,0.05
0.00408872871231697,72.28000000000232,Mixed,timer_il2_menten,0,0.05
0.00407892753122129,72.29000000000232,Mixed,timer_il2_menten,0,0.05
0.004069149844445294,72.30000000000233,Mixed,timer_il2_menten,0,0.05
0.004059395595721526,72.31000000000233,Mixed,timer_il2_menten,0,0.05
0.004049664728911414,72.32000000000234,Mixed,timer_il2_menten,0,0.05
0.004039957188005279,72.33000000000234,Mixed,timer_il2_menten,0,0.05
0.004030272917122324,72.34000000000235,Mixed,timer_il2_menten,0,0.05
0.004020611860510644,72.35000000000235,Mixed,timer_il2_menten,0,0.05
0.004010973962547216,72.36000000000236,Mixed,timer_il2_menten,0,0.05
0.004001359167737911,72.37000000000236,Mixed,timer_il2_menten,0,0.05
0.003991767420717481,72.38000000000237,Mixed,timer_il2_menten,0,0.05
0.00398219866624957,72.39000000000237,Mixed,timer_il2_menten,0,0.05
0.003972652849226708,72.40000000000238,Mixed,timer_il2_menten,0,0.05
0.00396312991467031,72.41000000000238,Mixed,timer_il2_menten,0,0.05
0.003953629807730684,72.42000000000239,Mixed,timer_il2_menten,0,0.05
0.003944152473687019,72.4300000000024,Mixed,timer_il2_menten,0,0.05
0.003934697857947394,72.4400000000024,Mixed,timer_il2_menten,0,0.05
0.003925265906048778,72.4500000000024,Mixed,timer_il2_menten,0,0.05
0.003915856563657025,72.46000000000241,Mixed,timer_il2_menten,0,0.05
0.003906469776567363,72.47000000000241,Mixed,timer_il2_menten,0,0.05
0.0038971054907250046,72.48000000000242,Mixed,timer_il2_menten,0,0.05
0.00388776365220326,72.49000000000242,Mixed,timer_il2_menten,0,0.05
0.0038784442071973894,72.50000000000243,Mixed,timer_il2_menten,0,0.05
0.003869147102033051,72.51000000000244,Mixed,timer_il2_menten,0,0.05
0.0038598722831663006,72.52000000000244,Mixed,timer_il2_menten,0,0.05
0.0038506196971835856,72.53000000000245,Mixed,timer_il2_menten,0,0.05
0.003841389290801755,72.54000000000245,Mixed,timer_il2_menten,0,0.05
0.0038321810108564265,72.55000000000246,Mixed,timer_il2_menten,0,0.05
0.0038229948042802294,72.56000000000246,Mixed,timer_il2_menten,0,0.05
0.003813830618157892,72.57000000000247,Mixed,timer_il2_menten,0,0.05
0.003804688399704294,72.58000000000247,Mixed,timer_il2_menten,0,0.05
0.0037955680962622864,72.59000000000248,Mixed,timer_il2_menten,0,0.05
0.00378646965530268,72.60000000000248,Mixed,timer_il2_menten,0,0.05
0.0037773930244242525,72.61000000000249,Mixed,timer_il2_menten,0,0.05
0.0037683381513531865,72.62000000000249,Mixed,timer_il2_menten,0,0.05
0.0037593049839192575,72.6300000000025,Mixed,timer_il2_menten,0,0.05
0.0037502934700811333,72.6400000000025,Mixed,timer_il2_menten,0,0.05
0.0037413035579334465,72.6500000000025,Mixed,timer_il2_menten,0,0.05
0.003732335195697057,72.66000000000251,Mixed,timer_il2_menten,0,0.05
0.003723388331719042,72.67000000000252,Mixed,timer_il2_menten,0,0.05
0.0037144629144727033,72.68000000000252,Mixed,timer_il2_menten,0,0.05
0.0037055588925575646,72.69000000000253,Mixed,timer_il2_menten,0,0.05
0.0036966762146885754,72.70000000000253,Mixed,timer_il2_menten,0,0.05
0.003687814829675903,72.71000000000254,Mixed,timer_il2_menten,0,0.05
0.0036789746864760884,72.72000000000254,Mixed,timer_il2_menten,0,0.05
0.0036701557341716736,72.73000000000255,Mixed,timer_il2_menten,0,0.05
0.0036613579219691647,72.74000000000255,Mixed,timer_il2_menten,0,0.05
0.00365258119919903,72.75000000000256,Mixed,timer_il2_menten,0,0.05
0.0036438255153157023,72.76000000000256,Mixed,timer_il2_menten,0,0.05
0.003635090805355687,72.77000000000257,Mixed,timer_il2_menten,0,0.05
0.003626377054535111,72.78000000000257,Mixed,timer_il2_menten,0,0.05
0.003617684189206225,72.79000000000258,Mixed,timer_il2_menten,0,0.05
0.003609012160007245,72.80000000000258,Mixed,timer_il2_menten,0,0.05
0.003600360917576382,72.81000000000259,Mixed,timer_il2_menten,0,0.05
0.0035917304125518525,72.8200000000026,Mixed,timer_il2_menten,0,0.05
0.003583120595571869,72.8300000000026,Mixed,timer_il2_menten,0,0.05
0.0035745314172746464,72.8400000000026,Mixed,timer_il2_menten,0,0.05
0.0035659628284551484,72.85000000000261,Mixed,timer_il2_menten,0,0.05
0.0035574147803051335,72.86000000000261,Mixed,timer_il2_menten,0,0.05
0.0035488872236465593,72.87000000000262,Mixed,timer_il2_menten,0,0.05
0.0035403801092701685,72.88000000000262,Mixed,timer_il2_menten,0,0.05
0.0035318933879667043,72.89000000000263,Mixed,timer_il2_menten,0,0.05
0.003523427010526909,72.90000000000263,Mixed,timer_il2_menten,0,0.05
0.003514980927741526,72.91000000000264,Mixed,timer_il2_menten,0,0.05
0.0035065550904012995,72.92000000000264,Mixed,timer_il2_menten,0,0.05
0.003498149449481873,72.93000000000265,Mixed,timer_il2_menten,0,0.05
0.0034897639585144457,72.94000000000266,Mixed,timer_il2_menten,0,0.05
0.003481398569828954,72.95000000000266,Mixed,timer_il2_menten,0,0.05
0.0034730532350272045,72.96000000000267,Mixed,timer_il2_menten,0,0.05
0.0034647279057110065,72.97000000000267,Mixed,timer_il2_menten,0,0.05
0.003456422533482168,72.98000000000268,Mixed,timer_il2_menten,0,0.05
0.0034481370699424945,72.99000000000268,Mixed,timer_il2_menten,0,0.05
0.0034398714666937953,73.00000000000269,Mixed,timer_il2_menten,0,0.05
0.0034316256753378783,73.01000000000269,Mixed,timer_il2_menten,0,0.05
0.0034233996495093306,73.0200000000027,Mixed,timer_il2_menten,0,0.05
0.003415193343724161,73.0300000000027,Mixed,timer_il2_menten,0,0.05
0.0034070067105474488,73.0400000000027,Mixed,timer_il2_menten,0,0.05
0.0033988397025423844,73.05000000000271,Mixed,timer_il2_menten,0,0.05
0.0033906922722721517,73.06000000000272,Mixed,timer_il2_menten,0,0.05
0.00338256437229994,73.07000000000272,Mixed,timer_il2_menten,0,0.05
0.003374455955188936,73.08000000000273,Mixed,timer_il2_menten,0,0.05
0.0033663669735023256,73.09000000000273,Mixed,timer_il2_menten,0,0.05
0.0033582973974712158,73.10000000000274,Mixed,timer_il2_menten,0,0.05
0.00335024714214655,73.11000000000274,Mixed,timer_il2_menten,0,0.05
0.0033422161879632,73.12000000000275,Mixed,timer_il2_menten,0,0.05
0.0033342044877224418,73.13000000000275,Mixed,timer_il2_menten,0,0.05
0.0033262119943382627,73.14000000000276,Mixed,timer_il2_menten,0,0.05
0.003318238660837358,73.15000000000276,Mixed,timer_il2_menten,0,0.05
0.003310284440359139,73.16000000000277,Mixed,timer_il2_menten,0,0.05
0.0033023492861557245,73.17000000000277,Mixed,timer_il2_menten,0,0.05
0.003294433151702084,73.18000000000278,Mixed,timer_il2_menten,0,0.05
0.0032865359929682195,73.19000000000278,Mixed,timer_il2_menten,0,0.05
0.0032786577650602776,73.20000000000279,Mixed,timer_il2_menten,0,0.05
0.0032707984223549194,73.2100000000028,Mixed,timer_il2_menten,0,0.05
0.0032629579193786647,73.2200000000028,Mixed,timer_il2_menten,0,0.05
0.0032551362108078972,73.2300000000028,Mixed,timer_il2_menten,0,0.05
0.0032473332514688573,73.24000000000281,Mixed,timer_il2_menten,0,0.05
0.0032395489963376505,73.25000000000281,Mixed,timer_il2_menten,0,0.05
0.0032317834005402366,73.26000000000282,Mixed,timer_il2_menten,0,0.05
0.003224036419352442,73.27000000000282,Mixed,timer_il2_menten,0,0.05
0.0032163080081999496,73.28000000000283,Mixed,timer_il2_menten,0,0.05
0.0032085981226583045,73.29000000000283,Mixed,timer_il2_menten,0,0.05
0.0032009067184529125,73.30000000000284,Mixed,timer_il2_menten,0,0.05
0.0031932337514590393,73.31000000000284,Mixed,timer_il2_menten,0,0.05
0.0031855791777018094,73.32000000000285,Mixed,timer_il2_menten,0,0.05
0.0031779429533562113,73.33000000000285,Mixed,timer_il2_menten,0,0.05
0.003170325034747093,73.34000000000286,Mixed,timer_il2_menten,0,0.05
0.0031627253774951917,73.35000000000286,Mixed,timer_il2_menten,0,0.05
0.0031551439366348075,73.36000000000287,Mixed,timer_il2_menten,0,0.05
0.0031475806685052625,73.37000000000288,Mixed,timer_il2_menten,0,0.05
0.0031400355295881947,73.38000000000288,Mixed,timer_il2_menten,0,0.05
0.003132508476491506,73.39000000000289,Mixed,timer_il2_menten,0,0.05
0.0031249994659493553,73.40000000000289,Mixed,timer_il2_menten,0,0.05
0.0031175084548221623,73.4100000000029,Mixed,timer_il2_menten,0,0.05
0.0031100354000966057,73.4200000000029,Mixed,timer_il2_menten,0,0.05
0.0031025802588856245,73.4300000000029,Mixed,timer_il2_menten,0,0.05
0.0030951429884284168,73.44000000000291,Mixed,timer_il2_menten,0,0.05
0.003087723546090438,73.45000000000292,Mixed,timer_il2_menten,0,0.05
0.0030803218893634063,73.46000000000292,Mixed,timer_il2_menten,0,0.05
0.003072937975865298,73.47000000000293,Mixed,timer_il2_menten,0,0.05
0.0030655717633403484,73.48000000000293,Mixed,timer_il2_menten,0,0.05
0.003058223209659054,73.49000000000294,Mixed,timer_il2_menten,0,0.05
0.0030508922728181677,73.50000000000294,Mixed,timer_il2_menten,0,0.05
0.0030435789106765324,73.51000000000295,Mixed,timer_il2_menten,0,0.05
0.003036283079731367,73.52000000000295,Mixed,timer_il2_menten,0,0.05
0.003029004737699553,73.53000000000296,Mixed,timer_il2_menten,0,0.05
0.0030217438426560065,73.54000000000296,Mixed,timer_il2_menten,0,0.05
0.003014500352778673,73.55000000000297,Mixed,timer_il2_menten,0,0.05
0.003007274226348524,73.56000000000297,Mixed,timer_il2_menten,0,0.05
0.0030000654217495664,73.57000000000298,Mixed,timer_il2_menten,0,0.05
0.002992873897468831,73.58000000000298,Mixed,timer_il2_menten,0,0.05
0.0029856996120963823,73.59000000000299,Mixed,timer_il2_menten,0,0.05
0.002978542524325311,73.60000000000299,Mixed,timer_il2_menten,0,0.05
0.0029714025929517404,73.610000000003,Mixed,timer_il2_menten,0,0.05
0.0029642797768748208,73.620000000003,Mixed,timer_il2_menten,0,0.05
0.0029571740350967327,73.63000000000301,Mixed,timer_il2_menten,0,0.05
0.002950085326722688,73.64000000000301,Mixed,timer_il2_menten,0,0.05
0.002943013610960925,73.65000000000302,Mixed,timer_il2_menten,0,0.05
0.002935958847122714,73.66000000000302,Mixed,timer_il2_menten,0,0.05
0.0029289209946199747,73.67000000000303,Mixed,timer_il2_menten,0,0.05
0.0029219000127481,73.68000000000303,Mixed,timer_il2_menten,0,0.05
0.002914895860935715,73.69000000000304,Mixed,timer_il2_menten,0,0.05
0.002907908498837156,73.70000000000304,Mixed,timer_il2_menten,0,0.05
0.0029009378862059555,73.71000000000305,Mixed,timer_il2_menten,0,0.05
0.002893983982894836,73.72000000000305,Mixed,timer_il2_menten,0,0.05
0.002887046748855716,73.73000000000306,Mixed,timer_il2_menten,0,0.05
0.002880126144139705,73.74000000000306,Mixed,timer_il2_menten,0,0.05
0.0028732221288971043,73.75000000000307,Mixed,timer_il2_menten,0,0.05
0.00286633466337741,73.76000000000307,Mixed,timer_il2_menten,0,0.05
0.00285946370792931,73.77000000000308,Mixed,timer_il2_menten,0,0.05
0.0028526092230006838,73.78000000000308,Mixed,timer_il2_menten,0,0.05
0.0028457711691386054,73.79000000000309,Mixed,timer_il2_menten,0,0.05
0.0028389495069893423,73.8000000000031,Mixed,timer_il2_menten,0,0.05
0.002832144197298352,73.8100000000031,Mixed,timer_il2_menten,0,0.05
0.0028253552009102874,73.8200000000031,Mixed,timer_il2_menten,0,0.05
0.002818582478768993,73.83000000000311,Mixed,timer_il2_menten,0,0.05
0.0028118259936560186,73.84000000000312,Mixed,timer_il2_menten,0,0.05
0.0028050857022404504,73.85000000000312,Mixed,timer_il2_menten,0,0.05
0.0027983615681610075,73.86000000000313,Mixed,timer_il2_menten,0,0.05
0.002791653552662943,73.87000000000313,Mixed,timer_il2_menten,0,0.05
0.0027849616170900595,73.88000000000314,Mixed,timer_il2_menten,0,0.05
0.002778285722884472,73.89000000000314,Mixed,timer_il2_menten,0,0.05
0.0027716258315863725,73.90000000000315,Mixed,timer_il2_menten,0,0.05
0.0027649819048337935,73.91000000000315,Mixed,timer_il2_menten,0,0.05
0.0027583539043623774,73.92000000000316,Mixed,timer_il2_menten,0,0.05
0.0027517417920051336,73.93000000000316,Mixed,timer_il2_menten,0,0.05
0.0027451455296922103,73.94000000000317,Mixed,timer_il2_menten,0,0.05
0.0027385650794506528,73.95000000000317,Mixed,timer_il2_menten,0,0.05
0.0027320004034041747,73.96000000000318,Mixed,timer_il2_menten,0,0.05
0.0027254514637729153,73.97000000000318,Mixed,timer_il2_menten,0,0.05
0.00271891822287321,73.98000000000319,Mixed,timer_il2_menten,0,0.05
0.0027124006431173534,73.99000000000319,Mixed,timer_il2_menten,0,0.05
0.0027058986869803745,74.0000000000032,Mixed,timer_il2_menten,0,0.05
0.0026994123166731456,74.0100000000032,Mixed,timer_il2_menten,0,0.05
0.002692941494732087,74.02000000000321,Mixed,timer_il2_menten,0,0.05
0.0026864861838869977,74.03000000000321,Mixed,timer_il2_menten,0,0.05
0.0026800463469593113,74.04000000000322,Mixed,timer_il2_menten,0,0.05
0.0026736219468617983,74.05000000000322,Mixed,timer_il2_menten,0,0.05
0.00266721294659827,74.06000000000323,Mixed,timer_il2_menten,0,0.05
0.0026608193092632726,74.07000000000323,Mixed,timer_il2_menten,0,0.05
0.0026544409980418003,74.08000000000324,Mixed,timer_il2_menten,0,0.05
0.002648077976208989,74.09000000000324,Mixed,timer_il2_menten,0,0.05
0.0026417302071298204,74.10000000000325,Mixed,timer_il2_menten,0,0.05
0.002635397654258822,74.11000000000325,Mixed,timer_il2_menten,0,0.05
0.002629080281139772,74.12000000000326,Mixed,timer_il2_menten,0,0.05
0.002622778051405399,74.13000000000326,Mixed,timer_il2_menten,0,0.05
0.0026164909287770856,74.14000000000327,Mixed,timer_il2_menten,0,0.05
0.002610218877064567,74.15000000000327,Mixed,timer_il2_menten,0,0.05
0.002603961860165634,74.16000000000328,Mixed,timer_il2_menten,0,0.05
0.0025977198420658377,74.17000000000328,Mixed,timer_il2_menten,0,0.05
0.0025914927868381865,74.18000000000329,Mixed,timer_il2_menten,0,0.05
0.0025852806586428513,74.1900000000033,Mixed,timer_il2_menten,0,0.05
0.0025790834217268663,74.2000000000033,Mixed,timer_il2_menten,0,0.05
0.00257290104042383,74.2100000000033,Mixed,timer_il2_menten,0,0.05
0.0025667334791536064,74.22000000000331,Mixed,timer_il2_menten,0,0.05
0.002560580702422031,74.23000000000332,Mixed,timer_il2_menten,0,0.05
0.002554442674820607,74.24000000000332,Mixed,timer_il2_menten,0,0.05
0.0025483193610262083,74.25000000000333,Mixed,timer_il2_menten,0,0.05
0.0025422107258007854,74.26000000000333,Mixed,timer_il2_menten,0,0.05
0.0025361167339910617,74.27000000000334,Mixed,timer_il2_menten,0,0.05
0.00253003735052824,74.28000000000334,Mixed,timer_il2_menten,0,0.05
0.0025239725404277,74.29000000000335,Mixed,timer_il2_menten,0,0.05
0.0025179222687887024,74.30000000000335,Mixed,timer_il2_menten,0,0.05
0.00251188650079409,74.31000000000336,Mixed,timer_il2_menten,0,0.05
0.002505865201681072,74.32000000000336,Mixed,timer_il2_menten,0,0.05
0.0024998583366441385,74.33000000000337,Mixed,timer_il2_menten,0,0.05
0.002493865871072521,74.34000000000337,Mixed,timer_il2_menten,0,0.05
0.002487887770456068,74.35000000000338,Mixed,timer_il2_menten,0,0.05
0.0024819240003655257,74.36000000000338,Mixed,timer_il2_menten,0,0.05
0.002475974526452221,74.37000000000339,Mixed,timer_il2_menten,0,0.05
0.0024700393144477368,74.38000000000339,Mixed,timer_il2_menten,0,0.05
0.0024641183301635896,74.3900000000034,Mixed,timer_il2_menten,0,0.05
0.0024582115394909086,74.4000000000034,Mixed,timer_il2_menten,0,0.05
0.002452318908400115,74.41000000000341,Mixed,timer_il2_menten,0,0.05
0.002446440402940596,74.42000000000341,Mixed,timer_il2_menten,0,0.05
0.0024405759892403896,74.43000000000342,Mixed,timer_il2_menten,0,0.05
0.0024347256335058537,74.44000000000342,Mixed,timer_il2_menten,0,0.05
0.0024288893020213524,74.45000000000343,Mixed,timer_il2_menten,0,0.05
0.0024230669611489293,74.46000000000343,Mixed,timer_il2_menten,0,0.05
0.0024172585773279878,74.47000000000344,Mixed,timer_il2_menten,0,0.05
0.0024114641170749672,74.48000000000344,Mixed,timer_il2_menten,0,0.05
0.002405683546983023,74.49000000000345,Mixed,timer_il2_menten,0,0.05
0.0023999168337217026,74.50000000000345,Mixed,timer_il2_menten,0,0.05
0.002394163944036626,74.51000000000346,Mixed,timer_il2_menten,0,0.05
0.002388424844749161,74.52000000000346,Mixed,timer_il2_menten,0,0.05
0.0023826995027561035,74.53000000000347,Mixed,timer_il2_menten,0,0.05
0.002376987885029355,74.54000000000347,Mixed,timer_il2_menten,0,0.05
0.002371289958615599,74.55000000000348,Mixed,timer_il2_menten,0,0.05
0.0023656056906359827,74.56000000000348,Mixed,timer_il2_menten,0,0.05
0.0023599350482857912,74.57000000000349,Mixed,timer_il2_menten,0,0.05
0.0023542779988341266,74.5800000000035,Mixed,timer_il2_menten,0,0.05
0.002348634509623589,74.5900000000035,Mixed,timer_il2_menten,0,0.05
0.0023430045480699498,74.6000000000035,Mixed,timer_il2_menten,0,0.05
0.002337388081661833,74.61000000000351,Mixed,timer_il2_menten,0,0.05
0.0023317850779603928,74.62000000000351,Mixed,timer_il2_menten,0,0.05
0.0023261955045989916,74.63000000000352,Mixed,timer_il2_menten,0,0.05
0.002320619329477318,74.64000000000352,Mixed,timer_il2_menten,0,0.05
0.0023150565209328453,74.65000000000353,Mixed,timer_il2_menten,0,0.05
0.0023095070469515695,74.66000000000354,Mixed,timer_il2_menten,0,0.05
0.002303970875572674,74.67000000000354,Mixed,timer_il2_menten,0,0.05
0.0022984479749133674,74.68000000000355,Mixed,timer_il2_menten,0,0.05
0.0022929383131687553,74.69000000000355,Mixed,timer_il2_menten,0,0.05
0.0022874418586116985,74.70000000000356,Mixed,timer_il2_menten,0,0.05
0.0022819585795926835,74.71000000000356,Mixed,timer_il2_menten,0,0.05
0.0022764884445396856,74.72000000000357,Mixed,timer_il2_menten,0,0.05
0.002271031421958032,74.73000000000357,Mixed,timer_il2_menten,0,0.05
0.0022655874804302723,74.74000000000358,Mixed,timer_il2_menten,0,0.05
0.0022601565886160376,74.75000000000358,Mixed,timer_il2_menten,0,0.05
0.0022547387152519085,74.76000000000359,Mixed,timer_il2_menten,0,0.05
0.0022493338291512802,74.77000000000359,Mixed,timer_il2_menten,0,0.05
0.0022439418992042277,74.7800000000036,Mixed,timer_il2_menten,0,0.05
0.0022385628943773703,74.7900000000036,Mixed,timer_il2_menten,0,0.05
0.002233196783713737,74.8000000000036,Mixed,timer_il2_menten,0,0.05
0.0022278435363326317,74.81000000000361,Mixed,timer_il2_menten,0,0.05
0.0022225031214294973,74.82000000000362,Mixed,timer_il2_menten,0,0.05
0.002217175508275783,74.83000000000362,Mixed,timer_il2_menten,0,0.05
0.002211860666218807,74.84000000000363,Mixed,timer_il2_menten,0,0.05
0.002206558564681622,74.85000000000363,Mixed,timer_il2_menten,0,0.05
0.0022012691731628843,74.86000000000364,Mixed,timer_il2_menten,0,0.05
0.0021959924612367115,74.87000000000364,Mixed,timer_il2_menten,0,0.05
0.0021907283985518173,74.88000000000365,Mixed,timer_il2_menten,0,0.05
0.0021854769546539804,74.89000000000365,Mixed,timer_il2_menten,0,0.05
0.0021802380991726594,74.90000000000366,Mixed,timer_il2_menten,0,0.05
0.0021750118019331056,74.91000000000366,Mixed,timer_il2_menten,0,0.05
0.002169798032832233,74.92000000000367,Mixed,timer_il2_menten,0,0.05
0.0021645967618384053,74.93000000000367,Mixed,timer_il2_menten,0,0.05
0.00215940795899122,74.94000000000368,Mixed,timer_il2_menten,0,0.05
0.002154231594401294,74.95000000000368,Mixed,timer_il2_menten,0,0.05
0.00214906763825005,74.96000000000369,Mixed,timer_il2_menten,0,0.05
0.002143916060789498,74.9700000000037,Mixed,timer_il2_menten,0,0.05
0.0021387768323420263,74.9800000000037,Mixed,timer_il2_menten,0,0.05
0.002133649923300178,74.9900000000037,Mixed,timer_il2_menten,0,0.05
0.002128535304126445,75.00000000000371,Mixed,timer_il2_menten,0,0.05
0.0021234329453530465,75.01000000000371,Mixed,timer_il2_menten,0,0.05
0.0021183428175817185,75.02000000000372,Mixed,timer_il2_menten,0,0.05
0.0021132648914834948,75.03000000000372,Mixed,timer_il2_menten,0,0.05
0.0021081991377984964,75.04000000000373,Mixed,timer_il2_menten,0,0.05
0.0021031455273357127,75.05000000000373,Mixed,timer_il2_menten,0,0.05
0.0020981040309727885,75.06000000000374,Mixed,timer_il2_menten,0,0.05
0.0020930746196558096,75.07000000000374,Mixed,timer_il2_menten,0,0.05
0.0020880572643990863,75.08000000000375,Mixed,timer_il2_menten,0,0.05
0.002083051936284939,75.09000000000376,Mixed,timer_il2_menten,0,0.05
0.0020780586064634847,75.10000000000376,Mixed,timer_il2_menten,0,0.05
0.002073077246152419,75.11000000000377,Mixed,timer_il2_menten,0,0.05
0.0020681078266368046,75.12000000000377,Mixed,timer_il2_menten,0,0.05
0.0020631503192836873,75.13000000000378,Mixed,timer_il2_menten,0,0.05
0.0020582046956528098,75.14000000000378,Mixed,timer_il2_menten,0,0.05
0.0020532709272870825,75.15000000000379,Mixed,timer_il2_menten,0,0.05
0.0020483489857681374,75.16000000000379,Mixed,timer_il2_menten,0,0.05
0.00204343884274573,75.1700000000038,Mixed,timer_il2_menten,0,0.05
0.002038540469937564,75.1800000000038,Mixed,timer_il2_menten,0,0.05
0.002033653839129129,75.1900000000038,Mixed,timer_il2_menten,0,0.05
0.0020287789221735296,75.20000000000381,Mixed,timer_il2_menten,0,0.05
0.0020239156909913143,75.21000000000382,Mixed,timer_il2_menten,0,0.05
0.002019064117570314,75.22000000000382,Mixed,timer_il2_menten,0,0.05
0.0020142241739654647,75.23000000000383,Mixed,timer_il2_menten,0,0.05
0.0020093958322986456,75.24000000000383,Mixed,timer_il2_menten,0,0.05
0.002004579064758509,75.25000000000384,Mixed,timer_il2_menten,0,0.05
0.00199977384360031,75.26000000000384,Mixed,timer_il2_menten,0,0.05
0.001994980141145739,75.27000000000385,Mixed,timer_il2_menten,0,0.05
0.0019901979297827542,75.28000000000385,Mixed,timer_il2_menten,0,0.05
0.001985427181965412,75.29000000000386,Mixed,timer_il2_menten,0,0.05
0.0019806678702137,75.30000000000386,Mixed,timer_il2_menten,0,0.05
0.001975919967113364,75.31000000000387,Mixed,timer_il2_menten,0,0.05
0.0019711834453157457,75.32000000000387,Mixed,timer_il2_menten,0,0.05
0.00196645827753761,75.33000000000388,Mixed,timer_il2_menten,0,0.05
0.00196174443656098,75.34000000000388,Mixed,timer_il2_menten,0,0.05
0.001957041895232964,75.35000000000389,Mixed,timer_il2_menten,0,0.05
0.001952350626465588,75.3600000000039,Mixed,timer_il2_menten,0,0.05
0.0019476706032356328,75.3700000000039,Mixed,timer_il2_menten,0,0.05
0.0019430017985890488,75.3800000000039,Mixed,timer_il2_menten,0,0.05
0.001938344185644186,75.39000000000391,Mixed,timer_il2_menten,0,0.05
0.0019336977375741197,75.40000000000391,Mixed,timer_il2_menten,0,0.05
0.001929062427615663,75.41000000000392,Mixed,timer_il2_menten,0,0.05
0.0019244382290697078,75.42000000000392,Mixed,timer_il2_menten,0,0.05
0.0019198251153010552,75.43000000000393,Mixed,timer_il2_menten,0,0.05
0.001915223059738255,75.44000000000393,Mixed,timer_il2_menten,0,0.05
0.0019106320358734405,75.45000000000394,Mixed,timer_il2_menten,0,0.05
0.0019060520172621631,75.46000000000394,Mixed,timer_il2_menten,0,0.05
0.0019014829775232287,75.47000000000395,Mixed,timer_il2_menten,0,0.05
0.0018969248903385344,75.48000000000395,Mixed,timer_il2_menten,0,0.05
0.0018923777294529028,75.49000000000396,Mixed,timer_il2_menten,0,0.05
0.0018878414686739182,75.50000000000396,Mixed,timer_il2_menten,0,0.05
0.001883316081871763,75.51000000000397,Mixed,timer_il2_menten,0,0.05
0.0018788015429790522,75.52000000000398,Mixed,timer_il2_menten,0,0.05
0.0018742978259906698,75.53000000000398,Mixed,timer_il2_menten,0,0.05
0.001869804904963605,75.54000000000399,Mixed,timer_il2_menten,0,0.05
0.0018653227540167876,75.55000000000399,Mixed,timer_il2_menten,0,0.05
0.0018608513473309229,75.560000000004,Mixed,timer_il2_menten,0,0.05
0.0018563906591483278,75.570000000004,Mixed,timer_il2_menten,0,0.05
0.0018519406637727684,75.580000000004,Mixed,timer_il2_menten,0,0.05
0.0018475013355692925,75.59000000000401,Mixed,timer_il2_menten,0,0.05
0.0018430726489640675,75.60000000000402,Mixed,timer_il2_menten,0,0.05
0.0018386545784442163,75.61000000000402,Mixed,timer_il2_menten,0,0.05
0.0018342470985577754,75.62000000000403,Mixed,timer_il2_menten,0,0.05
0.0018298501839337346,75.63000000000403,Mixed,timer_il2_menten,0,0.05
0.0018254638092596361,75.64000000000404,Mixed,timer_il2_menten,0,0.05
0.001821087949270293,75.65000000000404,Mixed,timer_il2_menten,0,0.05
0.0018167225787610011,75.66000000000405,Mixed,timer_il2_menten,0,0.05
0.001812367672587383,75.67000000000405,Mixed,timer_il2_menten,0,0.05
0.0018080232056652337,75.68000000000406,Mixed,timer_il2_menten,0,0.05
0.0018036891529703645,75.69000000000406,Mixed,timer_il2_menten,0,0.05
0.0017993654895384478,75.70000000000407,Mixed,timer_il2_menten,0,0.05
0.0017950521904648597,75.71000000000407,Mixed,timer_il2_menten,0,0.05
0.0017907492309045298,75.72000000000408,Mixed,timer_il2_menten,0,0.05
0.0017864565860717812,75.73000000000408,Mixed,timer_il2_menten,0,0.05
0.0017821742312401764,75.74000000000409,Mixed,timer_il2_menten,0,0.05
0.001777902141742362,75.75000000000409,Mixed,timer_il2_menten,0,0.05
0.0017736402929699148,75.7600000000041,Mixed,timer_il2_menten,0,0.05
0.0017693886603731843,75.7700000000041,Mixed,timer_il2_menten,0,0.05
0.0017651472194611382,75.78000000000411,Mixed,timer_il2_menten,0,0.05
0.0017609159458012082,75.79000000000411,Mixed,timer_il2_menten,0,0.05
0.0017566948150191323,75.80000000000412,Mixed,timer_il2_menten,0,0.05
0.0017524838027988018,75.81000000000412,Mixed,timer_il2_menten,0,0.05
0.001748282884882104,75.82000000000413,Mixed,timer_il2_menten,0,0.05
0.0017440920370687687,75.83000000000413,Mixed,timer_il2_menten,0,0.05
0.0017399112352162113,75.84000000000414,Mixed,timer_il2_menten,0,0.05
0.0017357404552393778,75.85000000000414,Mixed,timer_il2_menten,0,0.05
0.0017315796731105912,75.86000000000415,Mixed,timer_il2_menten,0,0.05
0.0017274288648605027,75.87000000000415,Mixed,timer_il2_menten,0,0.05
0.001723288006587585,75.88000000000416,Mixed,timer_il2_menten,0,0.05
0.0017191570744460461,75.89000000000416,Mixed,timer_il2_menten,0,0.05
0.0017150360446475084,75.90000000000417,Mixed,timer_il2_menten,0,0.05
0.00171092489346273,75.91000000000417,Mixed,timer_il2_menten,0,0.05
0.001706823597221674,75.92000000000418,Mixed,timer_il2_menten,0,0.05
0.0017027321323090502,75.93000000000418,Mixed,timer_il2_menten,0,0.05
0.0016986504751471349,75.94000000000419,Mixed,timer_il2_menten,0,0.05
0.0016945786022229802,75.9500000000042,Mixed,timer_il2_menten,0,0.05
0.0016905164900801032,75.9600000000042,Mixed,timer_il2_menten,0,0.05
0.0016864641153163304,75.9700000000042,Mixed,timer_il2_menten,0,0.05
0.001682421454583412,75.98000000000421,Mixed,timer_il2_menten,0,0.05
0.0016783884845923247,75.99000000000422,Mixed,timer_il2_menten,0,0.05
0.0016743651821215567,76.00000000000422,Mixed,timer_il2_menten,0,0.05
0.0016703515239975095,76.01000000000423,Mixed,timer_il2_menten,0,0.05
0.0016663474871020639,76.02000000000423,Mixed,timer_il2_menten,0,0.05
0.0016623530483730032,76.03000000000424,Mixed,timer_il2_menten,0,0.05
0.0016583681848039678,76.04000000000424,Mixed,timer_il2_menten,0,0.05
0.001654392873442216,76.05000000000425,Mixed,timer_il2_menten,0,0.05
0.0016504270913880394,76.06000000000425,Mixed,timer_il2_menten,0,0.05
0.0016464708157985083,76.07000000000426,Mixed,timer_il2_menten,0,0.05
0.0016425240238854488,76.08000000000426,Mixed,timer_il2_menten,0,0.05
0.0016385866929153005,76.09000000000427,Mixed,timer_il2_menten,0,0.05
0.0016346588002089791,76.10000000000427,Mixed,timer_il2_menten,0,0.05
0.0016307403231418385,76.11000000000428,Mixed,timer_il2_menten,0,0.05
0.0016268312391434872,76.12000000000428,Mixed,timer_il2_menten,0,0.05
0.001622931525697589,76.13000000000429,Mixed,timer_il2_menten,0,0.05
0.001619041160341775,76.14000000000429,Mixed,timer_il2_menten,0,0.05
0.0016151601206675125,76.1500000000043,Mixed,timer_il2_menten,0,0.05
0.001611288384314132,76.1600000000043,Mixed,timer_il2_menten,0,0.05
0.00160742592899581,76.17000000000431,Mixed,timer_il2_menten,0,0.05
0.001603572732453176,76.18000000000431,Mixed,timer_il2_menten,0,0.05
0.0015997287724929016,76.19000000000432,Mixed,timer_il2_menten,0,0.05
0.0015958940269743896,76.20000000000432,Mixed,timer_il2_menten,0,0.05
0.0015920684738097704,76.21000000000433,Mixed,timer_il2_menten,0,0.05
0.0015882520909638513,76.22000000000433,Mixed,timer_il2_menten,0,0.05
0.001584444856453668,76.23000000000434,Mixed,timer_il2_menten,0,0.05
0.0015806467483491867,76.24000000000434,Mixed,timer_il2_menten,0,0.05
0.0015768577447731588,76.25000000000435,Mixed,timer_il2_menten,0,0.05
0.0015730778239010361,76.26000000000435,Mixed,timer_il2_menten,0,0.05
0.0015693069639609683,76.27000000000436,Mixed,timer_il2_menten,0,0.05
0.0015655451432338026,76.28000000000436,Mixed,timer_il2_menten,0,0.05
0.001561792340053085,76.29000000000437,Mixed,timer_il2_menten,0,0.05
0.0015580485328008963,76.30000000000437,Mixed,timer_il2_menten,0,0.05
0.0015543136999082883,76.31000000000438,Mixed,timer_il2_menten,0,0.05
0.0015505878198627632,76.32000000000438,Mixed,timer_il2_menten,0,0.05
0.0015468708712040845,76.33000000000439,Mixed,timer_il2_menten,0,0.05
0.0015431628325242516,76.3400000000044,Mixed,timer_il2_menten,0,0.05
0.0015394636824675031,76.3500000000044,Mixed,timer_il2_menten,0,0.05
0.001535773399730313,76.3600000000044,Mixed,timer_il2_menten,0,0.05
0.0015320919630597992,76.37000000000441,Mixed,timer_il2_menten,0,0.05
0.0015284193512413364,76.38000000000442,Mixed,timer_il2_menten,0,0.05
0.0015247555431180306,76.39000000000442,Mixed,timer_il2_menten,0,0.05
0.0015211005175868953,76.40000000000443,Mixed,timer_il2_menten,0,0.05
0.0015174542535962869,76.41000000000443,Mixed,timer_il2_menten,0,0.05
0.001513816730145908,76.42000000000444,Mixed,timer_il2_menten,0,0.05
0.0015101879262868047,76.43000000000444,Mixed,timer_il2_menten,0,0.05
0.0015065678211213691,76.44000000000445,Mixed,timer_il2_menten,0,0.05
0.0015029563937950686,76.45000000000445,Mixed,timer_il2_menten,0,0.05
0.0014993536234973134,76.46000000000446,Mixed,timer_il2_menten,0,0.05
0.0014957594894763103,76.47000000000446,Mixed,timer_il2_menten,0,0.05
0.0014921739710307426,76.48000000000447,Mixed,timer_il2_menten,0,0.05
0.0014885970475097213,76.49000000000447,Mixed,timer_il2_menten,0,0.05
0.0014850286983127872,76.50000000000448,Mixed,timer_il2_menten,0,0.05
0.0014814689028899105,76.51000000000448,Mixed,timer_il2_menten,0,0.05
0.0014779176355677309,76.52000000000449,Mixed,timer_il2_menten,0,0.05
0.0014743748885861344,76.53000000000449,Mixed,timer_il2_menten,0,0.05
0.0014708406330853894,76.5400000000045,Mixed,timer_il2_menten,0,0.05
0.001467314848984855,76.5500000000045,Mixed,timer_il2_menten,0,0.05
0.0014637975162038884,76.56000000000451,Mixed,timer_il2_menten,0,0.05
0.0014602886146618485,76.57000000000451,Mixed,timer_il2_menten,0,0.05
0.0014567881242780925,76.58000000000452,Mixed,timer_il2_menten,0,0.05
0.0014532960249719795,76.59000000000452,Mixed,timer_il2_menten,0,0.05
0.0014498122968062278,76.60000000000453,Mixed,timer_il2_menten,0,0.05
0.001446336919933643,76.61000000000453,Mixed,timer_il2_menten,0,0.05
0.0014428698743430483,76.62000000000454,Mixed,timer_il2_menten,0,0.05
0.0014394111400223768,76.63000000000454,Mixed,timer_il2_menten,0,0.05
0.0014359606969595602,76.64000000000455,Mixed,timer_il2_menten,0,0.05
0.0014325185251425313,76.65000000000455,Mixed,timer_il2_menten,0,0.05
0.0014290846045592223,76.66000000000456,Mixed,timer_il2_menten,0,0.05
0.0014256589151975664,76.67000000000456,Mixed,timer_il2_menten,0,0.05
0.0014222414370454952,76.68000000000457,Mixed,timer_il2_menten,0,0.05
0.0014188321505929876,76.69000000000457,Mixed,timer_il2_menten,0,0.05
0.0014154310372090128,76.70000000000458,Mixed,timer_il2_menten,0,0.05
0.0014120380772907042,76.71000000000458,Mixed,timer_il2_menten,0,0.05
0.0014086532511874835,76.72000000000459,Mixed,timer_il2_menten,0,0.05
0.0014052765392487741,76.7300000000046,Mixed,timer_il2_menten,0,0.05
0.0014019079218239982,76.7400000000046,Mixed,timer_il2_menten,0,0.05
0.0013985473792625784,76.7500000000046,Mixed,timer_il2_menten,0,0.05
0.0013951948919139372,76.76000000000461,Mixed,timer_il2_menten,0,0.05
0.0013918504401274978,76.77000000000461,Mixed,timer_il2_menten,0,0.05
0.0013885140046100545,76.78000000000462,Mixed,timer_il2_menten,0,0.05
0.0013851855674082059,76.79000000000462,Mixed,timer_il2_menten,0,0.05
0.0013818651094580892,76.80000000000463,Mixed,timer_il2_menten,0,0.05
0.0013785526115368948,76.81000000000464,Mixed,timer_il2_menten,0,0.05
0.0013752480544218114,76.82000000000464,Mixed,timer_il2_menten,0,0.05
0.0013719514188900283,76.83000000000465,Mixed,timer_il2_menten,0,0.05
0.001368662685718735,76.84000000000465,Mixed,timer_il2_menten,0,0.05
0.001365381835685121,76.85000000000466,Mixed,timer_il2_menten,0,0.05
0.0013621088495663755,76.86000000000466,Mixed,timer_il2_menten,0,0.05
0.0013588437194223843,76.87000000000467,Mixed,timer_il2_menten,0,0.05
0.0013555864011598126,76.88000000000467,Mixed,timer_il2_menten,0,0.05
0.0013523368930279255,76.89000000000468,Mixed,timer_il2_menten,0,0.05
0.0013490951758917292,76.90000000000468,Mixed,timer_il2_menten,0,0.05
0.0013458612306618575,76.91000000000469,Mixed,timer_il2_menten,0,0.05
0.0013426350382945754,76.92000000000469,Mixed,timer_il2_menten,0,0.05
0.0013394165797917766,76.9300000000047,Mixed,timer_il2_menten,0,0.05
0.0013362058362009835,76.9400000000047,Mixed,timer_il2_menten,0,0.05
0.0013330027886153503,76.9500000000047,Mixed,timer_il2_menten,0,0.05
0.001329807418231496,76.96000000000471,Mixed,timer_il2_menten,0,0.05
0.0013266197075070866,76.97000000000472,Mixed,timer_il2_menten,0,0.05
0.0013234396384000178,76.98000000000472,Mixed,timer_il2_menten,0,0.05
0.0013202671924721523,76.99000000000473,Mixed,timer_il2_menten,0,0.05
0.0013171023513443736,77.00000000000473,Mixed,timer_il2_menten,0,0.05
0.0013139450966965904,77.01000000000474,Mixed,timer_il2_menten,0,0.05
0.001310795410267733,77.02000000000474,Mixed,timer_il2_menten,0,0.05
0.0013076532738557551,77.03000000000475,Mixed,timer_il2_menten,0,0.05
0.0013045186693176332,77.04000000000475,Mixed,timer_il2_menten,0,0.05
0.0013013915785693663,77.05000000000476,Mixed,timer_il2_menten,0,0.05
0.0012982719835859767,77.06000000000476,Mixed,timer_il2_menten,0,0.05
0.00129515986640151,77.07000000000477,Mixed,timer_il2_menten,0,0.05
0.0012920552091090335,77.08000000000477,Mixed,timer_il2_menten,0,0.05
0.0012889579938606386,77.09000000000478,Mixed,timer_il2_menten,0,0.05
0.001285868202867439,77.10000000000478,Mixed,timer_il2_menten,0,0.05
0.0012827858183995715,77.11000000000479,Mixed,timer_il2_menten,0,0.05
0.0012797108227861954,77.1200000000048,Mixed,timer_il2_menten,0,0.05
0.001276643198415494,77.1300000000048,Mixed,timer_il2_menten,0,0.05
0.0012735829277346717,77.1400000000048,Mixed,timer_il2_menten,0,0.05
0.0012705299932499574,77.15000000000481,Mixed,timer_il2_menten,0,0.05
0.0012674843772896962,77.16000000000481,Mixed,timer_il2_menten,0,0.05
0.0012644460615776937,77.17000000000482,Mixed,timer_il2_menten,0,0.05
0.0012614150285535678,77.18000000000482,Mixed,timer_il2_menten,0,0.05
0.0012583912607740818,77.19000000000483,Mixed,timer_il2_menten,0,0.05
0.0012553747408464927,77.20000000000483,Mixed,timer_il2_menten,0,0.05
0.0012523654514285528,77.21000000000484,Mixed,timer_il2_menten,0,0.05
0.0012493633752285096,77.22000000000484,Mixed,timer_il2_menten,0,0.05
0.001246368495005104,77.23000000000485,Mixed,timer_il2_menten,0,0.05
0.001243380793567573,77.24000000000485,Mixed,timer_il2_menten,0,0.05
0.0012404002537756468,77.25000000000486,Mixed,timer_il2_menten,0,0.05
0.0012374268585395509,77.26000000000487,Mixed,timer_il2_menten,0,0.05
0.0012344605908200055,77.27000000000487,Mixed,timer_il2_menten,0,0.05
0.0012315014336282252,77.28000000000488,Mixed,timer_il2_menten,0,0.05
0.0012285493700259198,77.29000000000488,Mixed,timer_il2_menten,0,0.05
0.0012256043831252927,77.30000000000489,Mixed,timer_il2_menten,0,0.05
0.0012226664560890423,77.31000000000489,Mixed,timer_il2_menten,0,0.05
0.0012197355721303626,77.3200000000049,Mixed,timer_il2_menten,0,0.05
0.0012168117145129414,77.3300000000049,Mixed,timer_il2_menten,0,0.05
0.0012138948665509608,77.3400000000049,Mixed,timer_il2_menten,0,0.05
0.001210985011608253,77.35000000000491,Mixed,timer_il2_menten,0,0.05
0.0012080821324198122,77.36000000000492,Mixed,timer_il2_menten,0,0.05
0.0012051862117312172,77.37000000000492,Mixed,timer_il2_menten,0,0.05
0.0012022972328599724,77.38000000000493,Mixed,timer_il2_menten,0,0.05
0.0011994151791646823,77.39000000000493,Mixed,timer_il2_menten,0,0.05
0.0011965400340450524,77.40000000000494,Mixed,timer_il2_menten,0,0.05
0.0011936717809418896,77.41000000000494,Mixed,timer_il2_menten,0,0.05
0.001190810403337101,77.42000000000495,Mixed,timer_il2_menten,0,0.05
0.0011879558847536944,77.43000000000495,Mixed,timer_il2_menten,0,0.05
0.0011851082087557794,77.44000000000496,Mixed,timer_il2_menten,0,0.05
0.0011822673589485652,77.45000000000496,Mixed,timer_il2_menten,0,0.05
0.0011794333189783625,77.46000000000497,Mixed,timer_il2_menten,0,0.05
0.0011766060725325828,77.47000000000497,Mixed,timer_il2_menten,0,0.05
0.001173785603339738,77.48000000000498,Mixed,timer_il2_menten,0,0.05
0.0011709718951694419,77.49000000000498,Mixed,timer_il2_menten,0,0.05
0.0011681649318324074,77.50000000000499,Mixed,timer_il2_menten,0,0.05
0.0011653646971804498,77.510000000005,Mixed,timer_il2_menten,0,0.05
0.0011625711751064843,77.520000000005,Mixed,timer_il2_menten,0,0.05
0.001159784349544527,77.530000000005,Mixed,timer_il2_menten,0,0.05
0.0011570042044696956,77.54000000000501,Mixed,timer_il2_menten,0,0.05
0.001154230723876409,77.55000000000501,Mixed,timer_il2_menten,0,0.05
0.001151463891631648,77.56000000000502,Mixed,timer_il2_menten,0,0.05
0.0011487036917591346,77.57000000000502,Mixed,timer_il2_menten,0,0.05
0.0011459501083591105,77.58000000000503,Mixed,timer_il2_menten,0,0.05
0.0011432031255710939,77.59000000000503,Mixed,timer_il2_menten,0,0.05
0.0011404627275738803,77.60000000000504,Mixed,timer_il2_menten,0,0.05
0.0011377288985855419,77.61000000000504,Mixed,timer_il2_menten,0,0.05
0.0011350016228634284,77.62000000000505,Mixed,timer_il2_menten,0,0.05
0.0011322808847041667,77.63000000000505,Mixed,timer_il2_menten,0,0.05
0.0011295666684436603,77.64000000000506,Mixed,timer_il2_menten,0,0.05
0.0011268589584570898,77.65000000000506,Mixed,timer_il2_menten,0,0.05
0.0011241577391589133,77.66000000000507,Mixed,timer_il2_menten,0,0.05
0.0011214629950028652,77.67000000000507,Mixed,timer_il2_menten,0,0.05
0.001118774710481958,77.68000000000508,Mixed,timer_il2_menten,0,0.05
0.0011160928701284803,77.69000000000509,Mixed,timer_il2_menten,0,0.05
0.0011134174585139983,77.70000000000509,Mixed,timer_il2_menten,0,0.05
0.0011107484602493548,77.7100000000051,Mixed,timer_il2_menten,0,0.05
0.00110808585998467,77.7200000000051,Mixed,timer_il2_menten,0,0.05
0.0011054296424093417,77.7300000000051,Mixed,timer_il2_menten,0,0.05
0.0011027797922520438,77.74000000000511,Mixed,timer_il2_menten,0,0.05
0.001100136296012199,77.75000000000512,Mixed,timer_il2_menten,0,0.05
0.0010974991342601313,77.76000000000512,Mixed,timer_il2_menten,0,0.05
0.0010948682941338101,77.77000000000513,Mixed,timer_il2_menten,0,0.05
0.001092243760465236,77.78000000000513,Mixed,timer_il2_menten,0,0.05
0.0010896255181254257,77.79000000000514,Mixed,timer_il2_menten,0,0.05
0.0010870135520243194,77.80000000000514,Mixed,timer_il2_menten,0,0.05
0.0010844078471106862,77.81000000000515,Mixed,timer_il2_menten,0,0.05
0.0010818083883720334,77.82000000000515,Mixed,timer_il2_menten,0,0.05
0.0010792151608345123,77.83000000000516,Mixed,timer_il2_menten,0,0.05
0.001076628149562827,77.84000000000516,Mixed,timer_il2_menten,0,0.05
0.0010740473396601393,77.85000000000517,Mixed,timer_il2_menten,0,0.05
0.001071472716267978,77.86000000000517,Mixed,timer_il2_menten,0,0.05
0.0010689042645661458,77.87000000000518,Mixed,timer_il2_menten,0,0.05
0.0010663419697726246,77.88000000000518,Mixed,timer_il2_menten,0,0.05
0.0010637858171434855,77.89000000000519,Mixed,timer_il2_menten,0,0.05
0.0010612357919727938,77.90000000000519,Mixed,timer_il2_menten,0,0.05
0.0010586918795925178,77.9100000000052,Mixed,timer_il2_menten,0,0.05
0.0010561540653724348,77.9200000000052,Mixed,timer_il2_menten,0,0.05
0.0010536223347200396,77.93000000000521,Mixed,timer_il2_menten,0,0.05
0.0010510966730743914,77.94000000000521,Mixed,timer_il2_menten,0,0.05
0.001048577065722131,77.95000000000522,Mixed,timer_il2_menten,0,0.05
0.001046063498064885,77.96000000000522,Mixed,timer_il2_menten,0,0.05
0.0010435559556259567,77.97000000000523,Mixed,timer_il2_menten,0,0.05
0.0010410544239642682,77.98000000000523,Mixed,timer_il2_menten,0,0.05
0.001038558888674235,77.99000000000524,Mixed,timer_il2_menten,0,0.05
0.0010360693353856406,78.00000000000524,Mixed,timer_il2_menten,0,0.05
0.0010335857497635133,78.01000000000525,Mixed,timer_il2_menten,0,0.05
0.0010311081175080014,78.02000000000525,Mixed,timer_il2_menten,0,0.05
0.0010286364243542482,78.03000000000526,Mixed,timer_il2_menten,0,0.05
0.001026170656072267,78.04000000000526,Mixed,timer_il2_menten,0,0.05
0.0010237107984668182,78.05000000000527,Mixed,timer_il2_menten,0,0.05
0.0010212568373772835,78.06000000000527,Mixed,timer_il2_menten,0,0.05
0.0010188087586775409,78.07000000000528,Mixed,timer_il2_menten,0,0.05
0.0010163665482758417,78.08000000000528,Mixed,timer_il2_menten,0,0.05
0.001013930192114685,78.09000000000529,Mixed,timer_il2_menten,0,0.05
0.0010114996761706925,78.1000000000053,Mixed,timer_il2_menten,0,0.05
0.0010090749864544858,78.1100000000053,Mixed,timer_il2_menten,0,0.05
0.0010066561090105604,78.1200000000053,Mixed,timer_il2_menten,0,0.05
0.001004243029917161,78.13000000000531,Mixed,timer_il2_menten,0,0.05
0.0010018357352861583,78.14000000000532,Mixed,timer_il2_menten,0,0.05
0.0009994342112629234,78.15000000000532,Mixed,timer_il2_menten,0,0.05
0.000997038444026203,78.16000000000533,Mixed,timer_il2_menten,0,0.05
0.000994648419787996,78.17000000000533,Mixed,timer_il2_menten,0,0.05
0.0009922641247934278,78.18000000000534,Mixed,timer_il2_menten,0,0.05
0.0009898855453206272,78.19000000000534,Mixed,timer_il2_menten,0,0.05
0.0009875126676806,78.20000000000535,Mixed,timer_il2_menten,0,0.05
0.0009851454782171054,78.21000000000535,Mixed,timer_il2_menten,0,0.05
0.0009827839633065323,78.22000000000536,Mixed,timer_il2_menten,0,0.05
0.0009804281093577728,78.23000000000536,Mixed,timer_il2_menten,0,0.05
0.0009780779028120993,78.24000000000537,Mixed,timer_il2_menten,0,0.05
0.0009757333301430395,78.25000000000537,Mixed,timer_il2_menten,0,0.05
0.0009733943778562516,78.26000000000538,Mixed,timer_il2_menten,0,0.05
0.0009710610324863774,78.27000000000538,Mixed,timer_il2_menten,0,0.05
0.0009687332805676709,78.28000000000539,Mixed,timer_il2_menten,0,0.05
0.0009664111086871089,78.29000000000539,Mixed,timer_il2_menten,0,0.05
0.0009640945034720709,78.3000000000054,Mixed,timer_il2_menten,0,0.05
0.0009617834515811782,78.3100000000054,Mixed,timer_il2_menten,0,0.05
0.0009594779397041662,78.32000000000541,Mixed,timer_il2_menten,0,0.05
0.0009571779545617545,78.33000000000541,Mixed,timer_il2_menten,0,0.05
0.0009548834829055147,78.34000000000542,Mixed,timer_il2_menten,0,0.05
0.0009525945115177447,78.35000000000542,Mixed,timer_il2_menten,0,0.05
0.0009503110272113351,78.36000000000543,Mixed,timer_il2_menten,0,0.05
0.0009480330168296425,78.37000000000543,Mixed,timer_il2_menten,0,0.05
0.0009457604672463583,78.38000000000544,Mixed,timer_il2_menten,0,0.05
0.00094349336536538,78.39000000000544,Mixed,timer_il2_menten,0,0.05
0.0009412316981206798,78.40000000000545,Mixed,timer_il2_menten,0,0.05
0.0009389754524761768,78.41000000000545,Mixed,timer_il2_menten,0,0.05
0.0009367246154256064,78.42000000000546,Mixed,timer_il2_menten,0,0.05
0.000934479173992391,78.43000000000546,Mixed,timer_il2_menten,0,0.05
0.0009322391152295096,78.44000000000547,Mixed,timer_il2_menten,0,0.05
0.0009300044262193689,78.45000000000547,Mixed,timer_il2_menten,0,0.05
0.0009277750940736738,78.46000000000548,Mixed,timer_il2_menten,0,0.05
0.0009255511059332967,78.47000000000548,Mixed,timer_il2_menten,0,0.05
0.0009233324489681485,78.48000000000549,Mixed,timer_il2_menten,0,0.05
0.0009211191103770488,78.4900000000055,Mixed,timer_il2_menten,0,0.05
0.0009189110773875966,78.5000000000055,Mixed,timer_il2_menten,0,0.05
0.0009167083372560398,78.5100000000055,Mixed,timer_il2_menten,0,0.05
0.0009145108772671463,78.52000000000551,Mixed,timer_il2_menten,0,0.05
0.000912318684734074,78.53000000000551,Mixed,timer_il2_menten,0,0.05
0.0009101317469982407,78.54000000000552,Mixed,timer_il2_menten,0,0.05
0.0009079500514291954,78.55000000000553,Mixed,timer_il2_menten,0,0.05
0.0009057735854244881,78.56000000000553,Mixed,timer_il2_menten,0,0.05
0.0009036023364095394,78.57000000000554,Mixed,timer_il2_menten,0,0.05
0.0009014362918375123,78.58000000000554,Mixed,timer_il2_menten,0,0.05
0.0008992754391891815,78.59000000000555,Mixed,timer_il2_menten,0,0.05
0.0008971197676097896,78.60000000000555,Mixed,timer_il2_menten,0,0.05
0.0008949692649167225,78.61000000000556,Mixed,timer_il2_menten,0,0.05
0.0008928239173081622,78.62000000000556,Mixed,timer_il2_menten,0,0.05
0.0008906837124177699,78.63000000000557,Mixed,timer_il2_menten,0,0.05
0.0008885486379080377,78.64000000000557,Mixed,timer_il2_menten,0,0.05
0.0008864186814701913,78.65000000000558,Mixed,timer_il2_menten,0,0.05
0.0008842938308240972,78.66000000000558,Mixed,timer_il2_menten,0,0.05
0.0008821740737181664,78.67000000000559,Mixed,timer_il2_menten,0,0.05
0.0008800593979292595,78.68000000000559,Mixed,timer_il2_menten,0,0.05
0.0008779497912625912,78.6900000000056,Mixed,timer_il2_menten,0,0.05
0.0008758452415516361,78.7000000000056,Mixed,timer_il2_menten,0,0.05
0.000873745736658033,78.7100000000056,Mixed,timer_il2_menten,0,0.05
0.0008716512644714894,78.72000000000561,Mixed,timer_il2_menten,0,0.05
0.0008695618129096873,78.73000000000562,Mixed,timer_il2_menten,0,0.05
0.0008674773699181875,78.74000000000562,Mixed,timer_il2_menten,0,0.05
0.000865397923470335,78.75000000000563,Mixed,timer_il2_menten,0,0.05
0.0008633234615671628,78.76000000000563,Mixed,timer_il2_menten,0,0.05
0.0008612539722372982,78.77000000000564,Mixed,timer_il2_menten,0,0.05
0.000859189443536867,78.78000000000564,Mixed,timer_il2_menten,0,0.05
0.0008571298635493979,78.79000000000565,Mixed,timer_il2_menten,0,0.05
0.0008550752203857285,78.80000000000565,Mixed,timer_il2_menten,0,0.05
0.0008530255021839091,78.81000000000566,Mixed,timer_il2_menten,0,0.05
0.0008509806971091086,78.82000000000566,Mixed,timer_il2_menten,0,0.05
0.0008489407933535186,78.83000000000567,Mixed,timer_il2_menten,0,0.05
0.0008469057791362586,78.84000000000567,Mixed,timer_il2_menten,0,0.05
0.0008448756427032807,78.85000000000568,Mixed,timer_il2_menten,0,0.05
0.0008428503743054056,78.86000000000568,Mixed,timer_il2_menten,0,0.05
0.0008408299611830808,78.87000000000569,Mixed,timer_il2_menten,0,0.05
0.0008388143911860016,78.8800000000057,Mixed,timer_il2_menten,0,0.05
0.0008368036527011512,78.8900000000057,Mixed,timer_il2_menten,0,0.05
0.0008347977341433401,78.9000000000057,Mixed,timer_il2_menten,0,0.05
0.0008327966239551363,78.91000000000571,Mixed,timer_il2_menten,0,0.05
0.0008308003106068003,78.92000000000571,Mixed,timer_il2_menten,0,0.05
0.0008288087825962143,78.93000000000572,Mixed,timer_il2_menten,0,0.05
0.0008268220284488151,78.94000000000572,Mixed,timer_il2_menten,0,0.05
0.0008248400367175268,78.95000000000573,Mixed,timer_il2_menten,0,0.05
0.0008228627959826914,78.96000000000573,Mixed,timer_il2_menten,0,0.05
0.0008208902948520023,78.97000000000574,Mixed,timer_il2_menten,0,0.05
0.0008189225219604352,78.98000000000575,Mixed,timer_il2_menten,0,0.05
0.0008169594659701805,78.99000000000575,Mixed,timer_il2_menten,0,0.05
0.0008150011155705747,79.00000000000576,Mixed,timer_il2_menten,0,0.05
0.0008130474594780341,79.01000000000576,Mixed,timer_il2_menten,0,0.05
0.0008110984864359838,79.02000000000577,Mixed,timer_il2_menten,0,0.05
0.0008091541852147929,79.03000000000577,Mixed,timer_il2_menten,0,0.05
0.0008072145446117046,79.04000000000578,Mixed,timer_il2_menten,0,0.05
0.0008052795534507682,79.05000000000578,Mixed,timer_il2_menten,0,0.05
0.0008033492005827718,79.06000000000579,Mixed,timer_il2_menten,0,0.05
0.000801423474885174,79.07000000000579,Mixed,timer_il2_menten,0,0.05
0.0007995023652620356,79.0800000000058,Mixed,timer_il2_menten,0,0.05
0.0007975858606439521,79.0900000000058,Mixed,timer_il2_menten,0,0.05
0.0007956739499879852,79.1000000000058,Mixed,timer_il2_menten,0,0.05
0.0007937666222988266,79.11000000000581,Mixed,timer_il2_menten,0,0.05
0.0007918638670459481,79.12000000000582,Mixed,timer_il2_menten,0,0.05
0.000789965672865542,79.13000000000582,Mixed,timer_il2_menten,0,0.05
0.0007880720288263611,79.14000000000583,Mixed,timer_il2_menten,0,0.05
0.0007861829240235639,79.15000000000583,Mixed,timer_il2_menten,0,0.05
0.0007842983475786547,79.16000000000584,Mixed,timer_il2_menten,0,0.05
0.0007824182886394181,79.17000000000584,Mixed,timer_il2_menten,0,0.05
0.0007805427363798583,79.18000000000585,Mixed,timer_il2_menten,0,0.05
0.0007786716800001346,79.19000000000585,Mixed,timer_il2_menten,0,0.05
0.0007768051087265002,79.20000000000586,Mixed,timer_il2_menten,0,0.05
0.0007749430118112383,79.21000000000586,Mixed,timer_il2_menten,0,0.05
0.0007730853785326,79.22000000000587,Mixed,timer_il2_menten,0,0.05
0.000771232198194741,79.23000000000587,Mixed,timer_il2_menten,0,0.05
0.0007693834601276592,79.24000000000588,Mixed,timer_il2_menten,0,0.05
0.0007675391536871321,79.25000000000588,Mixed,timer_il2_menten,0,0.05
0.0007656992682546532,79.26000000000589,Mixed,timer_il2_menten,0,0.05
0.00076386379323737,79.2700000000059,Mixed,timer_il2_menten,0,0.05
0.0007620327180680212,79.2800000000059,Mixed,timer_il2_menten,0,0.05
0.0007602060322048733,79.2900000000059,Mixed,timer_il2_menten,0,0.05
0.0007583837251316588,79.30000000000591,Mixed,timer_il2_menten,0,0.05
0.0007565657863575124,79.31000000000591,Mixed,timer_il2_menten,0,0.05
0.0007547522054169086,79.32000000000592,Mixed,timer_il2_menten,0,0.05
0.0007529429718695995,79.33000000000592,Mixed,timer_il2_menten,0,0.05
0.0007511380753005513,79.34000000000593,Mixed,timer_il2_menten,0,0.05
0.0007493375053198817,79.35000000000593,Mixed,timer_il2_menten,0,0.05
0.0007475412515627974,79.36000000000594,Mixed,timer_il2_menten,0,0.05
0.0007457493035840222,79.37000000000594,Mixed,timer_il2_menten,0,0.05
0.0007439616509027532,79.38000000000595,Mixed,timer_il2_menten,0,0.05
0.0007421782834409393,79.39000000000595,Mixed,timer_il2_menten,0,0.05
0.0007403991909287711,79.40000000000596,Mixed,timer_il2_menten,0,0.05
0.0007386243631210113,79.41000000000597,Mixed,timer_il2_menten,0,0.05
0.0007368537897969273,79.42000000000597,Mixed,timer_il2_menten,0,0.05
0.000735087460760225,79.43000000000598,Mixed,timer_il2_menten,0,0.05
0.0007333253658389821,79.44000000000598,Mixed,timer_il2_menten,0,0.05
0.0007315674948855814,79.45000000000599,Mixed,timer_il2_menten,0,0.05
0.0007298138377766447,79.46000000000599,Mixed,timer_il2_menten,0,0.05
0.0007280643844129659,79.470000000006,Mixed,timer_il2_menten,0,0.05
0.0007263191247194442,79.480000000006,Mixed,timer_il2_menten,0,0.05
0.0007245780486450184,79.490000000006,Mixed,timer_il2_menten,0,0.05
0.0007228411461625997,79.50000000000601,Mixed,timer_il2_menten,0,0.05
0.0007211084072690048,79.51000000000602,Mixed,timer_il2_menten,0,0.05
0.0007193798219848901,79.52000000000602,Mixed,timer_il2_menten,0,0.05
0.0007176553803546848,79.53000000000603,Mixed,timer_il2_menten,0,0.05
0.0007159350724465246,79.54000000000603,Mixed,timer_il2_menten,0,0.05
0.0007142188883521843,79.55000000000604,Mixed,timer_il2_menten,0,0.05
0.0007125068181870129,79.56000000000604,Mixed,timer_il2_menten,0,0.05
0.0007107988520898647,79.57000000000605,Mixed,timer_il2_menten,0,0.05
0.0007090949802230355,79.58000000000605,Mixed,timer_il2_menten,0,0.05
0.000707395192772193,79.59000000000606,Mixed,timer_il2_menten,0,0.05
0.0007056994799463131,79.60000000000606,Mixed,timer_il2_menten,0,0.05
0.0007040078319776117,79.61000000000607,Mixed,timer_il2_menten,0,0.05
0.0007023202391214785,79.62000000000607,Mixed,timer_il2_menten,0,0.05
0.0007006366916918446,79.63000000000608,Mixed,timer_il2_menten,0,0.05
0.0006989571799890451,79.64000000000608,Mixed,timer_il2_menten,0,0.05
0.000697281694314172,79.65000000000609,Mixed,timer_il2_menten,0,0.05
0.000695610225015497,79.6600000000061,Mixed,timer_il2_menten,0,0.05
0.0006939427624641681,79.6700000000061,Mixed,timer_il2_menten,0,0.05
0.0006922792970541455,79.6800000000061,Mixed,timer_il2_menten,0,0.05
0.0006906198192021348,79.69000000000611,Mixed,timer_il2_menten,0,0.05
0.0006889643193475209,79.70000000000611,Mixed,timer_il2_menten,0,0.05
0.0006873127879523033,79.71000000000612,Mixed,timer_il2_menten,0,0.05
0.0006856652155010284,79.72000000000612,Mixed,timer_il2_menten,0,0.05
0.0006840215925007254,79.73000000000613,Mixed,timer_il2_menten,0,0.05
0.0006823819094808396,79.74000000000613,Mixed,timer_il2_menten,0,0.05
0.0006807461569931663,79.75000000000614,Mixed,timer_il2_menten,0,0.05
0.0006791143256117851,79.76000000000614,Mixed,timer_il2_menten,0,0.05
0.0006774864059329948,79.77000000000615,Mixed,timer_il2_menten,0,0.05
0.0006758623885752457,79.78000000000615,Mixed,timer_il2_menten,0,0.05
0.0006742422641790757,79.79000000000616,Mixed,timer_il2_menten,0,0.05
0.0006726260234070433,79.80000000000616,Mixed,timer_il2_menten,0,0.05
0.0006710136569436617,79.81000000000617,Mixed,timer_il2_menten,0,0.05
0.0006694051554953336,79.82000000000617,Mixed,timer_il2_menten,0,0.05
0.0006678005097902847,79.83000000000618,Mixed,timer_il2_menten,0,0.05
0.0006661997105784983,79.84000000000619,Mixed,timer_il2_menten,0,0.05
0.0006646027486316482,79.85000000000619,Mixed,timer_il2_menten,0,0.05
0.0006630096147430347,79.8600000000062,Mixed,timer_il2_menten,0,0.05
0.0006614202997275175,79.8700000000062,Mixed,timer_il2_menten,0,0.05
0.0006598347944214496,79.8800000000062,Mixed,timer_il2_menten,0,0.05
0.0006582530902456147,79.89000000000621,Mixed,timer_il2_menten,0,0.05
0.0006566751777251196,79.90000000000622,Mixed,timer_il2_menten,0,0.05
0.0006551010476690173,79.91000000000622,Mixed,timer_il2_menten,0,0.05
0.000653530691008155,79.92000000000623,Mixed,timer_il2_menten,0,0.05
0.0006519640986949334,79.93000000000623,Mixed,timer_il2_menten,0,0.05
0.0006504012617032469,79.94000000000624,Mixed,timer_il2_menten,0,0.05
0.0006488421710284262,79.95000000000624,Mixed,timer_il2_menten,0,0.05
0.0006472868176871781,79.96000000000625,Mixed,timer_il2_menten,0,0.05
0.0006457351927175281,79.97000000000625,Mixed,timer_il2_menten,0,0.05
0.0006441872871787609,79.98000000000626,Mixed,timer_il2_menten,0,0.05
0.000642643092151362,79.99000000000626,Mixed,timer_il2_menten,0,0.05
0.0006411025987369585,80.00000000000627,Mixed,timer_il2_menten,0,0.05
0.0006395657980582617,80.01000000000627,Mixed,timer_il2_menten,0,0.05
0.000638032681259006,80.02000000000628,Mixed,timer_il2_menten,0,0.05
0.0006365032395038927,80.03000000000628,Mixed,timer_il2_menten,0,0.05
0.00063497746397853,80.04000000000629,Mixed,timer_il2_menten,0,0.05
0.0006334553458893736,80.05000000000629,Mixed,timer_il2_menten,0,0.05
0.0006319368764636699,80.0600000000063,Mixed,timer_il2_menten,0,0.05
0.0006304220469493952,80.0700000000063,Mixed,timer_il2_menten,0,0.05
0.000628910848615199,80.08000000000631,Mixed,timer_il2_menten,0,0.05
0.0006274032727503428,80.09000000000631,Mixed,timer_il2_menten,0,0.05
0.0006258993106646445,80.10000000000632,Mixed,timer_il2_menten,0,0.05
0.0006243989536884165,80.11000000000632,Mixed,timer_il2_menten,0,0.05
0.0006229021931724091,80.12000000000633,Mixed,timer_il2_menten,0,0.05
0.0006214090204877511,80.13000000000633,Mixed,timer_il2_menten,0,0.05
0.0006199194270857084,80.14000000000634,Mixed,timer_il2_menten,0,0.05
0.0006184334048953738,80.15000000000634,Mixed,timer_il2_menten,0,0.05
0.0006169509448738387,80.16000000000635,Mixed,timer_il2_menten,0,0.05
0.0006154720384813591,80.17000000000635,Mixed,timer_il2_menten,0,0.05
0.0006139966771986288,80.18000000000636,Mixed,timer_il2_menten,0,0.05
0.0006125248525267282,80.19000000000636,Mixed,timer_il2_menten,0,0.05
0.0006110565559870714,80.20000000000637,Mixed,timer_il2_menten,0,0.05
0.0006095917791213547,80.21000000000637,Mixed,timer_il2_menten,0,0.05
0.0006081305134915042,80.22000000000638,Mixed,timer_il2_menten,0,0.05
0.0006066727506796234,80.23000000000638,Mixed,timer_il2_menten,0,0.05
0.0006052184822879414,80.24000000000639,Mixed,timer_il2_menten,0,0.05
0.0006037676999387609,80.2500000000064,Mixed,timer_il2_menten,0,0.05
0.0006023203952744057,80.2600000000064,Mixed,timer_il2_menten,0,0.05
0.0006008765599571689,80.2700000000064,Mixed,timer_il2_menten,0,0.05
0.0005994361856692602,80.28000000000641,Mixed,timer_il2_menten,0,0.05
0.000597999264112755,80.29000000000642,Mixed,timer_il2_menten,0,0.05
0.0005965657870095405,80.30000000000642,Mixed,timer_il2_menten,0,0.05
0.0005951357461012651,80.31000000000643,Mixed,timer_il2_menten,0,0.05
0.0005937091331492856,80.32000000000643,Mixed,timer_il2_menten,0,0.05
0.000592285939934615,80.33000000000644,Mixed,timer_il2_menten,0,0.05
0.0005908661582578705,80.34000000000644,Mixed,timer_il2_menten,0,0.05
0.0005894497799392217,80.35000000000645,Mixed,timer_il2_menten,0,0.05
0.0005880367968183382,80.36000000000645,Mixed,timer_il2_menten,0,0.05
0.0005866272007543369,80.37000000000646,Mixed,timer_il2_menten,0,0.05
0.0005852209836257308,80.38000000000646,Mixed,timer_il2_menten,0,0.05
0.0005838181373303767,80.39000000000647,Mixed,timer_il2_menten,0,0.05
0.0005824186538702129,80.40000000000647,Mixed,timer_il2_menten,0,0.05
0.0005810225252693519,80.41000000000648,Mixed,timer_il2_menten,0,0.05
0.000579629743351396,80.42000000000648,Mixed,timer_il2_menten,0,0.05
0.0005782403000942717,80.43000000000649,Mixed,timer_il2_menten,0,0.05
0.0005768541874951262,80.44000000000649,Mixed,timer_il2_menten,0,0.05
0.0005754713975702783,80.4500000000065,Mixed,timer_il2_menten,0,0.05
0.0005740919223551678,80.4600000000065,Mixed,timer_il2_menten,0,0.05
0.0005727157539043067,80.47000000000651,Mixed,timer_il2_menten,0,0.05
0.0005713428842912297,80.48000000000651,Mixed,timer_il2_menten,0,0.05
0.0005699733056084442,80.49000000000652,Mixed,timer_il2_menten,0,0.05
0.0005686070099673808,80.50000000000652,Mixed,timer_il2_menten,0,0.05
0.0005672439894983439,80.51000000000653,Mixed,timer_il2_menten,0,0.05
0.0005658842363504619,80.52000000000653,Mixed,timer_il2_menten,0,0.05
0.0005645277426916379,80.53000000000654,Mixed,timer_il2_menten,0,0.05
0.0005631745007085003,80.54000000000654,Mixed,timer_il2_menten,0,0.05
0.0005618245026063522,80.55000000000655,Mixed,timer_il2_menten,0,0.05
0.0005604777406091233,80.56000000000655,Mixed,timer_il2_menten,0,0.05
0.0005591342069593192,80.57000000000656,Mixed,timer_il2_menten,0,0.05
0.0005577938939179723,80.58000000000656,Mixed,timer_il2_menten,0,0.05
0.0005564567937645926,80.59000000000657,Mixed,timer_il2_menten,0,0.05
0.0005551228987971165,80.60000000000657,Mixed,timer_il2_menten,0,0.05
0.0005537922013318597,80.61000000000658,Mixed,timer_il2_menten,0,0.05
0.0005524646937034659,80.62000000000658,Mixed,timer_il2_menten,0,0.05
0.0005511403682648571,80.63000000000659,Mixed,timer_il2_menten,0,0.05
0.0005498192173871854,80.6400000000066,Mixed,timer_il2_menten,0,0.05
0.0005485012334597822,80.6500000000066,Mixed,timer_il2_menten,0,0.05
0.0005471864089543668,80.6600000000066,Mixed,timer_il2_menten,0,0.05
0.0005458747362834277,80.67000000000661,Mixed,timer_il2_menten,0,0.05
0.0005445662078571809,80.68000000000661,Mixed,timer_il2_menten,0,0.05
0.0005432608161385845,80.69000000000662,Mixed,timer_il2_menten,0,0.05
0.0005419585536085877,80.70000000000663,Mixed,timer_il2_menten,0,0.05
0.0005406594127660832,80.71000000000663,Mixed,timer_il2_menten,0,0.05
0.0005393633861278582,80.72000000000664,Mixed,timer_il2_menten,0,0.05
0.0005380704662285459,80.73000000000664,Mixed,timer_il2_menten,0,0.05
0.0005367806456205773,80.74000000000665,Mixed,timer_il2_menten,0,0.05
0.000535493916874133,80.75000000000665,Mixed,timer_il2_menten,0,0.05
0.000534210272577094,80.76000000000666,Mixed,timer_il2_menten,0,0.05
0.0005329297053349936,80.77000000000666,Mixed,timer_il2_menten,0,0.05
0.0005316522077709693,80.78000000000667,Mixed,timer_il2_menten,0,0.05
0.0005303777725257139,80.79000000000667,Mixed,timer_il2_menten,0,0.05
0.0005291063922574267,80.80000000000668,Mixed,timer_il2_menten,0,0.05
0.000527838059641766,80.81000000000668,Mixed,timer_il2_menten,0,0.05
0.0005265727673717998,80.82000000000669,Mixed,timer_il2_menten,0,0.05
0.0005253105081579575,80.83000000000669,Mixed,timer_il2_menten,0,0.05
0.0005240512747279819,80.8400000000067,Mixed,timer_il2_menten,0,0.05
0.0005227950598268804,80.8500000000067,Mixed,timer_il2_menten,0,0.05
0.000521541856216876,80.8600000000067,Mixed,timer_il2_menten,0,0.05
0.0005202916566773595,80.87000000000671,Mixed,timer_il2_menten,0,0.05
0.0005190444540048416,80.88000000000672,Mixed,timer_il2_menten,0,0.05
0.0005178002410129029,80.89000000000672,Mixed,timer_il2_menten,0,0.05
0.0005165590105321463,80.90000000000673,Mixed,timer_il2_menten,0,0.05
0.000515320755410149,80.91000000000673,Mixed,timer_il2_menten,0,0.05
0.0005140854687219619,80.92000000000674,Mixed,timer_il2_menten,0,0.05
0.0005128531431993538,80.93000000000674,Mixed,timer_il2_menten,0,0.05
0.0005116237717207811,80.94000000000675,Mixed,timer_il2_menten,0,0.05
0.00051039734720444,80.95000000000675,Mixed,timer_il2_menten,0,0.05
0.0005091738625853935,80.96000000000676,Mixed,timer_il2_menten,0,0.05
0.0005079533108155259,80.97000000000676,Mixed,timer_il2_menten,0,0.05
0.0005067356848634972,80.98000000000677,Mixed,timer_il2_menten,0,0.05
0.0005055209777146961,80.99000000000677,Mixed,timer_il2_menten,0,0.05
0.0005043091823711944,81.00000000000678,Mixed,timer_il2_menten,0,0.05
0.0005031002918517021,81.01000000000678,Mixed,timer_il2_menten,0,0.05
0.0005018942991915197,81.02000000000679,Mixed,timer_il2_menten,0,0.05
0.0005006911974424933,81.0300000000068,Mixed,timer_il2_menten,0,0.05
0.0004994909796729686,81.0400000000068,Mixed,timer_il2_menten,0,0.05
0.0004982936389677447,81.0500000000068,Mixed,timer_il2_menten,0,0.05
0.000497099168428028,81.06000000000681,Mixed,timer_il2_menten,0,0.05
0.0004959075611713861,81.07000000000681,Mixed,timer_il2_menten,0,0.05
0.000494718810331703,81.08000000000682,Mixed,timer_il2_menten,0,0.05
0.0004935329090591312,81.09000000000682,Mixed,timer_il2_menten,0,0.05
0.0004923498505200477,81.10000000000683,Mixed,timer_il2_menten,0,0.05
0.0004911696278970064,81.11000000000683,Mixed,timer_il2_menten,0,0.05
0.0004899922343886933,81.12000000000684,Mixed,timer_il2_menten,0,0.05
0.0004888176632098797,81.13000000000685,Mixed,timer_il2_menten,0,0.05
0.0004876459075913768,81.14000000000685,Mixed,timer_il2_menten,0,0.05
0.00048647696077998954,81.15000000000686,Mixed,timer_il2_menten,0,0.05
0.0004853108160384706,81.16000000000686,Mixed,timer_il2_menten,0,0.05
0.0004841474666961469,81.17000000000687,Mixed,timer_il2_menten,0,0.05
0.00048298690629542225,81.18000000000687,Mixed,timer_il2_menten,0,0.05
0.0004818291279039395,81.19000000000688,Mixed,timer_il2_menten,0,0.05
0.00048067412485224996,81.20000000000688,Mixed,timer_il2_menten,0,0.05
0.0004795218904868156,81.21000000000689,Mixed,timer_il2_menten,0,0.05
0.00047837241816996536,81.22000000000689,Mixed,timer_il2_menten,0,0.05
0.00047722570127985424,81.2300000000069,Mixed,timer_il2_menten,0,0.05
0.0004760817332104203,81.2400000000069,Mixed,timer_il2_menten,0,0.05
0.00047494050737134175,81.2500000000069,Mixed,timer_il2_menten,0,0.05
0.00047380201718799555,81.26000000000691,Mixed,timer_il2_menten,0,0.05
0.00047266625610141433,81.27000000000692,Mixed,timer_il2_menten,0,0.05
0.00047153321756824397,81.28000000000692,Mixed,timer_il2_menten,0,0.05
0.0004704028950607022,81.29000000000693,Mixed,timer_il2_menten,0,0.05
0.0004692752820665346,81.30000000000693,Mixed,timer_il2_menten,0,0.05
0.00046815037208897353,81.31000000000694,Mixed,timer_il2_menten,0,0.05
0.0004670281586466955,81.32000000000694,Mixed,timer_il2_menten,0,0.05
0.0004659086352737781,81.33000000000695,Mixed,timer_il2_menten,0,0.05
0.00046479179551965844,81.34000000000695,Mixed,timer_il2_menten,0,0.05
0.0004636776329490905,81.35000000000696,Mixed,timer_il2_menten,0,0.05
0.0004625661411421022,81.36000000000696,Mixed,timer_il2_menten,0,0.05
0.0004614573136939538,81.37000000000697,Mixed,timer_il2_menten,0,0.05
0.00046035114421509555,81.38000000000697,Mixed,timer_il2_menten,0,0.05
0.0004592476263311243,81.39000000000698,Mixed,timer_il2_menten,0,0.05
0.0004581467536827421,81.40000000000698,Mixed,timer_il2_menten,0,0.05
0.00045704851992571364,81.41000000000699,Mixed,timer_il2_menten,0,0.05
0.00045595291873082316,81.420000000007,Mixed,timer_il2_menten,0,0.05
0.00045485994390257796,81.430000000007,Mixed,timer_il2_menten,0,0.05
0.0004537695892176452,81.440000000007,Mixed,timer_il2_menten,0,0.05
0.00045268184824608733,81.45000000000701,Mixed,timer_il2_menten,0,0.05
0.00045159671472224066,81.46000000000701,Mixed,timer_il2_menten,0,0.05
0.00045051418239541643,81.47000000000702,Mixed,timer_il2_menten,0,0.05
0.00044943424502986106,81.48000000000702,Mixed,timer_il2_menten,0,0.05
0.0004483568964047172,81.49000000000703,Mixed,timer_il2_menten,0,0.05
0.00044728213031398466,81.50000000000703,Mixed,timer_il2_menten,0,0.05
0.0004462099405664804,81.51000000000704,Mixed,timer_il2_menten,0,0.05
0.00044514032098580034,81.52000000000704,Mixed,timer_il2_menten,0,0.05
0.00044407326541027884,81.53000000000705,Mixed,timer_il2_menten,0,0.05
0.0004430087676929503,81.54000000000705,Mixed,timer_il2_menten,0,0.05
0.00044194682170150927,81.55000000000706,Mixed,timer_il2_menten,0,0.05
0.0004408874213182716,81.56000000000707,Mixed,timer_il2_menten,0,0.05
0.00043983056044013505,81.57000000000707,Mixed,timer_il2_menten,0,0.05
0.0004387762329785398,81.58000000000708,Mixed,timer_il2_menten,0,0.05
0.0004377244328594294,81.59000000000708,Mixed,timer_il2_menten,0,0.05
0.00043667515402321115,81.60000000000709,Mixed,timer_il2_menten,0,0.05
0.0004356283904247172,81.61000000000709,Mixed,timer_il2_menten,0,0.05
0.0004345841360331651,81.6200000000071,Mixed,timer_il2_menten,0,0.05
0.0004335423848321182,81.6300000000071,Mixed,timer_il2_menten,0,0.05
0.0004325031308194469,81.6400000000071,Mixed,timer_il2_menten,0,0.05
0.00043146636800728895,81.65000000000711,Mixed,timer_il2_menten,0,0.05
0.0004304320904220105,81.66000000000712,Mixed,timer_il2_menten,0,0.05
0.0004294002921041663,81.67000000000712,Mixed,timer_il2_menten,0,0.05
0.00042837096710846077,81.68000000000713,Mixed,timer_il2_menten,0,0.05
0.00042734410963117623,81.69000000000713,Mixed,timer_il2_menten,0,0.05
0.0004263197137112822,81.70000000000714,Mixed,timer_il2_menten,0,0.05
0.00042529777339463066,81.71000000000714,Mixed,timer_il2_menten,0,0.05
0.00042427828279468035,81.72000000000715,Mixed,timer_il2_menten,0,0.05
0.0004232612360389519,81.73000000000715,Mixed,timer_il2_menten,0,0.05
0.0004222466272689898,81.74000000000716,Mixed,timer_il2_menten,0,0.05
0.00042123445064032544,81.75000000000716,Mixed,timer_il2_menten,0,0.05
0.0004202247003224401,81.76000000000717,Mixed,timer_il2_menten,0,0.05
0.0004192173704987271,81.77000000000717,Mixed,timer_il2_menten,0,0.05
0.0004182124553664546,81.78000000000718,Mixed,timer_il2_menten,0,0.05
0.00041720994913672905,81.79000000000718,Mixed,timer_il2_menten,0,0.05
0.00041620984603445675,81.80000000000719,Mixed,timer_il2_menten,0,0.05
0.00041521214029830746,81.8100000000072,Mixed,timer_il2_menten,0,0.05
0.00041421682618067673,81.8200000000072,Mixed,timer_il2_menten,0,0.05
0.0004132238979476484,81.8300000000072,Mixed,timer_il2_menten,0,0.05
0.0004122333498789579,81.84000000000721,Mixed,timer_il2_menten,0,0.05
0.0004112451762679546,81.85000000000721,Mixed,timer_il2_menten,0,0.05
0.0004102593714215642,81.86000000000722,Mixed,timer_il2_menten,0,0.05
0.00040927592966025184,81.87000000000722,Mixed,timer_il2_menten,0,0.05
0.0004082948453179853,81.88000000000723,Mixed,timer_il2_menten,0,0.05
0.0004073161127421963,81.89000000000723,Mixed,timer_il2_menten,0,0.05
0.0004063397262937447,81.90000000000724,Mixed,timer_il2_menten,0,0.05
0.0004053656803468803,81.91000000000724,Mixed,timer_il2_menten,0,0.05
0.0004043939692892057,81.92000000000725,Mixed,timer_il2_menten,0,0.05
0.00040342458752163935,81.93000000000725,Mixed,timer_il2_menten,0,0.05
0.00040245752945837764,81.94000000000726,Mixed,timer_il2_menten,0,0.05
0.00040149278964522907,81.95000000000726,Mixed,timer_il2_menten,0,0.05
0.000400530362434913,81.96000000000727,Mixed,timer_il2_menten,0,0.05
0.00039957024227824713,81.97000000000727,Mixed,timer_il2_menten,0,0.05
0.00039861242364478474,81.98000000000728,Mixed,timer_il2_menten,0,0.05
0.00039765690101730675,81.99000000000729,Mixed,timer_il2_menten,0,0.05
0.0003967036688917869,82.00000000000729,Mixed,timer_il2_menten,0,0.05
0.0003957527217773575,82.0100000000073,Mixed,timer_il2_menten,0,0.05
0.00039480405419627573,82.0200000000073,Mixed,timer_il2_menten,0,0.05
0.0003938576606838885,82.0300000000073,Mixed,timer_il2_menten,0,0.05
0.0003929135357885991,82.04000000000731,Mixed,timer_il2_menten,0,0.05
0.0003919716740718324,82.05000000000732,Mixed,timer_il2_menten,0,0.05
0.0003910320701080008,82.06000000000732,Mixed,timer_il2_menten,0,0.05
0.0003900947184844699,82.07000000000733,Mixed,timer_il2_menten,0,0.05
0.00038915961380152407,82.08000000000733,Mixed,timer_il2_menten,0,0.05
0.00038822675067233276,82.09000000000734,Mixed,timer_il2_menten,0,0.05
0.00038729612372291557,82.10000000000734,Mixed,timer_il2_menten,0,0.05
0.0003863677275921086,82.11000000000735,Mixed,timer_il2_menten,0,0.05
0.0003854415569315297,82.12000000000735,Mixed,timer_il2_menten,0,0.05
0.00038451760640554467,82.13000000000736,Mixed,timer_il2_menten,0,0.05
0.00038359587069123247,82.14000000000736,Mixed,timer_il2_menten,0,0.05
0.00038267634448918607,82.15000000000737,Mixed,timer_il2_menten,0,0.05
0.000381759022547087,82.16000000000737,Mixed,timer_il2_menten,0,0.05
0.00038084389953704924,82.17000000000738,Mixed,timer_il2_menten,0,0.05
0.00037993097018796437,82.18000000000738,Mixed,timer_il2_menten,0,0.05
0.00037902022924133526,82.19000000000739,Mixed,timer_il2_menten,0,0.05
0.0003781116714512427,82.20000000000739,Mixed,timer_il2_menten,0,0.05
0.0003772052915843136,82.2100000000074,Mixed,timer_il2_menten,0,0.05
0.00037630108441968766,82.2200000000074,Mixed,timer_il2_menten,0,0.05
0.00037539904474898485,82.23000000000741,Mixed,timer_il2_menten,0,0.05
0.00037449916737627336,82.24000000000741,Mixed,timer_il2_menten,0,0.05
0.00037360144711803584,82.25000000000742,Mixed,timer_il2_menten,0,0.05
0.0003727058788031374,82.26000000000742,Mixed,timer_il2_menten,0,0.05
0.00037181245727279283,82.27000000000743,Mixed,timer_il2_menten,0,0.05
0.0003709211773805339,82.28000000000743,Mixed,timer_il2_menten,0,0.05
0.0003700320339921768,82.29000000000744,Mixed,timer_il2_menten,0,0.05
0.0003691450219857892,82.30000000000744,Mixed,timer_il2_menten,0,0.05
0.00036826013625165755,82.31000000000745,Mixed,timer_il2_menten,0,0.05
0.000367377371692255,82.32000000000745,Mixed,timer_il2_menten,0,0.05
0.000366496723222208,82.33000000000746,Mixed,timer_il2_menten,0,0.05
0.0003656181857682639,82.34000000000746,Mixed,timer_il2_menten,0,0.05
0.0003647417542692585,82.35000000000747,Mixed,timer_il2_menten,0,0.05
0.00036386742369575744,82.36000000000747,Mixed,timer_il2_menten,0,0.05
0.00036299518902601973,82.37000000000748,Mixed,timer_il2_menten,0,0.05
0.0003621250452105018,82.38000000000748,Mixed,timer_il2_menten,0,0.05
0.00036125698723709645,82.39000000000749,Mixed,timer_il2_menten,0,0.05
0.00036039101010567525,82.4000000000075,Mixed,timer_il2_menten,0,0.05
0.00035952710882805724,82.4100000000075,Mixed,timer_il2_menten,0,0.05
0.0003586652784279779,82.4200000000075,Mixed,timer_il2_menten,0,0.05
0.0003578055139410574,82.43000000000751,Mixed,timer_il2_menten,0,0.05
0.00035694781041476864,82.44000000000752,Mixed,timer_il2_menten,0,0.05
0.000356092162908407,82.45000000000752,Mixed,timer_il2_menten,0,0.05
0.0003552385664930581,82.46000000000753,Mixed,timer_il2_menten,0,0.05
0.0003543870162515659,82.47000000000753,Mixed,timer_il2_menten,0,0.05
0.00035353750727850264,82.48000000000754,Mixed,timer_il2_menten,0,0.05
0.00035269003468013616,82.49000000000754,Mixed,timer_il2_menten,0,0.05
0.00035184459357439886,82.50000000000755,Mixed,timer_il2_menten,0,0.05
0.0003510011790908565,82.51000000000755,Mixed,timer_il2_menten,0,0.05
0.00035015978637067654,82.52000000000756,Mixed,timer_il2_menten,0,0.05
0.0003493204105665965,82.53000000000756,Mixed,timer_il2_menten,0,0.05
0.00034848304684289286,82.54000000000757,Mixed,timer_il2_menten,0,0.05
0.00034764769037534963,82.55000000000757,Mixed,timer_il2_menten,0,0.05
0.00034681433635122625,82.56000000000758,Mixed,timer_il2_menten,0,0.05
0.00034598298000793455,82.57000000000758,Mixed,timer_il2_menten,0,0.05
0.00034515361654854145,82.58000000000759,Mixed,timer_il2_menten,0,0.05
0.00034432624117621734,82.59000000000759,Mixed,timer_il2_menten,0,0.05
0.00034350084912509776,82.6000000000076,Mixed,timer_il2_menten,0,0.05
0.0003426774356407046,82.6100000000076,Mixed,timer_il2_menten,0,0.05
0.0003418559959799153,82.62000000000761,Mixed,timer_il2_menten,0,0.05
0.0003410365254109337,82.63000000000761,Mixed,timer_il2_menten,0,0.05
0.00034021901921325957,82.64000000000762,Mixed,timer_il2_menten,0,0.05
0.0003394034726776591,82.65000000000762,Mixed,timer_il2_menten,0,0.05
0.0003385898811061345,82.66000000000763,Mixed,timer_il2_menten,0,0.05
0.00033777823981189425,82.67000000000763,Mixed,timer_il2_menten,0,0.05
0.0003369685441193237,82.68000000000764,Mixed,timer_il2_menten,0,0.05
0.00033616078936395425,82.69000000000764,Mixed,timer_il2_menten,0,0.05
0.00033535497089243416,82.70000000000765,Mixed,timer_il2_menten,0,0.05
0.00033455108406249816,82.71000000000765,Mixed,timer_il2_menten,0,0.05
0.0003337491242429378,82.72000000000766,Mixed,timer_il2_menten,0,0.05
0.00033294908681357155,82.73000000000766,Mixed,timer_il2_menten,0,0.05
0.0003321509671652147,82.74000000000767,Mixed,timer_il2_menten,0,0.05
0.0003313547606996493,82.75000000000767,Mixed,timer_il2_menten,0,0.05
0.00033056046282959467,82.76000000000768,Mixed,timer_il2_menten,0,0.05
0.0003297680689786773,82.77000000000768,Mixed,timer_il2_menten,0,0.05
0.0003289775746398322,82.78000000000769,Mixed,timer_il2_menten,0,0.05
0.0003281889752212038,82.7900000000077,Mixed,timer_il2_menten,0,0.05
0.0003274022661725306,82.8000000000077,Mixed,timer_il2_menten,0,0.05
0.00032661744296218263,82.8100000000077,Mixed,timer_il2_menten,0,0.05
0.0003258345010693608,82.82000000000771,Mixed,timer_il2_menten,0,0.05
0.00032505343598406917,82.83000000000771,Mixed,timer_il2_menten,0,0.05
0.0003242742432070855,82.84000000000772,Mixed,timer_il2_menten,0,0.05
0.00032349691824993355,82.85000000000773,Mixed,timer_il2_menten,0,0.05
0.0003227214566348555,82.86000000000773,Mixed,timer_il2_menten,0,0.05
0.0003219478538947823,82.87000000000774,Mixed,timer_il2_menten,0,0.05
0.00032117610557330677,82.88000000000774,Mixed,timer_il2_menten,0,0.05
0.0003204062072246541,82.89000000000775,Mixed,timer_il2_menten,0,0.05
0.00031963815441365473,82.90000000000775,Mixed,timer_il2_menten,0,0.05
0.00031887194271571504,82.91000000000776,Mixed,timer_il2_menten,0,0.05
0.0003181075677167898,82.92000000000776,Mixed,timer_il2_menten,0,0.05
0.00031734502501335377,82.93000000000777,Mixed,timer_il2_menten,0,0.05
0.000316584310212373,82.94000000000777,Mixed,timer_il2_menten,0,0.05
0.000315825418931277,82.95000000000778,Mixed,timer_il2_menten,0,0.05
0.0003150683467979305,82.96000000000778,Mixed,timer_il2_menten,0,0.05
0.00031431308945060495,82.97000000000779,Mixed,timer_il2_menten,0,0.05
0.00031355964254354906,82.98000000000779,Mixed,timer_il2_menten,0,0.05
0.0003128080017856766,82.9900000000078,Mixed,timer_il2_menten,0,0.05
0.0003120581628029475,83.0000000000078,Mixed,timer_il2_menten,0,0.05
0.0003113101212761779,83.0100000000078,Mixed,timer_il2_menten,0,0.05
0.00031056387289651335,83.02000000000781,Mixed,timer_il2_menten,0,0.05
0.0003098194133654018,83.03000000000782,Mixed,timer_il2_menten,0,0.05
0.0003090767383945667,83.04000000000782,Mixed,timer_il2_menten,0,0.05
0.00030833584370597994,83.05000000000783,Mixed,timer_il2_menten,0,0.05
0.0003075967250318353,83.06000000000783,Mixed,timer_il2_menten,0,0.05
0.00030685937811452183,83.07000000000784,Mixed,timer_il2_menten,0,0.05
0.00030612379870659657,83.08000000000784,Mixed,timer_il2_menten,0,0.05
0.0003053899825707582,83.09000000000785,Mixed,timer_il2_menten,0,0.05
0.0003046579254798198,83.10000000000785,Mixed,timer_il2_menten,0,0.05
0.0003039276232166823,83.11000000000786,Mixed,timer_il2_menten,0,0.05
0.00030319907157430777,83.12000000000786,Mixed,timer_il2_menten,0,0.05
0.0003024722663556922,83.13000000000787,Mixed,timer_il2_menten,0,0.05
0.00030174720337383914,83.14000000000787,Mixed,timer_il2_menten,0,0.05
0.00030102387845173256,83.15000000000788,Mixed,timer_il2_menten,0,0.05
0.00030030228742231025,83.16000000000788,Mixed,timer_il2_menten,0,0.05
0.00029958242612843696,83.17000000000789,Mixed,timer_il2_menten,0,0.05
0.0002988642904228774,83.1800000000079,Mixed,timer_il2_menten,0,0.05
0.0002981478761896048,83.1900000000079,Mixed,timer_il2_menten,0,0.05
0.00029743317933016817,83.2000000000079,Mixed,timer_il2_menten,0,0.05
0.00029672019568850207,83.21000000000791,Mixed,timer_il2_menten,0,0.05
0.000296008921157718,83.22000000000791,Mixed,timer_il2_menten,0,0.05
0.0002952993516407396,83.23000000000792,Mixed,timer_il2_menten,0,0.05
0.0002945914830502767,83.24000000000792,Mixed,timer_il2_menten,0,0.05
0.00029388531130879994,83.25000000000793,Mixed,timer_il2_menten,0,0.05
0.00029318083234851377,83.26000000000793,Mixed,timer_il2_menten,0,0.05
0.00029247804211133166,83.27000000000794,Mixed,timer_il2_menten,0,0.05
0.00029177693654884964,83.28000000000795,Mixed,timer_il2_menten,0,0.05
0.0002910775116223203,83.29000000000795,Mixed,timer_il2_menten,0,0.05
0.00029037976330262733,83.30000000000796,Mixed,timer_il2_menten,0,0.05
0.00028968368757025924,83.31000000000796,Mixed,timer_il2_menten,0,0.05
0.0002889892804152837,83.32000000000797,Mixed,timer_il2_menten,0,0.05
0.0002882965378373213,83.33000000000797,Mixed,timer_il2_menten,0,0.05
0.00028760545584552,83.34000000000798,Mixed,timer_il2_menten,0,0.05
0.00028691603045852916,83.35000000000798,Mixed,timer_il2_menten,0,0.05
0.00028622825770447356,83.36000000000799,Mixed,timer_il2_menten,0,0.05
0.0002855421336209273,83.37000000000799,Mixed,timer_il2_menten,0,0.05
0.0002848576542548883,83.380000000008,Mixed,timer_il2_menten,0,0.05
0.0002841748156627522,83.390000000008,Mixed,timer_il2_menten,0,0.05
0.0002834936139102862,83.400000000008,Mixed,timer_il2_menten,0,0.05
0.000282814045072604,83.41000000000801,Mixed,timer_il2_menten,0,0.05
0.00028213610523413857,83.42000000000802,Mixed,timer_il2_menten,0,0.05
0.0002814597904999225,83.43000000000802,Mixed,timer_il2_menten,0,0.05
0.00028078509704990715,83.44000000000803,Mixed,timer_il2_menten,0,0.05
0.00028011202092504404,83.45000000000803,Mixed,timer_il2_menten,0,0.05
0.0002794405582482298,83.46000000000804,Mixed,timer_il2_menten,0,0.05
0.000278770705151618,83.47000000000804,Mixed,timer_il2_menten,0,0.05
0.0002781024577765936,83.48000000000805,Mixed,timer_il2_menten,0,0.05
0.000277435812273749,83.49000000000805,Mixed,timer_il2_menten,0,0.05
0.00027677076480285914,83.50000000000806,Mixed,timer_il2_menten,0,0.05
0.0002761073115328572,83.5,Mixed,timer_il2_menten,0,0.05
0.00027544544856509265,83.51,Mixed,timer_il2_menten,0,0.05
0.0002747851721371845,83.52000000000001,Mixed,timer_il2_menten,0,0.05
0.0002741264784726221,83.53000000000002,Mixed,timer_il2_menten,0,0.05
0.00027346936377733766,83.54000000000002,Mixed,timer_il2_menten,0,0.05
0.0002728138242663427,83.55000000000003,Mixed,timer_il2_menten,0,0.05
0.0002721598561637309,83.56000000000003,Mixed,timer_il2_menten,0,0.05
0.0002715074557026445,83.57000000000004,Mixed,timer_il2_menten,0,0.05
0.0002708566191252518,83.58000000000004,Mixed,timer_il2_menten,0,0.05
0.00027020734268273436,83.59000000000005,Mixed,timer_il2_menten,0,0.05
0.0002695596226352579,83.60000000000005,Mixed,timer_il2_menten,0,0.05
0.000268913455251953,83.61000000000006,Mixed,timer_il2_menten,0,0.05
0.0002682688368108939,83.62000000000006,Mixed,timer_il2_menten,0,0.05
0.00026762576359907683,83.63000000000007,Mixed,timer_il2_menten,0,0.05
0.00026698423191239766,83.64000000000007,Mixed,timer_il2_menten,0,0.05
0.00026634423805563305,83.65000000000008,Mixed,timer_il2_menten,0,0.05
0.00026570577834241567,83.66000000000008,Mixed,timer_il2_menten,0,0.05
0.0002650688490952164,83.67000000000009,Mixed,timer_il2_menten,0,0.05
0.0002644334466453206,83.68000000000009,Mixed,timer_il2_menten,0,0.05
0.0002637995673328087,83.6900000000001,Mixed,timer_il2_menten,0,0.05
0.0002631672075065339,83.7000000000001,Mixed,timer_il2_menten,0,0.05
0.00026253636352410205,83.71000000000011,Mixed,timer_il2_menten,0,0.05
0.0002619070317518498,83.72000000000011,Mixed,timer_il2_menten,0,0.05
0.0002612792085648248,83.73000000000012,Mixed,timer_il2_menten,0,0.05
0.00026065289034676333,83.74000000000012,Mixed,timer_il2_menten,0,0.05
0.00026002807349007106,83.75000000000013,Mixed,timer_il2_menten,0,0.05
0.00025940475439580085,83.76000000000013,Mixed,timer_il2_menten,0,0.05
0.00025878292947363336,83.77000000000014,Mixed,timer_il2_menten,0,0.05
0.000258162595141855,83.78000000000014,Mixed,timer_il2_menten,0,0.05
0.00025754374782733787,83.79000000000015,Mixed,timer_il2_menten,0,0.05
0.0002569263839655208,83.80000000000015,Mixed,timer_il2_menten,0,0.05
0.00025631050000038527,83.81000000000016,Mixed,timer_il2_menten,0,0.05
0.0002556960923844388,83.82000000000016,Mixed,timer_il2_menten,0,0.05
0.0002550831575786914,83.83000000000017,Mixed,timer_il2_menten,0,0.05
0.00025447169205263653,83.84000000000017,Mixed,timer_il2_menten,0,0.05
0.00025386169228423187,83.85000000000018,Mixed,timer_il2_menten,0,0.05
0.00025325315475987624,83.86000000000018,Mixed,timer_il2_menten,0,0.05
0.00025264607597439256,83.87000000000019,Mixed,timer_il2_menten,0,0.05
0.0002520404524310051,83.8800000000002,Mixed,timer_il2_menten,0,0.05
0.00025143628064132003,83.8900000000002,Mixed,timer_il2_menten,0,0.05
0.000250833557125307,83.9000000000002,Mixed,timer_il2_menten,0,0.05
0.0002502322784112762,83.91000000000021,Mixed,timer_il2_menten,0,0.05
0.0002496324410358612,83.92000000000021,Mixed,timer_il2_menten,0,0.05
0.00024903404154399684,83.93000000000022,Mixed,timer_il2_menten,0,0.05
0.00024843707648889986,83.94000000000023,Mixed,timer_il2_menten,0,0.05
0.0002478415424320507,83.95000000000023,Mixed,timer_il2_menten,0,0.05
0.00024724743594317145,83.96000000000024,Mixed,timer_il2_menten,0,0.05
0.00024665475360020656,83.97000000000024,Mixed,timer_il2_menten,0,0.05
0.00024606349198930436,83.98000000000025,Mixed,timer_il2_menten,0,0.05
0.0002454736477047966,83.99000000000025,Mixed,timer_il2_menten,0,0.05
0.0002448852173491781,84.00000000000026,Mixed,timer_il2_menten,0,0.05
0.00024429819753308857,84.01000000000026,Mixed,timer_il2_menten,0,0.05
0.00024371258487529228,84.02000000000027,Mixed,timer_il2_menten,0,0.05
0.0002431283760026588,84.03000000000027,Mixed,timer_il2_menten,0,0.05
0.00024254556755014318,84.04000000000028,Mixed,timer_il2_menten,0,0.05
0.00024196415616076732,84.05000000000028,Mixed,timer_il2_menten,0,0.05
0.00024138413848560003,84.06000000000029,Mixed,timer_il2_menten,0,0.05
0.00024080551118373756,84.07000000000029,Mixed,timer_il2_menten,0,0.05
0.00024022827092228536,84.0800000000003,Mixed,timer_il2_menten,0,0.05
0.00023965241437633796,84.0900000000003,Mixed,timer_il2_menten,0,0.05
0.00023907793822895983,84.1000000000003,Mixed,timer_il2_menten,0,0.05
0.00023850483917116697,84.11000000000031,Mixed,timer_il2_menten,0,0.05
0.00023793311390190723,84.12000000000032,Mixed,timer_il2_menten,0,0.05
0.00023736275912804132,84.13000000000032,Mixed,timer_il2_menten,0,0.05
0.00023679377156432416,84.14000000000033,Mixed,timer_il2_menten,0,0.05
0.0002362261479333861,84.15000000000033,Mixed,timer_il2_menten,0,0.05
0.00023565988496571314,84.16000000000034,Mixed,timer_il2_menten,0,0.05
0.00023509497939962912,84.17000000000034,Mixed,timer_il2_menten,0,0.05
0.00023453142798127654,84.18000000000035,Mixed,timer_il2_menten,0,0.05
0.0002339692274645974,84.19000000000035,Mixed,timer_il2_menten,0,0.05
0.00023340837461131544,84.20000000000036,Mixed,timer_il2_menten,0,0.05
0.00023284886619091637,84.21000000000036,Mixed,timer_il2_menten,0,0.05
0.0002322906989806305,84.22000000000037,Mixed,timer_il2_menten,0,0.05
0.00023173386976541293,84.23000000000037,Mixed,timer_il2_menten,0,0.05
0.0002311783753379259,84.24000000000038,Mixed,timer_il2_menten,0,0.05
0.00023062421249852,84.25000000000038,Mixed,timer_il2_menten,0,0.05
0.00023007137805521573,84.26000000000039,Mixed,timer_il2_menten,0,0.05
0.00022951986882368517,84.2700000000004,Mixed,timer_il2_menten,0,0.05
0.0002289696816272336,84.2800000000004,Mixed,timer_il2_menten,0,0.05
0.00022842081329678128,84.2900000000004,Mixed,timer_il2_menten,0,0.05
0.00022787326067084512,84.30000000000041,Mixed,timer_il2_menten,0,0.05
0.00022732702059552028,84.31000000000041,Mixed,timer_il2_menten,0,0.05
0.00022678208992446276,84.32000000000042,Mixed,timer_il2_menten,0,0.05
0.00022623846551887014,84.33000000000042,Mixed,timer_il2_menten,0,0.05
0.0002256961442474644,84.34000000000043,Mixed,timer_il2_menten,0,0.05
0.00022515512298647357,84.35000000000043,Mixed,timer_il2_menten,0,0.05
0.00022461539861961367,84.36000000000044,Mixed,timer_il2_menten,0,0.05
0.0002240769680380708,84.37000000000045,Mixed,timer_il2_menten,0,0.05
0.00022353982814048336,84.38000000000045,Mixed,timer_il2_menten,0,0.05
0.0002230039758329241,84.39000000000046,Mixed,timer_il2_menten,0,0.05
0.00022246940802888218,84.40000000000046,Mixed,timer_il2_menten,0,0.05
0.0002219361216492455,84.41000000000047,Mixed,timer_il2_menten,0,0.05
0.00022140411362228326,84.42000000000047,Mixed,timer_il2_menten,0,0.05
0.00022087338088362755,84.43000000000048,Mixed,timer_il2_menten,0,0.05
0.0002203439203762564,84.44000000000048,Mixed,timer_il2_menten,0,0.05
0.00021981572905047585,84.45000000000049,Mixed,timer_il2_menten,0,0.05
0.0002192888038639024,84.46000000000049,Mixed,timer_il2_menten,0,0.05
0.00021876314178144525,84.4700000000005,Mixed,timer_il2_menten,0,0.05
0.00021823873977528985,84.4800000000005,Mixed,timer_il2_menten,0,0.05
0.0002177155948248789,84.4900000000005,Mixed,timer_il2_menten,0,0.05
0.00021719370391689615,84.50000000000051,Mixed,timer_il2_menten,0,0.05
0.00021667306404524818,84.51000000000052,Mixed,timer_il2_menten,0,0.05
0.00021615367221104845,84.52000000000052,Mixed,timer_il2_menten,0,0.05
0.00021563552542259822,84.53000000000053,Mixed,timer_il2_menten,0,0.05
0.00021511862069537063,84.54000000000053,Mixed,timer_il2_menten,0,0.05
0.00021460295505199277,84.55000000000054,Mixed,timer_il2_menten,0,0.05
0.0002140885255222296,84.56000000000054,Mixed,timer_il2_menten,0,0.05
0.00021357532914296535,84.57000000000055,Mixed,timer_il2_menten,0,0.05
0.00021306336295818742,84.58000000000055,Mixed,timer_il2_menten,0,0.05
0.000212552624018969,84.59000000000056,Mixed,timer_il2_menten,0,0.05
0.00021204310938345285,84.60000000000056,Mixed,timer_il2_menten,0,0.05
0.00021153481611683295,84.61000000000057,Mixed,timer_il2_menten,0,0.05
0.0002110277412913388,84.62000000000057,Mixed,timer_il2_menten,0,0.05
0.0002105218819862177,84.63000000000058,Mixed,timer_il2_menten,0,0.05
0.0002100172352877191,84.64000000000058,Mixed,timer_il2_menten,0,0.05
0.00020951379828907643,84.65000000000059,Mixed,timer_il2_menten,0,0.05
0.00020901156809049093,84.6600000000006,Mixed,timer_il2_menten,0,0.05
0.0002085105417991158,84.6700000000006,Mixed,timer_il2_menten,0,0.05
0.00020801071652903783,84.6800000000006,Mixed,timer_il2_menten,0,0.05
0.0002075120894012622,84.69000000000061,Mixed,timer_il2_menten,0,0.05
0.000207014657543695,84.70000000000061,Mixed,timer_il2_menten,0,0.05
0.00020651841809112792,84.71000000000062,Mixed,timer_il2_menten,0,0.05
0.00020602336818521997,84.72000000000062,Mixed,timer_il2_menten,0,0.05
0.00020552950497448234,84.73000000000063,Mixed,timer_il2_menten,0,0.05
0.00020503682561426198,84.74000000000063,Mixed,timer_il2_menten,0,0.05
0.0002045453272667237,84.75000000000064,Mixed,timer_il2_menten,0,0.05
0.00020405500710083606,84.76000000000064,Mixed,timer_il2_menten,0,0.05
0.00020356586229235344,84.77000000000065,Mixed,timer_il2_menten,0,0.05
0.00020307789002380072,84.78000000000065,Mixed,timer_il2_menten,0,0.05
0.00020259108748445578,84.79000000000066,Mixed,timer_il2_menten,0,0.05
0.00020210545187033483,84.80000000000067,Mixed,timer_il2_menten,0,0.05
0.00020162098038417546,84.81000000000067,Mixed,timer_il2_menten,0,0.05
0.00020113767023542082,84.82000000000068,Mixed,timer_il2_menten,0,0.05
0.00020065551864020256,84.83000000000068,Mixed,timer_il2_menten,0,0.05
0.00020017452282132647,84.84000000000069,Mixed,timer_il2_menten,0,0.05
0.00019969468000825523,84.85000000000069,Mixed,timer_il2_menten,0,0.05
0.00019921598743709326,84.8600000000007,Mixed,timer_il2_menten,0,0.05
0.00019873844235056943,84.8700000000007,Mixed,timer_il2_menten,0,0.05
0.000198262041998023,84.8800000000007,Mixed,timer_il2_menten,0,0.05
0.00019778678363538665,84.89000000000071,Mixed,timer_il2_menten,0,0.05
0.0001973126645251709,84.90000000000072,Mixed,timer_il2_menten,0,0.05
0.00019683968193644858,84.91000000000072,Mixed,timer_il2_menten,0,0.05
0.0001963678331448382,84.92000000000073,Mixed,timer_il2_menten,0,0.05
0.00019589711543248968,84.93000000000073,Mixed,timer_il2_menten,0,0.05
0.00019542752608806758,84.94000000000074,Mixed,timer_il2_menten,0,0.05
0.00019495906240673638,84.95000000000074,Mixed,timer_il2_menten,0,0.05
0.00019449172169014344,84.96000000000075,Mixed,timer_il2_menten,0,0.05
0.0001940255012464051,84.97000000000075,Mixed,timer_il2_menten,0,0.05
0.0001935603983900904,84.98000000000076,Mixed,timer_il2_menten,0,0.05
0.00019309641044220574,84.99000000000076,Mixed,timer_il2_menten,0,0.05
0.00019263353473017908,85.00000000000077,Mixed,timer_il2_menten,0,0.05
0.00019217176858784494,85.01000000000077,Mixed,timer_il2_menten,0,0.05
0.00019171110935542913,85.02000000000078,Mixed,timer_il2_menten,0,0.05
0.00019125155437953317,85.03000000000078,Mixed,timer_il2_menten,0,0.05
0.0001907931010131194,85.04000000000079,Mixed,timer_il2_menten,0,0.05
0.00019033574661549501,85.0500000000008,Mixed,timer_il2_menten,0,0.05
0.00018987948855229752,85.0600000000008,Mixed,timer_il2_menten,0,0.05
0.00018942432419547916,85.0700000000008,Mixed,timer_il2_menten,0,0.05
0.00018897025092329148,85.08000000000081,Mixed,timer_il2_menten,0,0.05
0.00018851726612027246,85.09000000000081,Mixed,timer_il2_menten,0,0.05
0.00018806536717722846,85.10000000000082,Mixed,timer_il2_menten,0,0.05
0.00018761455149122008,85.11000000000082,Mixed,timer_il2_menten,0,0.05
0.00018716481646554692,85.12000000000083,Mixed,timer_il2_menten,0,0.05
0.0001867161595097322,85.13000000000083,Mixed,timer_il2_menten,0,0.05
0.00018626857803951305,85.14000000000084,Mixed,timer_il2_menten,0,0.05
0.00018582206947681976,85.15000000000084,Mixed,timer_il2_menten,0,0.05
0.0001853766312497615,85.16000000000085,Mixed,timer_il2_menten,0,0.05
0.0001849322607926116,85.17000000000085,Mixed,timer_il2_menten,0,0.05
0.0001844889555457929,85.18000000000086,Mixed,timer_il2_menten,0,0.05
0.000184046712955868,85.19000000000086,Mixed,timer_il2_menten,0,0.05
0.00018360553047552,85.20000000000087,Mixed,timer_il2_menten,0,0.05
0.0001831654055635363,85.21000000000087,Mixed,timer_il2_menten,0,0.05
0.0001827263356847951,85.22000000000088,Mixed,timer_il2_menten,0,0.05
0.0001822883183102505,85.23000000000089,Mixed,timer_il2_menten,0,0.05
0.00018185135091692276,85.24000000000089,Mixed,timer_il2_menten,0,0.05
0.00018141543098788046,85.2500000000009,Mixed,timer_il2_menten,0,0.05
0.00018098055601222337,85.2600000000009,Mixed,timer_il2_menten,0,0.05
0.00018054672348506956,85.2700000000009,Mixed,timer_il2_menten,0,0.05
0.00018011393090754048,85.28000000000091,Mixed,timer_il2_menten,0,0.05
0.00017968217578674995,85.29000000000092,Mixed,timer_il2_menten,0,0.05
0.00017925145563579034,85.30000000000092,Mixed,timer_il2_menten,0,0.05
0.00017882176797371193,85.31000000000093,Mixed,timer_il2_menten,0,0.05
0.00017839311032551185,85.32000000000093,Mixed,timer_il2_menten,0,0.05
0.00017796548022211905,85.33000000000094,Mixed,timer_il2_menten,0,0.05
0.00017753887520038323,85.34000000000094,Mixed,timer_il2_menten,0,0.05
0.00017711329280306197,85.35000000000095,Mixed,timer_il2_menten,0,0.05
0.00017668873057879943,85.36000000000095,Mixed,timer_il2_menten,0,0.05
0.000176265186082115,85.37000000000096,Mixed,timer_il2_menten,0,0.05
0.00017584265687338923,85.38000000000096,Mixed,timer_il2_menten,0,0.05
0.0001754211405188494,85.39000000000097,Mixed,timer_il2_menten,0,0.05
0.00017500063459056185,85.40000000000097,Mixed,timer_il2_menten,0,0.05
0.00017458113666641553,85.41000000000098,Mixed,timer_il2_menten,0,0.05
0.0001741626443301012,85.42000000000098,Mixed,timer_il2_menten,0,0.05
0.0001737451551711009,85.43000000000099,Mixed,timer_il2_menten,0,0.05
0.00017332866678467396,85.44000000000099,Mixed,timer_il2_menten,0,0.05
0.00017291317677184316,85.450000000001,Mixed,timer_il2_menten,0,0.05
0.00017249868273938812,85.460000000001,Mixed,timer_il2_menten,0,0.05
0.00017208518229982486,85.47000000000101,Mixed,timer_il2_menten,0,0.05
0.00017167267307138941,85.48000000000101,Mixed,timer_il2_menten,0,0.05
0.00017126115267802644,85.49000000000102,Mixed,timer_il2_menten,0,0.05
0.00017085061874937515,85.50000000000102,Mixed,timer_il2_menten,0,0.05
0.00017044106892075614,85.51000000000103,Mixed,timer_il2_menten,0,0.05
0.00017003250083316574,85.52000000000103,Mixed,timer_il2_menten,0,0.05
0.0001696249121332525,85.53000000000104,Mixed,timer_il2_menten,0,0.05
0.00016921830047330399,85.54000000000104,Mixed,timer_il2_menten,0,0.05
0.00016881266351123468,85.55000000000105,Mixed,timer_il2_menten,0,0.05
0.00016840799891057218,85.56000000000105,Mixed,timer_il2_menten,0,0.05
0.00016800430434044518,85.57000000000106,Mixed,timer_il2_menten,0,0.05
0.00016760157747557682,85.58000000000106,Mixed,timer_il2_menten,0,0.05
0.0001671998159962603,85.59000000000107,Mixed,timer_il2_menten,0,0.05
0.00016679901758834788,85.60000000000107,Mixed,timer_il2_menten,0,0.05
0.00016639917994323828,85.61000000000108,Mixed,timer_il2_menten,0,0.05
0.00016600030075786292,85.62000000000108,Mixed,timer_il2_menten,0,0.05
0.0001656023777342837,85.63000000000109,Mixed,timer_il2_menten,0,0.05
0.00016520540858151132,85.6400000000011,Mixed,timer_il2_menten,0,0.05
0.00016480939101219086,85.6500000000011,Mixed,timer_il2_menten,0,0.05
0.0001644143227453486,85.6600000000011,Mixed,timer_il2_menten,0,0.05
0.00016402020150543638,85.67000000000111,Mixed,timer_il2_menten,0,0.05
0.00016362702502233128,85.68000000000112,Mixed,timer_il2_menten,0,0.05
0.0001632347910313087,85.69000000000112,Mixed,timer_il2_menten,0,0.05
0.00016284349727304018,85.70000000000113,Mixed,timer_il2_menten,0,0.05
0.00016245314149364917,85.71000000000113,Mixed,timer_il2_menten,0,0.05
0.00016206372144468199,85.72000000000114,Mixed,timer_il2_menten,0,0.05
0.000161675234883107,85.73000000000114,Mixed,timer_il2_menten,0,0.05
0.00016128767957131462,85.74000000000115,Mixed,timer_il2_menten,0,0.05
0.00016090105327711741,85.75000000000115,Mixed,timer_il2_menten,0,0.05
0.00016051535377368137,85.76000000000116,Mixed,timer_il2_menten,0,0.05
0.00016013057883885518,85.77000000000116,Mixed,timer_il2_menten,0,0.05
0.00015974672625616398,85.78000000000117,Mixed,timer_il2_menten,0,0.05
0.0001593637938146635,85.79000000000117,Mixed,timer_il2_menten,0,0.05
0.00015898177930878438,85.80000000000118,Mixed,timer_il2_menten,0,0.05
0.00015860068053833164,85.81000000000118,Mixed,timer_il2_menten,0,0.05
0.00015822049530848516,85.82000000000119,Mixed,timer_il2_menten,0,0.05
0.00015784122142979936,85.83000000000119,Mixed,timer_il2_menten,0,0.05
0.0001574628567174517,85.8400000000012,Mixed,timer_il2_menten,0,0.05
0.0001570853989911369,85.8500000000012,Mixed,timer_il2_menten,0,0.05
0.00015670884607670572,85.86000000000121,Mixed,timer_il2_menten,0,0.05
0.00015633319580530384,85.87000000000121,Mixed,timer_il2_menten,0,0.05
0.00015595844601335964,85.88000000000122,Mixed,timer_il2_menten,0,0.05
0.0001555845945425845,85.89000000000122,Mixed,timer_il2_menten,0,0.05
0.00015521163923997255,85.90000000000123,Mixed,timer_il2_menten,0,0.05
0.00015483957795766462,85.91000000000123,Mixed,timer_il2_menten,0,0.05
0.00015446840855161523,85.92000000000124,Mixed,timer_il2_menten,0,0.05
0.00015409812888356704,85.93000000000124,Mixed,timer_il2_menten,0,0.05
0.00015372873682076166,85.94000000000125,Mixed,timer_il2_menten,0,0.05
0.00015336023023562915,85.95000000000125,Mixed,timer_il2_menten,0,0.05
0.0001529926070057882,85.96000000000126,Mixed,timer_il2_menten,0,0.05
0.0001526258650140461,85.97000000000126,Mixed,timer_il2_menten,0,0.05
0.00015226000214839885,85.98000000000127,Mixed,timer_il2_menten,0,0.05
0.00015189501630127336,85.99000000000127,Mixed,timer_il2_menten,0,0.05
0.0001515309053694208,86.00000000000128,Mixed,timer_il2_menten,0,0.05
0.00015116766725556884,86.01000000000128,Mixed,timer_il2_menten,0,0.05
0.0001508052998675532,86.02000000000129,Mixed,timer_il2_menten,0,0.05
0.0001504438011183057,86.0300000000013,Mixed,timer_il2_menten,0,0.05
0.00015008316892585423,86.0400000000013,Mixed,timer_il2_menten,0,0.05
0.00014972340121332265,86.0500000000013,Mixed,timer_il2_menten,0,0.05
0.00014936449590880014,86.06000000000131,Mixed,timer_il2_menten,0,0.05
0.0001490064509440528,86.07000000000131,Mixed,timer_il2_menten,0,0.05
0.00014864926425643197,86.08000000000132,Mixed,timer_il2_menten,0,0.05
0.0001482929337885929,86.09000000000133,Mixed,timer_il2_menten,0,0.05
0.00014793745748819588,86.10000000000133,Mixed,timer_il2_menten,0,0.05
0.0001475828333079065,86.11000000000134,Mixed,timer_il2_menten,0,0.05
0.00014722905920539544,86.12000000000134,Mixed,timer_il2_menten,0,0.05
0.00014687613314333844,86.13000000000135,Mixed,timer_il2_menten,0,0.05
0.0001465240530886861,86.14000000000135,Mixed,timer_il2_menten,0,0.05
0.0001461728170125589,86.15000000000136,Mixed,timer_il2_menten,0,0.05
0.00014582242289184393,86.16000000000136,Mixed,timer_il2_menten,0,0.05
0.00014547286870835515,86.17000000000137,Mixed,timer_il2_menten,0,0.05
0.00014512415244882253,86.18000000000137,Mixed,timer_il2_menten,0,0.05
0.00014477627210489184,86.19000000000138,Mixed,timer_il2_menten,0,0.05
0.00014442922567312467,86.20000000000138,Mixed,timer_il2_menten,0,0.05
0.0001440830111548724,86.21000000000139,Mixed,timer_il2_menten,0,0.05
0.00014373762655503323,86.22000000000139,Mixed,timer_il2_menten,0,0.05
0.00014339306988389323,86.2300000000014,Mixed,timer_il2_menten,0,0.05
0.0001430493391568547,86.2400000000014,Mixed,timer_il2_menten,0,0.05
0.00014270643239414806,86.2500000000014,Mixed,timer_il2_menten,0,0.05
0.00014236434762083207,86.26000000000141,Mixed,timer_il2_menten,0,0.05
0.0001420230828667935,86.27000000000142,Mixed,timer_il2_menten,0,0.05
0.00014168263616674742,86.28000000000142,Mixed,timer_il2_menten,0,0.05
0.0001413430055595323,86.29000000000143,Mixed,timer_il2_menten,0,0.05
0.00014100418908800935,86.30000000000143,Mixed,timer_il2_menten,0,0.05
0.0001406661848006022,86.31000000000144,Mixed,timer_il2_menten,0,0.05
0.0001403289907504874,86.32000000000144,Mixed,timer_il2_menten,0,0.05
0.00013999260499558344,86.33000000000145,Mixed,timer_il2_menten,0,0.05
0.00013965702559855106,86.34000000000145,Mixed,timer_il2_menten,0,0.05
0.00013932225062679272,86.35000000000146,Mixed,timer_il2_menten,0,0.05
0.00013898827815233145,86.36000000000146,Mixed,timer_il2_menten,0,0.05
0.00013865510625061172,86.37000000000147,Mixed,timer_il2_menten,0,0.05
0.0001383227330022752,86.38000000000147,Mixed,timer_il2_menten,0,0.05
0.00013799115649289903,86.39000000000148,Mixed,timer_il2_menten,0,0.05
0.00013766037481271782,86.40000000000148,Mixed,timer_il2_menten,0,0.05
0.00013733038605662348,86.41000000000149,Mixed,timer_il2_menten,0,0.05
0.00013700118832416555,86.4200000000015,Mixed,timer_il2_menten,0,0.05
0.00013667277971955082,86.4300000000015,Mixed,timer_il2_menten,0,0.05
0.00013634515835096402,86.4400000000015,Mixed,timer_il2_menten,0,0.05
0.00013601832233047021,86.45000000000151,Mixed,timer_il2_menten,0,0.05
0.0001356922697755002,86.46000000000151,Mixed,timer_il2_menten,0,0.05
0.0001353669988080695,86.47000000000152,Mixed,timer_il2_menten,0,0.05
0.00013504250755476822,86.48000000000152,Mixed,timer_il2_menten,0,0.05
0.00013471879414676065,86.49000000000153,Mixed,timer_il2_menten,0,0.05
0.0001343958567197855,86.50000000000153,Mixed,timer_il2_menten,0,0.05
0.0001340736934140384,86.51000000000154,Mixed,timer_il2_menten,0,0.05
0.00013375230237301557,86.52000000000155,Mixed,timer_il2_menten,0,0.05
0.00013343168174522672,86.53000000000155,Mixed,timer_il2_menten,0,0.05
0.00013311182968394226,86.54000000000156,Mixed,timer_il2_menten,0,0.05
0.00013279274434692563,86.55000000000156,Mixed,timer_il2_menten,0,0.05
0.0001324744238964328,86.56000000000157,Mixed,timer_il2_menten,0,0.05
0.00013215686649921266,86.57000000000157,Mixed,timer_il2_menten,0,0.05
0.00013184007032650676,86.58000000000158,Mixed,timer_il2_menten,0,0.05
0.00013152403355339378,86.59000000000158,Mixed,timer_il2_menten,0,0.05
0.00013120875435869558,86.60000000000159,Mixed,timer_il2_menten,0,0.05
0.00013089423092641015,86.61000000000159,Mixed,timer_il2_menten,0,0.05
0.000130580461444958,86.6200000000016,Mixed,timer_il2_menten,0,0.05
0.0001302674441071723,86.6300000000016,Mixed,timer_il2_menten,0,0.05
0.00012995517711029904,86.6400000000016,Mixed,timer_il2_menten,0,0.05
0.0001296436586559965,86.65000000000161,Mixed,timer_il2_menten,0,0.05
0.00012933288695022248,86.66000000000162,Mixed,timer_il2_menten,0,0.05
0.0001290228602021187,86.67000000000162,Mixed,timer_il2_menten,0,0.05
0.0001287135766256629,86.68000000000163,Mixed,timer_il2_menten,0,0.05
0.00012840503443942554,86.69000000000163,Mixed,timer_il2_menten,0,0.05
0.0001280972318663107,86.70000000000164,Mixed,timer_il2_menten,0,0.05
0.00012779016713355664,86.71000000000164,Mixed,timer_il2_menten,0,0.05
0.0001274838384727354,86.72000000000165,Mixed,timer_il2_menten,0,0.05
0.00012717824411975293,86.73000000000165,Mixed,timer_il2_menten,0,0.05
0.0001268733823153068,86.74000000000166,Mixed,timer_il2_menten,0,0.05
0.00012656925129982507,86.75000000000166,Mixed,timer_il2_menten,0,0.05
0.0001262658493235283,86.76000000000167,Mixed,timer_il2_menten,0,0.05
0.0001259631746387577,86.77000000000167,Mixed,timer_il2_menten,0,0.05
0.00012566122550215867,86.78000000000168,Mixed,timer_il2_menten,0,0.05
0.00012536000017467053,86.79000000000168,Mixed,timer_il2_menten,0,0.05
0.00012505949692151615,86.80000000000169,Mixed,timer_il2_menten,0,0.05
0.0001247597140118673,86.8100000000017,Mixed,timer_il2_menten,0,0.05
0.00012446064971599635,86.8200000000017,Mixed,timer_il2_menten,0,0.05
0.00012416230231039217,86.8300000000017,Mixed,timer_il2_menten,0,0.05
0.00012386467007654027,86.84000000000171,Mixed,timer_il2_menten,0,0.05
0.00012356775130010773,86.85000000000171,Mixed,timer_il2_menten,0,0.05
0.00012327154427093192,86.86000000000172,Mixed,timer_il2_menten,0,0.05
0.0001229760472830085,86.87000000000172,Mixed,timer_il2_menten,0,0.05
0.00012268125863448012,86.88000000000173,Mixed,timer_il2_menten,0,0.05
0.00012238717662762453,86.89000000000173,Mixed,timer_il2_menten,0,0.05
0.00012209379956884292,86.90000000000174,Mixed,timer_il2_menten,0,0.05
0.0001218011257686485,86.91000000000174,Mixed,timer_il2_menten,0,0.05
0.00012150915354165468,86.92000000000175,Mixed,timer_il2_menten,0,0.05
0.00012121788120656346,86.93000000000175,Mixed,timer_il2_menten,0,0.05
0.00012092730708615383,86.94000000000176,Mixed,timer_il2_menten,0,0.05
0.00012063742950727005,86.95000000000176,Mixed,timer_il2_menten,0,0.05
0.00012034824680081006,86.96000000000177,Mixed,timer_il2_menten,0,0.05
0.00012005975730171393,86.97000000000178,Mixed,timer_il2_menten,0,0.05
0.00011977195934895194,86.98000000000178,Mixed,timer_il2_menten,0,0.05
0.00011948485128551332,86.99000000000179,Mixed,timer_il2_menten,0,0.05
0.00011919843145839426,87.00000000000179,Mixed,timer_il2_menten,0,0.05
0.00011891269821858645,87.0100000000018,Mixed,timer_il2_menten,0,0.05
0.00011862764992106544,87.0200000000018,Mixed,timer_il2_menten,0,0.05
0.00011834328492477887,87.0300000000018,Mixed,timer_il2_menten,0,0.05
0.00011805960159263498,87.04000000000181,Mixed,timer_il2_menten,0,0.05
0.00011777659828974253,87.05000000000182,Mixed,timer_il2_menten,0,0.05
0.00011749427338341863,87.06000000000182,Mixed,timer_il2_menten,0,0.05
0.00011721262524753815,87.07000000000183,Mixed,timer_il2_menten,0,0.05
0.00011693165225988954,87.08000000000183,Mixed,timer_il2_menten,0,0.05
0.00011665135280210931,87.09000000000184,Mixed,timer_il2_menten,0,0.05
0.0001163717252596688,87.10000000000184,Mixed,timer_il2_menten,0,0.05
0.00011609276802186129,87.11000000000185,Mixed,timer_il2_menten,0,0.05
0.00011581447948178872,87.12000000000185,Mixed,timer_il2_menten,0,0.05
0.00011553685803634883,87.13000000000186,Mixed,timer_il2_menten,0,0.05
0.0001152599020862219,87.14000000000186,Mixed,timer_il2_menten,0,0.05
0.00011498361003585788,87.15000000000187,Mixed,timer_il2_menten,0,0.05
0.00011470798029346317,87.16000000000187,Mixed,timer_il2_menten,0,0.05
0.00011443301127098758,87.17000000000188,Mixed,timer_il2_menten,0,0.05
0.00011415870138411135,87.18000000000188,Mixed,timer_il2_menten,0,0.05
0.00011388504905223203,87.19000000000189,Mixed,timer_il2_menten,0,0.05
0.00011361205269845131,87.20000000000189,Mixed,timer_il2_menten,0,0.05
0.00011333971074956214,87.2100000000019,Mixed,timer_il2_menten,0,0.05
0.00011306802163603552,87.2200000000019,Mixed,timer_il2_menten,0,0.05
0.00011279698379200752,87.23000000000191,Mixed,timer_il2_menten,0,0.05
0.00011252659565526613,87.24000000000191,Mixed,timer_il2_menten,0,0.05
0.00011225685566723828,87.25000000000192,Mixed,timer_il2_menten,0,0.05
0.00011198776227297668,87.26000000000192,Mixed,timer_il2_menten,0,0.05
0.0001117193139211469,87.27000000000193,Mixed,timer_il2_menten,0,0.05
0.00011145150906455322,87.28000000000193,Mixed,timer_il2_menten,0,0.05
0.0001111843461672802,87.29000000000194,Mixed,timer_il2_menten,0,0.05
0.00011091782369290621,87.30000000000194,Mixed,timer_il2_menten,0,0.05
0.00011065194010628901,87.31000000000195,Mixed,timer_il2_menten,0,0.05
0.0001103866938759564,87.32000000000195,Mixed,timer_il2_menten,0,0.05
0.00011012208347409672,87.33000000000196,Mixed,timer_il2_menten,0,0.05
0.00010985810737654882,87.34000000000196,Mixed,timer_il2_menten,0,0.05
0.0001095947640627923,87.35000000000197,Mixed,timer_il2_menten,0,0.05
0.00010933205201593781,87.36000000000197,Mixed,timer_il2_menten,0,0.05
0.0001090699697227171,87.37000000000198,Mixed,timer_il2_menten,0,0.05
0.00010880851567347338,87.38000000000198,Mixed,timer_il2_menten,0,0.05
0.00010854768836215129,87.39000000000199,Mixed,timer_il2_menten,0,0.05
0.00010828748628628738,87.400000000002,Mixed,timer_il2_menten,0,0.05
0.00010802790794700004,87.410000000002,Mixed,timer_il2_menten,0,0.05
0.00010776895184897989,87.420000000002,Mixed,timer_il2_menten,0,0.05
0.00010751061650047985,87.43000000000201,Mixed,timer_il2_menten,0,0.05
0.00010725290041330545,87.44000000000202,Mixed,timer_il2_menten,0,0.05
0.00010699580210280491,87.45000000000202,Mixed,timer_il2_menten,0,0.05
0.00010673932008785936,87.46000000000203,Mixed,timer_il2_menten,0,0.05
0.0001064834528908732,87.47000000000203,Mixed,timer_il2_menten,0,0.05
0.00010622819903776397,87.48000000000204,Mixed,timer_il2_menten,0,0.05
0.00010597355705795292,87.49000000000204,Mixed,timer_il2_menten,0,0.05
0.00010571952548435492,87.50000000000205,Mixed,timer_il2_menten,0,0.05
0.00010546610285336878,87.51000000000205,Mixed,timer_il2_menten,0,0.05
0.00010521328770581215,87.52000000000206,Mixed,timer_il2_menten,0,0.05
0.00010496107858734533,87.53000000000206,Mixed,timer_il2_menten,0,0.05
0.0001047094740453328,87.54000000000207,Mixed,timer_il2_menten,0,0.05
0.00010445847263054842,87.55000000000207,Mixed,timer_il2_menten,0,0.05
0.00010420807289723553,87.56000000000208,Mixed,timer_il2_menten,0,0.05
0.00010395827340309819,87.57000000000208,Mixed,timer_il2_menten,0,0.05
0.00010370907270929219,87.58000000000209,Mixed,timer_il2_menten,0,0.05
0.00010346046938041614,87.59000000000209,Mixed,timer_il2_menten,0,0.05
0.00010321246198450261,87.6000000000021,Mixed,timer_il2_menten,0,0.05
0.00010296504909300928,87.6100000000021,Mixed,timer_il2_menten,0,0.05
0.00010271822928080993,87.62000000000211,Mixed,timer_il2_menten,0,0.05
0.00010247200112618563,87.63000000000211,Mixed,timer_il2_menten,0,0.05
0.00010222636321081585,87.64000000000212,Mixed,timer_il2_menten,0,0.05
0.00010198131411976957,87.65000000000212,Mixed,timer_il2_menten,0,0.05
0.00010173685244149629,87.66000000000213,Mixed,timer_il2_menten,0,0.05
0.00010149297676781725,87.67000000000213,Mixed,timer_il2_menten,0,0.05
0.00010124968569391646,87.68000000000214,Mixed,timer_il2_menten,0,0.05
0.00010100697781833195,87.69000000000214,Mixed,timer_il2_menten,0,0.05
0.00010076485174294656,87.70000000000215,Mixed,timer_il2_menten,0,0.05
0.00010052330607297938,87.71000000000215,Mixed,timer_il2_menten,0,0.05
0.0001002823394169768,87.72000000000216,Mixed,timer_il2_menten,0,0.05
0.00010004195038680331,87.73000000000216,Mixed,timer_il2_menten,0,0.05
9.980213759763307e-05,87.74000000000217,Mixed,timer_il2_menten,0,0.05
9.956289966799087e-05,87.75000000000217,Mixed,timer_il2_menten,0,0.05
9.932423522082147e-05,87.76000000000218,Mixed,timer_il2_menten,0,0.05
9.908614288186832e-05,87.77000000000218,Mixed,timer_il2_menten,0,0.05
9.884862127973413e-05,87.78000000000219,Mixed,timer_il2_menten,0,0.05
9.861166904630513e-05,87.7900000000022,Mixed,timer_il2_menten,0,0.05
9.83752848167424e-05,87.8000000000022,Mixed,timer_il2_menten,0,0.05
9.813946722947362e-05,87.8100000000022,Mixed,timer_il2_menten,0,0.05
9.790421492618459e-05,87.82000000000221,Mixed,timer_il2_menten,0,0.05
9.766952655181093e-05,87.83000000000222,Mixed,timer_il2_menten,0,0.05
9.74354007545296e-05,87.84000000000222,Mixed,timer_il2_menten,0,0.05
9.720183618575042e-05,87.85000000000223,Mixed,timer_il2_menten,0,0.05
9.696883150010785e-05,87.86000000000223,Mixed,timer_il2_menten,0,0.05
9.673638535545243e-05,87.87000000000224,Mixed,timer_il2_menten,0,0.05
9.650449641284247e-05,87.88000000000224,Mixed,timer_il2_menten,0,0.05
9.627316333653556e-05,87.89000000000225,Mixed,timer_il2_menten,0,0.05
9.604238479398028e-05,87.90000000000225,Mixed,timer_il2_menten,0,0.05
9.581215945580762e-05,87.91000000000226,Mixed,timer_il2_menten,0,0.05
9.55824859958228e-05,87.92000000000226,Mixed,timer_il2_menten,0,0.05
9.535336309099672e-05,87.93000000000227,Mixed,timer_il2_menten,0,0.05
9.512478942145754e-05,87.94000000000227,Mixed,timer_il2_menten,0,0.05
9.489676367048242e-05,87.95000000000228,Mixed,timer_il2_menten,0,0.05
9.466928452448887e-05,87.96000000000228,Mixed,timer_il2_menten,0,0.05
9.444235067302664e-05,87.97000000000229,Mixed,timer_il2_menten,0,0.05
9.421596080876909e-05,87.98000000000229,Mixed,timer_il2_menten,0,0.05
9.399011321913655e-05,87.9900000000023,Mixed,timer_il2_menten,0,0.05
9.376480750388825e-05,88.0000000000023,Mixed,timer_il2_menten,0,0.05
9.354004186075712e-05,88.01000000000231,Mixed,timer_il2_menten,0,0.05
9.331581499690834e-05,88.02000000000231,Mixed,timer_il2_menten,0,0.05
9.309212562244162e-05,88.03000000000232,Mixed,timer_il2_menten,0,0.05
9.286897245039117e-05,88.04000000000232,Mixed,timer_il2_menten,0,0.05
9.264635419672568e-05,88.05000000000233,Mixed,timer_il2_menten,0,0.05
9.242426958034841e-05,88.06000000000233,Mixed,timer_il2_menten,0,0.05
9.22027173230971e-05,88.07000000000234,Mixed,timer_il2_menten,0,0.05
9.198169614974396e-05,88.08000000000234,Mixed,timer_il2_menten,0,0.05
9.176120478799576e-05,88.09000000000235,Mixed,timer_il2_menten,0,0.05
9.154124196849374e-05,88.10000000000235,Mixed,timer_il2_menten,0,0.05
9.132180642481365e-05,88.11000000000236,Mixed,timer_il2_menten,0,0.05
9.11028968934658e-05,88.12000000000236,Mixed,timer_il2_menten,0,0.05
9.08845121138949e-05,88.13000000000237,Mixed,timer_il2_menten,0,0.05
9.066665082848029e-05,88.14000000000237,Mixed,timer_il2_menten,0,0.05
9.04493117825357e-05,88.15000000000238,Mixed,timer_il2_menten,0,0.05
9.023249372430947e-05,88.16000000000238,Mixed,timer_il2_menten,0,0.05
9.001619540498438e-05,88.17000000000239,Mixed,timer_il2_menten,0,0.05
8.980041557867774e-05,88.1800000000024,Mixed,timer_il2_menten,0,0.05
8.958515300244135e-05,88.1900000000024,Mixed,timer_il2_menten,0,0.05
8.937040643626159e-05,88.2000000000024,Mixed,timer_il2_menten,0,0.05
8.915617464305921e-05,88.21000000000241,Mixed,timer_il2_menten,0,0.05
8.894245638870068e-05,88.22000000000241,Mixed,timer_il2_menten,0,0.05
8.872925044246727e-05,88.23000000000242,Mixed,timer_il2_menten,0,0.05
8.851655557655673e-05,88.24000000000242,Mixed,timer_il2_menten,0,0.05
8.830437056594341e-05,88.25000000000243,Mixed,timer_il2_menten,0,0.05
8.80926941885706e-05,88.26000000000244,Mixed,timer_il2_menten,0,0.05
8.788152522535027e-05,88.27000000000244,Mixed,timer_il2_menten,0,0.05
8.767086246016351e-05,88.28000000000245,Mixed,timer_il2_menten,0,0.05
8.746070467986002e-05,88.29000000000245,Mixed,timer_il2_menten,0,0.05
8.72510506739939e-05,88.30000000000246,Mixed,timer_il2_menten,0,0.05
8.704189923432785e-05,88.31000000000246,Mixed,timer_il2_menten,0,0.05
8.683324915608758e-05,88.32000000000247,Mixed,timer_il2_menten,0,0.05
8.662509923746218e-05,88.33000000000247,Mixed,timer_il2_menten,0,0.05
8.641744827955427e-05,88.34000000000248,Mixed,timer_il2_menten,0,0.05
8.621029508637995e-05,88.35000000000248,Mixed,timer_il2_menten,0,0.05
8.600363846486879e-05,88.36000000000249,Mixed,timer_il2_menten,0,0.05
8.579747722485117e-05,88.37000000000249,Mixed,timer_il2_menten,0,0.05
8.559181017851605e-05,88.3800000000025,Mixed,timer_il2_menten,0,0.05
8.538663614098696e-05,88.3900000000025,Mixed,timer_il2_menten,0,0.05
8.518195393048323e-05,88.4000000000025,Mixed,timer_il2_menten,0,0.05
8.497776236809797e-05,88.41000000000251,Mixed,timer_il2_menten,0,0.05
8.477406027779802e-05,88.42000000000252,Mixed,timer_il2_menten,0,0.05
8.457084648642423e-05,88.43000000000252,Mixed,timer_il2_menten,0,0.05
8.436811982369112e-05,88.44000000000253,Mixed,timer_il2_menten,0,0.05
8.416587912194129e-05,88.45000000000253,Mixed,timer_il2_menten,0,0.05
8.396412321568528e-05,88.46000000000254,Mixed,timer_il2_menten,0,0.05
8.37628509427662e-05,88.47000000000254,Mixed,timer_il2_menten,0,0.05
8.356206114389601e-05,88.48000000000255,Mixed,timer_il2_menten,0,0.05
8.336175266260904e-05,88.49000000000255,Mixed,timer_il2_menten,0,0.05
8.316192434526203e-05,88.50000000000256,Mixed,timer_il2_menten,0,0.05
8.296257504103411e-05,88.51000000000256,Mixed,timer_il2_menten,0,0.05
8.27637032708371e-05,88.52000000000257,Mixed,timer_il2_menten,0,0.05
8.256530869807222e-05,88.53000000000257,Mixed,timer_il2_menten,0,0.05
8.236738964592831e-05,88.54000000000258,Mixed,timer_il2_menten,0,0.05
8.216994499053677e-05,88.55000000000258,Mixed,timer_il2_menten,0,0.05
8.197297360802907e-05,88.56000000000259,Mixed,timer_il2_menten,0,0.05
8.177647437453669e-05,88.5700000000026,Mixed,timer_il2_menten,0,0.05
8.158044616619106e-05,88.5800000000026,Mixed,timer_il2_menten,0,0.05
8.138488785912366e-05,88.5900000000026,Mixed,timer_il2_menten,0,0.05
8.118979833303492e-05,88.60000000000261,Mixed,timer_il2_menten,0,0.05
8.099517647665918e-05,88.61000000000261,Mixed,timer_il2_menten,0,0.05
8.080102117031149e-05,88.62000000000262,Mixed,timer_il2_menten,0,0.05
8.060733129359605e-05,88.63000000000262,Mixed,timer_il2_menten,0,0.05
8.041410572611716e-05,88.64000000000263,Mixed,timer_il2_menten,0,0.05
8.022134334747898e-05,88.65000000000263,Mixed,timer_il2_menten,0,0.05
8.002904303728577e-05,88.66000000000264,Mixed,timer_il2_menten,0,0.05
7.983720367514182e-05,88.67000000000264,Mixed,timer_il2_menten,0,0.05
7.964582414486127e-05,88.68000000000265,Mixed,timer_il2_menten,0,0.05
7.945490338844275e-05,88.69000000000266,Mixed,timer_il2_menten,0,0.05
7.926444032053498e-05,88.70000000000266,Mixed,timer_il2_menten,0,0.05
7.907443383920852e-05,88.71000000000267,Mixed,timer_il2_menten,0,0.05
7.888488284253393e-05,88.72000000000267,Mixed,timer_il2_menten,0,0.05
7.869578622858172e-05,88.73000000000268,Mixed,timer_il2_menten,0,0.05
7.850714289542248e-05,88.74000000000268,Mixed,timer_il2_menten,0,0.05
7.831895174112674e-05,88.75000000000269,Mixed,timer_il2_menten,0,0.05
7.813121166376505e-05,88.76000000000269,Mixed,timer_il2_menten,0,0.05
7.794392160769032e-05,88.7700000000027,Mixed,timer_il2_menten,0,0.05
7.775708053732339e-05,88.7800000000027,Mixed,timer_il2_menten,0,0.05
7.757068737266672e-05,88.7900000000027,Mixed,timer_il2_menten,0,0.05
7.738474103367957e-05,88.80000000000271,Mixed,timer_il2_menten,0,0.05
7.71992404403211e-05,88.81000000000272,Mixed,timer_il2_menten,0,0.05
7.701418451255059e-05,88.82000000000272,Mixed,timer_il2_menten,0,0.05
7.682957217032724e-05,88.83000000000273,Mixed,timer_il2_menten,0,0.05
7.664540233361027e-05,88.84000000000273,Mixed,timer_il2_menten,0,0.05
7.646167432462209e-05,88.85000000000274,Mixed,timer_il2_menten,0,0.05
7.627838620924302e-05,88.86000000000274,Mixed,timer_il2_menten,0,0.05
7.609553754201484e-05,88.87000000000275,Mixed,timer_il2_menten,0,0.05
7.59131272483176e-05,88.88000000000275,Mixed,timer_il2_menten,0,0.05
7.573115425609746e-05,88.89000000000276,Mixed,timer_il2_menten,0,0.05
7.554961749586686e-05,88.90000000000276,Mixed,timer_il2_menten,0,0.05
7.536851590070445e-05,88.91000000000277,Mixed,timer_il2_menten,0,0.05
7.518784840625506e-05,88.92000000000277,Mixed,timer_il2_menten,0,0.05
7.500761395323731e-05,88.93000000000278,Mixed,timer_il2_menten,0,0.05
7.482781153917675e-05,88.94000000000278,Mixed,timer_il2_menten,0,0.05
7.464844014193071e-05,88.95000000000279,Mixed,timer_il2_menten,0,0.05
7.44694987227475e-05,88.9600000000028,Mixed,timer_il2_menten,0,0.05
7.429098624628757e-05,88.9700000000028,Mixed,timer_il2_menten,0,0.05
7.41129016806233e-05,88.9800000000028,Mixed,timer_il2_menten,0,0.05
7.39352439972391e-05,88.99000000000281,Mixed,timer_il2_menten,0,0.05
7.375801217103147e-05,89.00000000000281,Mixed,timer_il2_menten,0,0.05
7.358120518030887e-05,89.01000000000282,Mixed,timer_il2_menten,0,0.05
7.340482200679178e-05,89.02000000000282,Mixed,timer_il2_menten,0,0.05
7.322886163561275e-05,89.03000000000283,Mixed,timer_il2_menten,0,0.05
7.305332305531631e-05,89.04000000000283,Mixed,timer_il2_menten,0,0.05
7.287820525785901e-05,89.05000000000284,Mixed,timer_il2_menten,0,0.05
7.270350723860946e-05,89.06000000000284,Mixed,timer_il2_menten,0,0.05
7.252922799634825e-05,89.07000000000285,Mixed,timer_il2_menten,0,0.05
7.235536653326803e-05,89.08000000000285,Mixed,timer_il2_menten,0,0.05
7.218192185497343e-05,89.09000000000286,Mixed,timer_il2_menten,0,0.05
7.2008892951038e-05,89.10000000000286,Mixed,timer_il2_menten,0,0.05
7.183627879768324e-05,89.11000000000287,Mixed,timer_il2_menten,0,0.05
7.166407840084331e-05,89.12000000000288,Mixed,timer_il2_menten,0,0.05
7.149229076969272e-05,89.13000000000288,Mixed,timer_il2_menten,0,0.05
7.132091491628066e-05,89.14000000000289,Mixed,timer_il2_menten,0,0.05
7.114994985553101e-05,89.15000000000289,Mixed,timer_il2_menten,0,0.05
7.097939460524235e-05,89.1600000000029,Mixed,timer_il2_menten,0,0.05
7.080924818608787e-05,89.1700000000029,Mixed,timer_il2_menten,0,0.05
7.063950962161548e-05,89.1800000000029,Mixed,timer_il2_menten,0,0.05
7.047017793824779e-05,89.19000000000291,Mixed,timer_il2_menten,0,0.05
7.030125216528197e-05,89.20000000000292,Mixed,timer_il2_menten,0,0.05
7.013273133489003e-05,89.21000000000292,Mixed,timer_il2_menten,0,0.05
6.996461448211853e-05,89.22000000000293,Mixed,timer_il2_menten,0,0.05
6.979690064488875e-05,89.23000000000293,Mixed,timer_il2_menten,0,0.05
6.962958886399663e-05,89.24000000000294,Mixed,timer_il2_menten,0,0.05
6.946267818311281e-05,89.25000000000294,Mixed,timer_il2_menten,0,0.05
6.929616764276791e-05,89.26000000000295,Mixed,timer_il2_menten,0,0.05
6.913005625249116e-05,89.27000000000295,Mixed,timer_il2_menten,0,0.05
6.896434304958102e-05,89.28000000000296,Mixed,timer_il2_menten,0,0.05
6.879902707948769e-05,89.29000000000296,Mixed,timer_il2_menten,0,0.05
6.86341073900071e-05,89.30000000000297,Mixed,timer_il2_menten,0,0.05
6.846958303128098e-05,89.31000000000297,Mixed,timer_il2_menten,0,0.05
6.830545305579686e-05,89.32000000000298,Mixed,timer_il2_menten,0,0.05
6.814171651838798e-05,89.33000000000298,Mixed,timer_il2_menten,0,0.05
6.79783724762334e-05,89.34000000000299,Mixed,timer_il2_menten,0,0.05
6.7815419988858e-05,89.35000000000299,Mixed,timer_il2_menten,0,0.05
6.765285811813229e-05,89.360000000003,Mixed,timer_il2_menten,0,0.05
6.749068592827274e-05,89.370000000003,Mixed,timer_il2_menten,0,0.05
6.732890248584142e-05,89.38000000000301,Mixed,timer_il2_menten,0,0.05
6.716750685974632e-05,89.39000000000301,Mixed,timer_il2_menten,0,0.05
6.700649812124107e-05,89.40000000000302,Mixed,timer_il2_menten,0,0.05
6.684587534392521e-05,89.41000000000302,Mixed,timer_il2_menten,0,0.05
6.668563760368982e-05,89.42000000000303,Mixed,timer_il2_menten,0,0.05
6.652578397377292e-05,89.43000000000303,Mixed,timer_il2_menten,0,0.05
6.636631353044585e-05,89.44000000000304,Mixed,timer_il2_menten,0,0.05
6.620722535511913e-05,89.45000000000304,Mixed,timer_il2_menten,0,0.05
6.60485185314616e-05,89.46000000000305,Mixed,timer_il2_menten,0,0.05
6.589019214540059e-05,89.47000000000305,Mixed,timer_il2_menten,0,0.05
6.573224528512186e-05,89.48000000000306,Mixed,timer_il2_menten,0,0.05
6.557467704106951e-05,89.49000000000306,Mixed,timer_il2_menten,0,0.05
6.541748650594614e-05,89.50000000000307,Mixed,timer_il2_menten,0,0.05
6.526067277471271e-05,89.51000000000307,Mixed,timer_il2_menten,0,0.05
6.510423494458865e-05,89.52000000000308,Mixed,timer_il2_menten,0,0.05
6.49481721150518e-05,89.53000000000308,Mixed,timer_il2_menten,0,0.05
6.47924833878384e-05,89.54000000000309,Mixed,timer_il2_menten,0,0.05
6.463716786694308e-05,89.5500000000031,Mixed,timer_il2_menten,0,0.05
6.448222465861899e-05,89.5600000000031,Mixed,timer_il2_menten,0,0.05
6.432765287137757e-05,89.5700000000031,Mixed,timer_il2_menten,0,0.05
6.417345161598882e-05,89.58000000000311,Mixed,timer_il2_menten,0,0.05
6.401962004506354e-05,89.59000000000312,Mixed,timer_il2_menten,0,0.05
6.386615717204392e-05,89.60000000000312,Mixed,timer_il2_menten,0,0.05
6.371306216905679e-05,89.61000000000313,Mixed,timer_il2_menten,0,0.05
6.35603341537346e-05,89.62000000000313,Mixed,timer_il2_menten,0,0.05
6.340797224595346e-05,89.63000000000314,Mixed,timer_il2_menten,0,0.05
6.325597556782793e-05,89.64000000000314,Mixed,timer_il2_menten,0,0.05
6.310434324370555e-05,89.65000000000315,Mixed,timer_il2_menten,0,0.05
6.295307440016155e-05,89.66000000000315,Mixed,timer_il2_menten,0,0.05
6.280216816599345e-05,89.67000000000316,Mixed,timer_il2_menten,0,0.05
6.265162367221573e-05,89.68000000000316,Mixed,timer_il2_menten,0,0.05
6.250144005205438e-05,89.69000000000317,Mixed,timer_il2_menten,0,0.05
6.235161644094176e-05,89.70000000000317,Mixed,timer_il2_menten,0,0.05
6.220215197651091e-05,89.71000000000318,Mixed,timer_il2_menten,0,0.05
6.205304579859053e-05,89.72000000000318,Mixed,timer_il2_menten,0,0.05
6.190429704919933e-05,89.73000000000319,Mixed,timer_il2_menten,0,0.05
6.17559048725409e-05,89.74000000000319,Mixed,timer_il2_menten,0,0.05
6.160786841424716e-05,89.7500000000032,Mixed,timer_il2_menten,0,0.05
6.146018681393575e-05,89.7600000000032,Mixed,timer_il2_menten,0,0.05
6.131285921863632e-05,89.77000000000321,Mixed,timer_il2_menten,0,0.05
6.116588477978134e-05,89.78000000000321,Mixed,timer_il2_menten,0,0.05
6.1019262650889725e-05,89.79000000000322,Mixed,timer_il2_menten,0,0.05
6.087299198755987e-05,89.80000000000322,Mixed,timer_il2_menten,0,0.05
6.0727071947462924e-05,89.81000000000323,Mixed,timer_il2_menten,0,0.05
6.0581501690336106e-05,89.82000000000323,Mixed,timer_il2_menten,0,0.05
6.043628037797572e-05,89.83000000000324,Mixed,timer_il2_menten,0,0.05
6.0291407174230506e-05,89.84000000000324,Mixed,timer_il2_menten,0,0.05
6.0146881244994807e-05,89.85000000000325,Mixed,timer_il2_menten,0,0.05
6.000270175820179e-05,89.86000000000325,Mixed,timer_il2_menten,0,0.05
5.985886788381663e-05,89.87000000000326,Mixed,timer_il2_menten,0,0.05
5.971537879382972e-05,89.88000000000326,Mixed,timer_il2_menten,0,0.05
5.957223366224995e-05,89.89000000000327,Mixed,timer_il2_menten,0,0.05
5.942943166509777e-05,89.90000000000327,Mixed,timer_il2_menten,0,0.05
5.928697198039859e-05,89.91000000000328,Mixed,timer_il2_menten,0,0.05
5.914485378817582e-05,89.92000000000328,Mixed,timer_il2_menten,0,0.05
5.9003076270444175e-05,89.93000000000329,Mixed,timer_il2_menten,0,0.05
5.8861638611202864e-05,89.9400000000033,Mixed,timer_il2_menten,0,0.05
5.872053999642878e-05,89.9500000000033,Mixed,timer_il2_menten,0,0.05
5.8579779614069736e-05,89.9600000000033,Mixed,timer_il2_menten,0,0.05
5.8439356654037643e-05,89.97000000000331,Mixed,timer_il2_menten,0,0.05
5.829927030820178e-05,89.98000000000332,Mixed,timer_il2_menten,0,0.05
5.8159519770381896e-05,89.99000000000332,Mixed,timer_il2_menten,0,0.05
5.802010423634155e-05,90.00000000000333,Mixed,timer_il2_menten,0,0.05
5.788102290378121e-05,90.01000000000333,Mixed,timer_il2_menten,0,0.05
5.774227497233152e-05,90.02000000000334,Mixed,timer_il2_menten,0,0.05
5.760385964354651e-05,90.03000000000334,Mixed,timer_il2_menten,0,0.05
5.74657761208968e-05,90.04000000000335,Mixed,timer_il2_menten,0,0.05
5.732802360976277e-05,90.05000000000335,Mixed,timer_il2_menten,0,0.05
5.7190601317427796e-05,90.06000000000336,Mixed,timer_il2_menten,0,0.05
5.705350845241309e-05,90.07000000000336,Mixed,timer_il2_menten,0,0.05
5.6916744222267216e-05,90.08000000000337,Mixed,timer_il2_menten,0,0.05
5.6780307838972644e-05,90.09000000000337,Mixed,timer_il2_menten,0,0.05
5.664419851680264e-05,90.10000000000338,Mixed,timer_il2_menten,0,0.05
5.6508415471872396e-05,90.11000000000338,Mixed,timer_il2_menten,0,0.05
5.637295792213172e-05,90.12000000000339,Mixed,timer_il2_menten,0,0.05
5.623782508735769e-05,90.13000000000339,Mixed,timer_il2_menten,0,0.05
5.610301618914737e-05,90.1400000000034,Mixed,timer_il2_menten,0,0.05
5.596853045091039e-05,90.1500000000034,Mixed,timer_il2_menten,0,0.05
5.5834367097861706e-05,90.16000000000341,Mixed,timer_il2_menten,0,0.05
5.570052535701419e-05,90.17000000000341,Mixed,timer_il2_menten,0,0.05
5.5567004457171386e-05,90.18000000000342,Mixed,timer_il2_menten,0,0.05
5.5433803628920106e-05,90.19000000000342,Mixed,timer_il2_menten,0,0.05
5.5300922104623156e-05,90.20000000000343,Mixed,timer_il2_menten,0,0.05
5.5168359118411926e-05,90.21000000000343,Mixed,timer_il2_menten,0,0.05
5.503611390617919e-05,90.22000000000344,Mixed,timer_il2_menten,0,0.05
5.490418570557163e-05,90.23000000000344,Mixed,timer_il2_menten,0,0.05
5.477257375598261e-05,90.24000000000345,Mixed,timer_il2_menten,0,0.05
5.464127729854482e-05,90.25000000000345,Mixed,timer_il2_menten,0,0.05
5.451029557612291e-05,90.26000000000346,Mixed,timer_il2_menten,0,0.05
5.437962783330619e-05,90.27000000000346,Mixed,timer_il2_menten,0,0.05
5.424927331640133e-05,90.28000000000347,Mixed,timer_il2_menten,0,0.05
5.411923127342496e-05,90.29000000000347,Mixed,timer_il2_menten,0,0.05
5.39895009540964e-05,90.30000000000348,Mixed,timer_il2_menten,0,0.05
5.386008160983029e-05,90.31000000000348,Mixed,timer_il2_menten,0,0.05
5.373097249372932e-05,90.32000000000349,Mixed,timer_il2_menten,0,0.05
5.360217286057679e-05,90.3300000000035,Mixed,timer_il2_menten,0,0.05
5.34736819668294e-05,90.3400000000035,Mixed,timer_il2_menten,0,0.05
5.3345499070609835e-05,90.3500000000035,Mixed,timer_il2_menten,0,0.05
5.321762343169951e-05,90.36000000000351,Mixed,timer_il2_menten,0,0.05
5.3090054311531145e-05,90.37000000000351,Mixed,timer_il2_menten,0,0.05
5.2962790973181544e-05,90.38000000000352,Mixed,timer_il2_menten,0,0.05
5.283583268579127e-05,90.39000000000352,Mixed,timer_il2_menten,0,0.05
5.270917872846814e-05,90.40000000000353,Mixed,timer_il2_menten,0,0.05
5.25828283723178e-05,90.41000000000354,Mixed,timer_il2_menten,0,0.05
5.245678088965675e-05,90.42000000000354,Mixed,timer_il2_menten,0,0.05
5.2331035554578e-05,90.43000000000355,Mixed,timer_il2_menten,0,0.05
5.220559164294808e-05,90.44000000000355,Mixed,timer_il2_menten,0,0.05
5.2080448432403884e-05,90.45000000000356,Mixed,timer_il2_menten,0,0.05
5.195560520234969e-05,90.46000000000356,Mixed,timer_il2_menten,0,0.05
5.183106123395397e-05,90.47000000000357,Mixed,timer_il2_menten,0,0.05
5.170681581014647e-05,90.48000000000357,Mixed,timer_il2_menten,0,0.05
5.1582868215615e-05,90.49000000000358,Mixed,timer_il2_menten,0,0.05
5.145921773680245e-05,90.50000000000358,Mixed,timer_il2_menten,0,0.05
5.133586366190364e-05,90.51000000000359,Mixed,timer_il2_menten,0,0.05
5.1212805280862375e-05,90.52000000000359,Mixed,timer_il2_menten,0,0.05
5.109004188536822e-05,90.5300000000036,Mixed,timer_il2_menten,0,0.05
5.0967572768853595e-05,90.5400000000036,Mixed,timer_il2_menten,0,0.05
5.0845397226490496e-05,90.5500000000036,Mixed,timer_il2_menten,0,0.05
5.072351455518764e-05,90.56000000000361,Mixed,timer_il2_menten,0,0.05
5.0601924053587234e-05,90.57000000000362,Mixed,timer_il2_menten,0,0.05
5.0480625022062024e-05,90.58000000000362,Mixed,timer_il2_menten,0,0.05
5.035961676271211e-05,90.59000000000363,Mixed,timer_il2_menten,0,0.05
5.0238898579361956e-05,90.60000000000363,Mixed,timer_il2_menten,0,0.05
5.011846977755728e-05,90.61000000000364,Mixed,timer_il2_menten,0,0.05
4.999832966456201e-05,90.62000000000364,Mixed,timer_il2_menten,0,0.05
4.987847754933849e-05,90.63000000000365,Mixed,timer_il2_menten,0,0.05
4.975891273850524e-05,90.64000000000365,Mixed,timer_il2_menten,0,0.05
4.963963454058621e-05,90.65000000000366,Mixed,timer_il2_menten,0,0.05
4.952064226856309e-05,90.66000000000366,Mixed,timer_il2_menten,0,0.05
4.940193523704918e-05,90.67000000000367,Mixed,timer_il2_menten,0,0.05
4.9283512762284546e-05,90.68000000000367,Mixed,timer_il2_menten,0,0.05
4.916537416213111e-05,90.69000000000368,Mixed,timer_il2_menten,0,0.05
4.904751875606777e-05,90.70000000000368,Mixed,timer_il2_menten,0,0.05
4.892994586518552e-05,90.71000000000369,Mixed,timer_il2_menten,0,0.05
4.8812654812182477e-05,90.7200000000037,Mixed,timer_il2_menten,0,0.05
4.8695644921359135e-05,90.7300000000037,Mixed,timer_il2_menten,0,0.05
4.857891551861329e-05,90.7400000000037,Mixed,timer_il2_menten,0,0.05
4.8462465931435284e-05,90.75000000000371,Mixed,timer_il2_menten,0,0.05
4.834629548890309e-05,90.76000000000371,Mixed,timer_il2_menten,0,0.05
4.823040352167735e-05,90.77000000000372,Mixed,timer_il2_menten,0,0.05
4.811478936199656e-05,90.78000000000372,Mixed,timer_il2_menten,0,0.05
4.7999452343672094e-05,90.79000000000373,Mixed,timer_il2_menten,0,0.05
4.7884391802083417e-05,90.80000000000373,Mixed,timer_il2_menten,0,0.05
4.77696070741731e-05,90.81000000000374,Mixed,timer_il2_menten,0,0.05
4.7655097498441954e-05,90.82000000000374,Mixed,timer_il2_menten,0,0.05
4.754086241494418e-05,90.83000000000375,Mixed,timer_il2_menten,0,0.05
4.742690116528239e-05,90.84000000000376,Mixed,timer_il2_menten,0,0.05
4.731321309260278e-05,90.85000000000376,Mixed,timer_il2_menten,0,0.05
4.7199797541590203e-05,90.86000000000377,Mixed,timer_il2_menten,0,0.05
4.708665385846331e-05,90.87000000000377,Mixed,timer_il2_menten,0,0.05
4.697378139130744e-05,90.88000000000378,Mixed,timer_il2_menten,0,0.05
4.686117949259499e-05,90.89000000000378,Mixed,timer_il2_menten,0,0.05
4.6748847514415385e-05,90.90000000000379,Mixed,timer_il2_menten,0,0.05
4.663678480973957e-05,90.91000000000379,Mixed,timer_il2_menten,0,0.05
4.6524990733089484e-05,90.9200000000038,Mixed,timer_il2_menten,0,0.05
4.6413464640534196e-05,90.9300000000038,Mixed,timer_il2_menten,0,0.05
4.630220588968607e-05,90.9400000000038,Mixed,timer_il2_menten,0,0.05
4.619121383969688e-05,90.95000000000381,Mixed,timer_il2_menten,0,0.05
4.608048785125408e-05,90.96000000000382,Mixed,timer_il2_menten,0,0.05
4.597002728657691e-05,90.97000000000382,Mixed,timer_il2_menten,0,0.05
4.585983150941251e-05,90.98000000000383,Mixed,timer_il2_menten,0,0.05
4.574989988503217e-05,90.99000000000383,Mixed,timer_il2_menten,0,0.05
4.5640231780227434e-05,91.00000000000384,Mixed,timer_il2_menten,0,0.05
4.5530826563306304e-05,91.01000000000384,Mixed,timer_il2_menten,0,0.05
4.542168360408936e-05,91.02000000000385,Mixed,timer_il2_menten,0,0.05
4.531280227390599e-05,91.03000000000385,Mixed,timer_il2_menten,0,0.05
4.520418194559047e-05,91.04000000000386,Mixed,timer_il2_menten,0,0.05
4.509582199347817e-05,91.05000000000386,Mixed,timer_il2_menten,0,0.05
4.498772179340175e-05,91.06000000000387,Mixed,timer_il2_menten,0,0.05
4.487988072268727e-05,91.07000000000387,Mixed,timer_il2_menten,0,0.05
4.477229816015036e-05,91.08000000000388,Mixed,timer_il2_menten,0,0.05
4.4664973486092455e-05,91.09000000000388,Mixed,timer_il2_menten,0,0.05
4.45579060822968e-05,91.10000000000389,Mixed,timer_il2_menten,0,0.05
4.445109533202484e-05,91.1100000000039,Mixed,timer_il2_menten,0,0.05
4.4344540620012144e-05,91.1200000000039,Mixed,timer_il2_menten,0,0.05
4.4238241332569345e-05,91.1300000000039,Mixed,timer_il2_menten,0,0.05
4.4132196857655255e-05,91.14000000000391,Mixed,timer_il2_menten,0,0.05
4.402640658447479e-05,91.15000000000391,Mixed,timer_il2_menten,0,0.05
4.392086990368408e-05,91.16000000000392,Mixed,timer_il2_menten,0,0.05
4.3815586207398134e-05,91.17000000000392,Mixed,timer_il2_menten,0,0.05
4.371055488918708e-05,91.18000000000393,Mixed,timer_il2_menten,0,0.05
4.3605775344072474e-05,91.19000000000393,Mixed,timer_il2_menten,0,0.05
4.35012469685235e-05,91.20000000000394,Mixed,timer_il2_menten,0,0.05
4.3396969160453275e-05,91.21000000000394,Mixed,timer_il2_menten,0,0.05
4.3292941319215126e-05,91.22000000000395,Mixed,timer_il2_menten,0,0.05
4.318916284559878e-05,91.23000000000395,Mixed,timer_il2_menten,0,0.05
4.308563314182666e-05,91.24000000000396,Mixed,timer_il2_menten,0,0.05
4.298235161155021e-05,91.25000000000396,Mixed,timer_il2_menten,0,0.05
4.2879317659846026e-05,91.26000000000397,Mixed,timer_il2_menten,0,0.05
4.2776530693212206e-05,91.27000000000398,Mixed,timer_il2_menten,0,0.05
4.26739901195646e-05,91.28000000000398,Mixed,timer_il2_menten,0,0.05
4.257169534823305e-05,91.29000000000399,Mixed,timer_il2_menten,0,0.05
4.246964578995766e-05,91.30000000000399,Mixed,timer_il2_menten,0,0.05
4.236784085688503e-05,91.310000000004,Mixed,timer_il2_menten,0,0.05
4.226627996256457e-05,91.320000000004,Mixed,timer_il2_menten,0,0.05
4.2164962521944714e-05,91.330000000004,Mixed,timer_il2_menten,0,0.05
4.2063887951369185e-05,91.34000000000401,Mixed,timer_il2_menten,0,0.05
4.19630556685733e-05,91.35000000000402,Mixed,timer_il2_menten,0,0.05
4.1862465092680135e-05,91.36000000000402,Mixed,timer_il2_menten,0,0.05
4.176211564419982e-05,91.37000000000403,Mixed,timer_il2_menten,0,0.05
4.166200674548534e-05,91.38000000000403,Mixed,timer_il2_menten,0,0.05
4.1562137820223014e-05,91.39000000000404,Mixed,timer_il2_menten,0,0.05
4.14625082931754e-05,91.40000000000404,Mixed,timer_il2_menten,0,0.05
4.136311759048208e-05,91.41000000000405,Mixed,timer_il2_menten,0,0.05
4.12639651396562e-05,91.42000000000405,Mixed,timer_il2_menten,0,0.05
4.1165050369580865e-05,91.43000000000406,Mixed,timer_il2_menten,0,0.05
4.106637271050564e-05,91.44000000000406,Mixed,timer_il2_menten,0,0.05
4.096793159404304e-05,91.45000000000407,Mixed,timer_il2_menten,0,0.05
4.08697264531649e-05,91.46000000000407,Mixed,timer_il2_menten,0,0.05
4.0771756722198934e-05,91.47000000000408,Mixed,timer_il2_menten,0,0.05
4.067402183682515e-05,91.48000000000408,Mixed,timer_il2_menten,0,0.05
4.057652123407233e-05,91.49000000000409,Mixed,timer_il2_menten,0,0.05
4.047925435231448e-05,91.50000000000409,Mixed,timer_il2_menten,0,0.05
4.038222063126732e-05,91.5100000000041,Mixed,timer_il2_menten,0,0.05
4.028541951198469e-05,91.5200000000041,Mixed,timer_il2_menten,0,0.05
4.0188850436855075e-05,91.53000000000411,Mixed,timer_il2_menten,0,0.05
4.009251284959805e-05,91.54000000000411,Mixed,timer_il2_menten,0,0.05
3.9996406195260724e-05,91.55000000000412,Mixed,timer_il2_menten,0,0.05
3.99005299202142e-05,91.56000000000412,Mixed,timer_il2_menten,0,0.05
3.980488347215012e-05,91.57000000000413,Mixed,timer_il2_menten,0,0.05
3.970946630007697e-05,91.58000000000413,Mixed,timer_il2_menten,0,0.05
3.961427785431671e-05,91.59000000000414,Mixed,timer_il2_menten,0,0.05
3.951931758650111e-05,91.60000000000414,Mixed,timer_il2_menten,0,0.05
3.942458494956832e-05,91.61000000000415,Mixed,timer_il2_menten,0,0.05
3.9330079397784494e-05,91.62000000000415,Mixed,timer_il2_menten,0,0.05
3.923580038695993e-05,91.63000000000416,Mixed,timer_il2_menten,0,0.05
3.914174737417395e-05,91.64000000000416,Mixed,timer_il2_menten,0,0.05
3.904791981781307e-05,91.65000000000417,Mixed,timer_il2_menten,0,0.05
3.895431717761018e-05,91.66000000000417,Mixed,timer_il2_menten,0,0.05
3.886093891464617e-05,91.67000000000418,Mixed,timer_il2_menten,0,0.05
3.87677844912484e-05,91.68000000000418,Mixed,timer_il2_menten,0,0.05
3.867485337059954e-05,91.69000000000419,Mixed,timer_il2_menten,0,0.05
3.858214501735711e-05,91.7000000000042,Mixed,timer_il2_menten,0,0.05
3.848965889746413e-05,91.7100000000042,Mixed,timer_il2_menten,0,0.05
3.8397394478100256e-05,91.7200000000042,Mixed,timer_il2_menten,0,0.05
3.830535122767278e-05,91.73000000000421,Mixed,timer_il2_menten,0,0.05
3.821352861593753e-05,91.74000000000422,Mixed,timer_il2_menten,0,0.05
3.81219261141874e-05,91.75000000000422,Mixed,timer_il2_menten,0,0.05
3.8030543194806186e-05,91.76000000000423,Mixed,timer_il2_menten,0,0.05
3.793937933144082e-05,91.77000000000423,Mixed,timer_il2_menten,0,0.05
3.784843399901105e-05,91.78000000000424,Mixed,timer_il2_menten,0,0.05
3.775770667370832e-05,91.79000000000424,Mixed,timer_il2_menten,0,0.05
3.766719683294493e-05,91.80000000000425,Mixed,timer_il2_menten,0,0.05
3.7576903955340574e-05,91.81000000000425,Mixed,timer_il2_menten,0,0.05
3.748682752080771e-05,91.82000000000426,Mixed,timer_il2_menten,0,0.05
3.739696701050549e-05,91.83000000000426,Mixed,timer_il2_menten,0,0.05
3.7307321906836447e-05,91.84000000000427,Mixed,timer_il2_menten,0,0.05
3.721789169344353e-05,91.85000000000427,Mixed,timer_il2_menten,0,0.05
3.7128675855209005e-05,91.86000000000428,Mixed,timer_il2_menten,0,0.05
3.70396738782505e-05,91.87000000000428,Mixed,timer_il2_menten,0,0.05
3.695088524991636e-05,91.88000000000429,Mixed,timer_il2_menten,0,0.05
3.6862309458783604e-05,91.89000000000429,Mixed,timer_il2_menten,0,0.05
3.677394599465507e-05,91.9000000000043,Mixed,timer_il2_menten,0,0.05
3.6685794348423293e-05,91.9100000000043,Mixed,timer_il2_menten,0,0.05
3.6597854012684926e-05,91.92000000000431,Mixed,timer_il2_menten,0,0.05
3.6510124480638865e-05,91.93000000000431,Mixed,timer_il2_menten,0,0.05
3.64226052469877e-05,91.94000000000432,Mixed,timer_il2_menten,0,0.05
3.633529580763457e-05,91.95000000000432,Mixed,timer_il2_menten,0,0.05
3.624819565968314e-05,91.96000000000433,Mixed,timer_il2_menten,0,0.05
3.6161304301436407e-05,91.97000000000433,Mixed,timer_il2_menten,0,0.05
3.607462123238652e-05,91.98000000000434,Mixed,timer_il2_menten,0,0.05
3.598814595323069e-05,91.99000000000434,Mixed,timer_il2_menten,0,0.05
3.590187796586805e-05,92.00000000000435,Mixed,timer_il2_menten,0,0.05
3.58158167733975e-05,92.01000000000435,Mixed,timer_il2_menten,0,0.05
3.572996188011785e-05,92.02000000000436,Mixed,timer_il2_menten,0,0.05
3.564431279152767e-05,92.03000000000436,Mixed,timer_il2_menten,0,0.05
3.555886901432542e-05,92.04000000000437,Mixed,timer_il2_menten,0,0.05
3.5473630056314566e-05,92.05000000000437,Mixed,timer_il2_menten,0,0.05
3.5388595426413565e-05,92.06000000000438,Mixed,timer_il2_menten,0,0.05
3.5303764634826116e-05,92.07000000000438,Mixed,timer_il2_menten,0,0.05
3.521913719294582e-05,92.08000000000439,Mixed,timer_il2_menten,0,0.05
3.513471261335559e-05,92.0900000000044,Mixed,timer_il2_menten,0,0.05
3.5050490409827695e-05,92.1000000000044,Mixed,timer_il2_menten,0,0.05
3.4966470097323716e-05,92.1100000000044,Mixed,timer_il2_menten,0,0.05
3.4882651191958316e-05,92.12000000000441,Mixed,timer_il2_menten,0,0.05
3.4799033210717125e-05,92.13000000000442,Mixed,timer_il2_menten,0,0.05
3.4715615671900264e-05,92.14000000000442,Mixed,timer_il2_menten,0,0.05
3.4632398095035184e-05,92.15000000000443,Mixed,timer_il2_menten,0,0.05
3.454938000081833e-05,92.16000000000443,Mixed,timer_il2_menten,0,0.05
3.446656091111517e-05,92.17000000000444,Mixed,timer_il2_menten,0,0.05
3.4383940348960184e-05,92.18000000000444,Mixed,timer_il2_menten,0,0.05
3.43015178385569e-05,92.19000000000445,Mixed,timer_il2_menten,0,0.05
3.4219292905089545e-05,92.20000000000445,Mixed,timer_il2_menten,0,0.05
3.413726507474289e-05,92.21000000000446,Mixed,timer_il2_menten,0,0.05
3.4055433875040366e-05,92.22000000000446,Mixed,timer_il2_menten,0,0.05
3.3973798834654616e-05,92.23000000000447,Mixed,timer_il2_menten,0,0.05
3.3892359483406455e-05,92.24000000000447,Mixed,timer_il2_menten,0,0.05
3.38111153522649e-05,92.25000000000448,Mixed,timer_il2_menten,0,0.05
3.3730065973347096e-05,92.26000000000448,Mixed,timer_il2_menten,0,0.05
3.364921076212222e-05,92.27000000000449,Mixed,timer_il2_menten,0,0.05
3.3568549541908305e-05,92.28000000000449,Mixed,timer_il2_menten,0,0.05
3.3488081655627195e-05,92.2900000000045,Mixed,timer_il2_menten,0,0.05
3.340780664608309e-05,92.3000000000045,Mixed,timer_il2_menten,0,0.05
3.332772405608017e-05,92.31000000000451,Mixed,timer_il2_menten,0,0.05
3.3247833428422645e-05,92.32000000000451,Mixed,timer_il2_menten,0,0.05
3.3168134305914695e-05,92.33000000000452,Mixed,timer_il2_menten,0,0.05
3.3088626231360515e-05,92.34000000000452,Mixed,timer_il2_menten,0,0.05
3.3009308750828305e-05,92.35000000000453,Mixed,timer_il2_menten,0,0.05
3.293018141243742e-05,92.36000000000453,Mixed,timer_il2_menten,0,0.05
3.285124376057362e-05,92.37000000000454,Mixed,timer_il2_menten,0,0.05
3.277249533960239e-05,92.38000000000454,Mixed,timer_il2_menten,0,0.05
3.269393569388924e-05,92.39000000000455,Mixed,timer_il2_menten,0,0.05
3.261556436779964e-05,92.40000000000455,Mixed,timer_il2_menten,0,0.05
3.253738090569909e-05,92.41000000000456,Mixed,timer_il2_menten,0,0.05
3.245938485195308e-05,92.42000000000456,Mixed,timer_il2_menten,0,0.05
3.238157575092712e-05,92.43000000000457,Mixed,timer_il2_menten,0,0.05
3.230395315841722e-05,92.44000000000457,Mixed,timer_il2_menten,0,0.05
3.222651665023229e-05,92.45000000000458,Mixed,timer_il2_menten,0,0.05
3.214926578005455e-05,92.46000000000458,Mixed,timer_il2_menten,0,0.05
3.207220010047988e-05,92.47000000000459,Mixed,timer_il2_menten,0,0.05
3.199531916410417e-05,92.4800000000046,Mixed,timer_il2_menten,0,0.05
3.191862252352332e-05,92.4900000000046,Mixed,timer_il2_menten,0,0.05
3.184210973133321e-05,92.5000000000046,Mixed,timer_il2_menten,0,0.05
3.176578034012976e-05,92.51000000000461,Mixed,timer_il2_menten,0,0.05
3.168963390250883e-05,92.52000000000461,Mixed,timer_il2_menten,0,0.05
3.161366997920296e-05,92.53000000000462,Mixed,timer_il2_menten,0,0.05
3.1537888161449286e-05,92.54000000000462,Mixed,timer_il2_menten,0,0.05
3.146228801520207e-05,92.55000000000463,Mixed,timer_il2_menten,0,0.05
3.1386869102796594e-05,92.56000000000464,Mixed,timer_il2_menten,0,0.05
3.1311630986568136e-05,92.57000000000464,Mixed,timer_il2_menten,0,0.05
3.123657322885198e-05,92.58000000000465,Mixed,timer_il2_menten,0,0.05
3.116169539198342e-05,92.59000000000465,Mixed,timer_il2_menten,0,0.05
3.1086997038297715e-05,92.60000000000466,Mixed,timer_il2_menten,0,0.05
3.101247773013018e-05,92.61000000000466,Mixed,timer_il2_menten,0,0.05
3.09381372867005e-05,92.62000000000467,Mixed,timer_il2_menten,0,0.05
3.0863974704091763e-05,92.63000000000467,Mixed,timer_il2_menten,0,0.05
3.078998994244355e-05,92.64000000000468,Mixed,timer_il2_menten,0,0.05
3.071618256609051e-05,92.65000000000468,Mixed,timer_il2_menten,0,0.05
3.064255214040624e-05,92.66000000000469,Mixed,timer_il2_menten,0,0.05
3.056909823180317e-05,92.67000000000469,Mixed,timer_il2_menten,0,0.05
3.0495820407732667e-05,92.6800000000047,Mixed,timer_il2_menten,0,0.05
3.042271823668495e-05,92.6900000000047,Mixed,timer_il2_menten,0,0.05
3.0349791288189185e-05,92.7000000000047,Mixed,timer_il2_menten,0,0.05
3.0277039134130247e-05,92.71000000000471,Mixed,timer_il2_menten,0,0.05
3.0204461375104358e-05,92.72000000000472,Mixed,timer_il2_menten,0,0.05
3.0132057600329206e-05,92.73000000000472,Mixed,timer_il2_menten,0,0.05
3.005982739000548e-05,92.74000000000473,Mixed,timer_il2_menten,0,0.05
2.9987770325677706e-05,92.75000000000473,Mixed,timer_il2_menten,0,0.05
2.9915885990234257e-05,92.76000000000474,Mixed,timer_il2_menten,0,0.05
2.984417396790732e-05,92.77000000000474,Mixed,timer_il2_menten,0,0.05
2.9772633844272928e-05,92.78000000000475,Mixed,timer_il2_menten,0,0.05
2.970126520625093e-05,92.79000000000475,Mixed,timer_il2_menten,0,0.05
2.963006764210503e-05,92.80000000000476,Mixed,timer_il2_menten,0,0.05
2.9559040741442737e-05,92.81000000000476,Mixed,timer_il2_menten,0,0.05
2.9488184095215427e-05,92.82000000000477,Mixed,timer_il2_menten,0,0.05
2.9417497295718263e-05,92.83000000000477,Mixed,timer_il2_menten,0,0.05
2.93469799365903e-05,92.84000000000478,Mixed,timer_il2_menten,0,0.05
2.9276631612814373e-05,92.85000000000478,Mixed,timer_il2_menten,0,0.05
2.9206451920717168e-05,92.86000000000479,Mixed,timer_il2_menten,0,0.05
2.913644045796922e-05,92.8700000000048,Mixed,timer_il2_menten,0,0.05
2.906659682358487e-05,92.8800000000048,Mixed,timer_il2_menten,0,0.05
2.8996920617922307e-05,92.8900000000048,Mixed,timer_il2_menten,0,0.05
2.892741144268355e-05,92.90000000000481,Mixed,timer_il2_menten,0,0.05
2.8858068895520667e-05,92.91000000000481,Mixed,timer_il2_menten,0,0.05
2.878889256032135e-05,92.92000000000482,Mixed,timer_il2_menten,0,0.05
2.8719882037271096e-05,92.93000000000482,Mixed,timer_il2_menten,0,0.05
2.8651036929222478e-05,92.94000000000483,Mixed,timer_il2_menten,0,0.05
2.8582356840177746e-05,92.95000000000483,Mixed,timer_il2_menten,0,0.05
2.8513841375288827e-05,92.96000000000484,Mixed,timer_il2_menten,0,0.05
2.8445490140857293e-05,92.97000000000484,Mixed,timer_il2_menten,0,0.05
2.8377302744334386e-05,92.98000000000485,Mixed,timer_il2_menten,0,0.05
2.8309278794320993e-05,92.99000000000485,Mixed,timer_il2_menten,0,0.05
2.824141790056768e-05,93.00000000000486,Mixed,timer_il2_menten,0,0.05
2.817371967397466e-05,93.01000000000487,Mixed,timer_il2_menten,0,0.05
2.810618372659182e-05,93.02000000000487,Mixed,timer_il2_menten,0,0.05
2.8038809671618707e-05,93.03000000000488,Mixed,timer_il2_menten,0,0.05
2.7971597123404515e-05,93.04000000000488,Mixed,timer_il2_menten,0,0.05
2.790454569744812e-05,93.05000000000489,Mixed,timer_il2_menten,0,0.05
2.783765501039804e-05,93.06000000000489,Mixed,timer_il2_menten,0,0.05
2.7770924680052468e-05,93.0700000000049,Mixed,timer_il2_menten,0,0.05
2.7704354325359246e-05,93.0800000000049,Mixed,timer_il2_menten,0,0.05
2.7637943566415898e-05,93.0900000000049,Mixed,timer_il2_menten,0,0.05
2.7571692024450382e-05,93.10000000000491,Mixed,timer_il2_menten,0,0.05
2.7505599306373244e-05,93.11000000000492,Mixed,timer_il2_menten,0,0.05
2.743966501933601e-05,93.12000000000492,Mixed,timer_il2_menten,0,0.05
2.737388878351182e-05,93.13000000000493,Mixed,timer_il2_menten,0,0.05
2.7308270220009593e-05,93.14000000000493,Mixed,timer_il2_menten,0,0.05
2.724280895087402e-05,93.15000000000494,Mixed,timer_il2_menten,0,0.05
2.7177504599085597e-05,93.16000000000494,Mixed,timer_il2_menten,0,0.05
2.7112356788560577e-05,93.17000000000495,Mixed,timer_il2_menten,0,0.05
2.7047365144151017e-05,93.18000000000495,Mixed,timer_il2_menten,0,0.05
2.698252929164474e-05,93.19000000000496,Mixed,timer_il2_menten,0,0.05
2.6917848857765383e-05,93.20000000000496,Mixed,timer_il2_menten,0,0.05
2.6853323470172324e-05,93.21000000000497,Mixed,timer_il2_menten,0,0.05
2.6788952757460744e-05,93.22000000000497,Mixed,timer_il2_menten,0,0.05
2.6724736349161614e-05,93.23000000000498,Mixed,timer_il2_menten,0,0.05
2.6660673875741675e-05,93.24000000000498,Mixed,timer_il2_menten,0,0.05
2.6596764968603464e-05,93.25000000000499,Mixed,timer_il2_menten,0,0.05
2.653300926008529e-05,93.260000000005,Mixed,timer_il2_menten,0,0.05
2.646940638346124e-05,93.270000000005,Mixed,timer_il2_menten,0,0.05
2.6405955972941204e-05,93.280000000005,Mixed,timer_il2_menten,0,0.05
2.6342657663670843e-05,93.29000000000501,Mixed,timer_il2_menten,0,0.05
2.6279511091235333e-05,93.30000000000501,Mixed,timer_il2_menten,0,0.05
2.6216515888318204e-05,93.31000000000502,Mixed,timer_il2_menten,0,0.05
2.6153671691171798e-05,93.32000000000502,Mixed,timer_il2_menten,0,0.05
2.6090978137790595e-05,93.33000000000503,Mixed,timer_il2_menten,0,0.05
2.602843486706334e-05,93.34000000000503,Mixed,timer_il2_menten,0,0.05
2.5966041518773054e-05,93.35000000000504,Mixed,timer_il2_menten,0,0.05
2.590379773359699e-05,93.36000000000504,Mixed,timer_il2_menten,0,0.05
2.5841703153106686e-05,93.37000000000505,Mixed,timer_il2_menten,0,0.05
2.5779757419767908e-05,93.38000000000505,Mixed,timer_il2_menten,0,0.05
2.571796017694072e-05,93.39000000000506,Mixed,timer_il2_menten,0,0.05
2.565631106887943e-05,93.40000000000506,Mixed,timer_il2_menten,0,0.05
2.5594809740732588e-05,93.41000000000507,Mixed,timer_il2_menten,0,0.05
2.553345583854302e-05,93.42000000000507,Mixed,timer_il2_menten,0,0.05
2.5472249009247815e-05,93.43000000000508,Mixed,timer_il2_menten,0,0.05
2.5411188900678314e-05,93.44000000000509,Mixed,timer_il2_menten,0,0.05
2.535027516156013e-05,93.45000000000509,Mixed,timer_il2_menten,0,0.05
2.5289507441513106e-05,93.4600000000051,Mixed,timer_il2_menten,0,0.05
2.522888539105138e-05,93.4700000000051,Mixed,timer_il2_menten,0,0.05
2.5168408661583323e-05,93.4800000000051,Mixed,timer_il2_menten,0,0.05
2.510807690541159e-05,93.49000000000511,Mixed,timer_il2_menten,0,0.05
2.50478898151553e-05,93.50000000000512,Mixed,timer_il2_menten,0,0.05
2.4987846948439627e-05,93.51000000000512,Mixed,timer_il2_menten,0,0.05
2.4927948012422104e-05,93.52000000000513,Mixed,timer_il2_menten,0,0.05
2.486819266175792e-05,93.53000000000513,Mixed,timer_il2_menten,0,0.05
2.480858055199056e-05,93.54000000000514,Mixed,timer_il2_menten,0,0.05
2.474911133954971e-05,93.55000000000514,Mixed,timer_il2_menten,0,0.05
2.4689784681749143e-05,93.56000000000515,Mixed,timer_il2_menten,0,0.05
2.4630600236784612e-05,93.57000000000515,Mixed,timer_il2_menten,0,0.05
2.4571557663731713e-05,93.58000000000516,Mixed,timer_il2_menten,0,0.05
2.4512656622543795e-05,93.59000000000516,Mixed,timer_il2_menten,0,0.05
2.445389677404983e-05,93.60000000000517,Mixed,timer_il2_menten,0,0.05
2.439527777995234e-05,93.61000000000517,Mixed,timer_il2_menten,0,0.05
2.433679930282524e-05,93.62000000000518,Mixed,timer_il2_menten,0,0.05
2.427846100611172e-05,93.63000000000518,Mixed,timer_il2_menten,0,0.05
2.422026255412219e-05,93.64000000000519,Mixed,timer_il2_menten,0,0.05
2.416220361203212e-05,93.65000000000519,Mixed,timer_il2_menten,0,0.05
2.4104283845879924e-05,93.6600000000052,Mixed,timer_il2_menten,0,0.05
2.404650292256488e-05,93.6700000000052,Mixed,timer_il2_menten,0,0.05
2.3988860509844985e-05,93.68000000000521,Mixed,timer_il2_menten,0,0.05
2.3931356276196975e-05,93.69000000000521,Mixed,timer_il2_menten,0,0.05
2.3873989886627223e-05,93.70000000000522,Mixed,timer_il2_menten,0,0.05
2.381676100876013e-05,93.71000000000522,Mixed,timer_il2_menten,0,0.05
2.3759669312990476e-05,93.72000000000523,Mixed,timer_il2_menten,0,0.05
2.3702714470523944e-05,93.73000000000523,Mixed,timer_il2_menten,0,0.05
2.3645896153374376e-05,93.74000000000524,Mixed,timer_il2_menten,0,0.05
2.3589214034360846e-05,93.75000000000524,Mixed,timer_il2_menten,0,0.05
2.3532667787104908e-05,93.76000000000525,Mixed,timer_il2_menten,0,0.05
2.3476257086027702e-05,93.77000000000525,Mixed,timer_il2_menten,0,0.05
2.3419981606347137e-05,93.78000000000526,Mixed,timer_il2_menten,0,0.05
2.336384102407507e-05,93.79000000000526,Mixed,timer_il2_menten,0,0.05
2.330783501601445e-05,93.80000000000527,Mixed,timer_il2_menten,0,0.05
2.3251963259756476e-05,93.81000000000527,Mixed,timer_il2_menten,0,0.05
2.3196225433677787e-05,93.82000000000528,Mixed,timer_il2_menten,0,0.05
2.3140621216937627e-05,93.83000000000528,Mixed,timer_il2_menten,0,0.05
2.308515028947497e-05,93.84000000000529,Mixed,timer_il2_menten,0,0.05
2.3029812332005725e-05,93.8500000000053,Mixed,timer_il2_menten,0,0.05
2.2974607026019884e-05,93.8600000000053,Mixed,timer_il2_menten,0,0.05
2.2919534053778687e-05,93.8700000000053,Mixed,timer_il2_menten,0,0.05
2.2864593098311786e-05,93.88000000000531,Mixed,timer_il2_menten,0,0.05
2.280978384341443e-05,93.89000000000532,Mixed,timer_il2_menten,0,0.05
2.2755105973644575e-05,93.90000000000532,Mixed,timer_il2_menten,0,0.05
2.270055917432011e-05,93.91000000000533,Mixed,timer_il2_menten,0,0.05
2.264614313151599e-05,93.92000000000533,Mixed,timer_il2_menten,0,0.05
2.2591857532061407e-05,93.93000000000534,Mixed,timer_il2_menten,0,0.05
2.253770206353694e-05,93.94000000000534,Mixed,timer_il2_menten,0,0.05
2.2483676414271757e-05,93.95000000000535,Mixed,timer_il2_menten,0,0.05
2.242978027334072e-05,93.96000000000535,Mixed,timer_il2_menten,0,0.05
2.237601333056162e-05,93.97000000000536,Mixed,timer_il2_menten,0,0.05
2.232237527649229e-05,93.98000000000536,Mixed,timer_il2_menten,0,0.05
2.226886580242777e-05,93.99000000000537,Mixed,timer_il2_menten,0,0.05
2.221548460039752e-05,94.00000000000537,Mixed,timer_il2_menten,0,0.05
2.2162231363162504e-05,94.01000000000538,Mixed,timer_il2_menten,0,0.05
2.2109105784143646e-05,94.02000000000538,Mixed,timer_il2_menten,0,0.05
2.205610755675297e-05,94.03000000000539,Mixed,timer_il2_menten,0,0.05
2.200323637560295e-05,94.04000000000539,Mixed,timer_il2_menten,0,0.05
2.1950491936225897e-05,94.0500000000054,Mixed,timer_il2_menten,0,0.05
2.18978739348655e-05,94.0600000000054,Mixed,timer_il2_menten,0,0.05
2.18453820684738e-05,94.07000000000541,Mixed,timer_il2_menten,0,0.05
2.1793016034708283e-05,94.08000000000541,Mixed,timer_il2_menten,0,0.05
2.1740775531928924e-05,94.09000000000542,Mixed,timer_il2_menten,0,0.05
2.1688660259195218e-05,94.10000000000542,Mixed,timer_il2_menten,0,0.05
2.1636669916263238e-05,94.11000000000543,Mixed,timer_il2_menten,0,0.05
2.1584804203582676e-05,94.12000000000543,Mixed,timer_il2_menten,0,0.05
2.15330628222939e-05,94.13000000000544,Mixed,timer_il2_menten,0,0.05
2.1481445474225e-05,94.14000000000544,Mixed,timer_il2_menten,0,0.05
2.142995186188883e-05,94.15000000000545,Mixed,timer_il2_menten,0,0.05
2.137858168848005e-05,94.16000000000545,Mixed,timer_il2_menten,0,0.05
2.1327334657872182e-05,94.17000000000546,Mixed,timer_il2_menten,0,0.05
2.1276210474614667e-05,94.18000000000546,Mixed,timer_il2_menten,0,0.05
2.122520884392989e-05,94.19000000000547,Mixed,timer_il2_menten,0,0.05
2.1174329471710254e-05,94.20000000000547,Mixed,timer_il2_menten,0,0.05
2.112357206451519e-05,94.21000000000548,Mixed,timer_il2_menten,0,0.05
2.1072936329568256e-05,94.22000000000548,Mixed,timer_il2_menten,0,0.05
2.1022421974754133e-05,94.23000000000549,Mixed,timer_il2_menten,0,0.05
2.09720287086157e-05,94.2400000000055,Mixed,timer_il2_menten,0,0.05
2.0921756240351087e-05,94.2500000000055,Mixed,timer_il2_menten,0,0.05
2.087160427981071e-05,94.2600000000055,Mixed,timer_il2_menten,0,0.05
2.0821572537494305e-05,94.27000000000551,Mixed,timer_il2_menten,0,0.05
2.0771660724548012e-05,94.28000000000551,Mixed,timer_il2_menten,0,0.05
2.0721868552761394e-05,94.29000000000552,Mixed,timer_il2_menten,0,0.05
2.067219573456448e-05,94.30000000000553,Mixed,timer_il2_menten,0,0.05
2.0622641983024853e-05,94.31000000000553,Mixed,timer_il2_menten,0,0.05
2.057320701184464e-05,94.32000000000554,Mixed,timer_il2_menten,0,0.05
2.0523890535357607e-05,94.33000000000554,Mixed,timer_il2_menten,0,0.05
2.047469226852619e-05,94.34000000000555,Mixed,timer_il2_menten,0,0.05
2.0425611964209107e-05,94.35000000000555,Mixed,timer_il2_menten,0,0.05
2.037664934503328e-05,94.36000000000556,Mixed,timer_il2_menten,0,0.05
2.0327804096758847e-05,94.37000000000556,Mixed,timer_il2_menten,0,0.05
2.0279075937829165e-05,94.38000000000557,Mixed,timer_il2_menten,0,0.05
2.0230464587343976e-05,94.39000000000557,Mixed,timer_il2_menten,0,0.05
2.0181969765057284e-05,94.40000000000558,Mixed,timer_il2_menten,0,0.05
2.0133591191375146e-05,94.41000000000558,Mixed,timer_il2_menten,0,0.05
2.008532858735354e-05,94.42000000000559,Mixed,timer_il2_menten,0,0.05
2.003718167469616e-05,94.43000000000559,Mixed,timer_il2_menten,0,0.05
1.9989150175752294e-05,94.4400000000056,Mixed,timer_il2_menten,0,0.05
1.9941233813514642e-05,94.4500000000056,Mixed,timer_il2_menten,0,0.05
1.9893432311617135e-05,94.4600000000056,Mixed,timer_il2_menten,0,0.05
1.9845745394332796e-05,94.47000000000561,Mixed,timer_il2_menten,0,0.05
1.979817278657154e-05,94.48000000000562,Mixed,timer_il2_menten,0,0.05
1.975071421387805e-05,94.49000000000562,Mixed,timer_il2_menten,0,0.05
1.9703369402429585e-05,94.50000000000563,Mixed,timer_il2_menten,0,0.05
1.965613807903382e-05,94.51000000000563,Mixed,timer_il2_menten,0,0.05
1.960901997112668e-05,94.52000000000564,Mixed,timer_il2_menten,0,0.05
1.9562014806770183e-05,94.53000000000564,Mixed,timer_il2_menten,0,0.05
1.951512231465026e-05,94.54000000000565,Mixed,timer_il2_menten,0,0.05
1.9468342224074597e-05,94.55000000000565,Mixed,timer_il2_menten,0,0.05
1.942167426497048e-05,94.56000000000566,Mixed,timer_il2_menten,0,0.05
1.9375118167882607e-05,94.57000000000566,Mixed,timer_il2_menten,0,0.05
1.9328673663970943e-05,94.58000000000567,Mixed,timer_il2_menten,0,0.05
1.9282340485008544e-05,94.59000000000567,Mixed,timer_il2_menten,0,0.05
1.92361183633794e-05,94.60000000000568,Mixed,timer_il2_menten,0,0.05
1.9190007077114032e-05,94.61000000000568,Mixed,timer_il2_menten,0,0.05
1.9144006335703614e-05,94.62000000000569,Mixed,timer_il2_menten,0,0.05
1.9098115862509913e-05,94.6300000000057,Mixed,timer_il2_menten,0,0.05
1.9052335393127916e-05,94.6400000000057,Mixed,timer_il2_menten,0,0.05
1.9006664663786155e-05,94.6500000000057,Mixed,timer_il2_menten,0,0.05
1.8961103411345178e-05,94.66000000000571,Mixed,timer_il2_menten,0,0.05
1.8915651373295997e-05,94.67000000000571,Mixed,timer_il2_menten,0,0.05
1.8870308287758542e-05,94.68000000000572,Mixed,timer_il2_menten,0,0.05
1.8825073893480097e-05,94.69000000000572,Mixed,timer_il2_menten,0,0.05
1.8779947929833774e-05,94.70000000000573,Mixed,timer_il2_menten,0,0.05
1.8734930136816947e-05,94.71000000000573,Mixed,timer_il2_menten,0,0.05
1.8690020255049705e-05,94.72000000000574,Mixed,timer_il2_menten,0,0.05
1.864521802577332e-05,94.73000000000575,Mixed,timer_il2_menten,0,0.05
1.860052319084869e-05,94.74000000000575,Mixed,timer_il2_menten,0,0.05
1.855593549275475e-05,94.75000000000576,Mixed,timer_il2_menten,0,0.05
1.8511454674587005e-05,94.76000000000576,Mixed,timer_il2_menten,0,0.05
1.8467080480055906e-05,94.77000000000577,Mixed,timer_il2_menten,0,0.05
1.842281265348535e-05,94.78000000000577,Mixed,timer_il2_menten,0,0.05
1.83786509398111e-05,94.79000000000578,Mixed,timer_il2_menten,0,0.05
1.8334595084579247e-05,94.80000000000578,Mixed,timer_il2_menten,0,0.05
1.8290644833944673e-05,94.81000000000579,Mixed,timer_il2_menten,0,0.05
1.8246799934669493e-05,94.82000000000579,Mixed,timer_il2_menten,0,0.05
1.8203060134121497e-05,94.8300000000058,Mixed,timer_il2_menten,0,0.05
1.815942518027261e-05,94.8400000000058,Mixed,timer_il2_menten,0,0.05
1.811589482169735e-05,94.8500000000058,Mixed,timer_il2_menten,0,0.05
1.807246880805463e-05,94.86000000000581,Mixed,timer_il2_menten,0,0.05
1.80291468995856e-05,94.87000000000582,Mixed,timer_il2_menten,0,0.05
1.7985928837559185e-05,94.88000000000582,Mixed,timer_il2_menten,0,0.05
1.7942814373092865e-05,94.89000000000583,Mixed,timer_il2_menten,0,0.05
1.7899803257905363e-05,94.90000000000583,Mixed,timer_il2_menten,0,0.05
1.785689524431521e-05,94.91000000000584,Mixed,timer_il2_menten,0,0.05
1.7814090085239296e-05,94.92000000000584,Mixed,timer_il2_menten,0,0.05
1.777138753419148e-05,94.93000000000585,Mixed,timer_il2_menten,0,0.05
1.772878734528113e-05,94.94000000000585,Mixed,timer_il2_menten,0,0.05
1.7686289273211697e-05,94.95000000000586,Mixed,timer_il2_menten,0,0.05
1.7643893073279304e-05,94.96000000000586,Mixed,timer_il2_menten,0,0.05
1.76015985013713e-05,94.97000000000587,Mixed,timer_il2_menten,0,0.05
1.7559405313964834e-05,94.98000000000587,Mixed,timer_il2_menten,0,0.05
1.7517313268125425e-05,94.99000000000588,Mixed,timer_il2_menten,0,0.05
1.7475322121505537e-05,95.00000000000588,Mixed,timer_il2_menten,0,0.05
1.743343163234316e-05,95.01000000000589,Mixed,timer_il2_menten,0,0.05
1.7391641559460346e-05,95.0200000000059,Mixed,timer_il2_menten,0,0.05
1.7349951662261818e-05,95.0300000000059,Mixed,timer_il2_menten,0,0.05
1.7308361700733527e-05,95.0400000000059,Mixed,timer_il2_menten,0,0.05
1.7266871435441206e-05,95.05000000000591,Mixed,timer_il2_menten,0,0.05
1.722548062752897e-05,95.06000000000591,Mixed,timer_il2_menten,0,0.05
1.7184189038717863e-05,95.07000000000592,Mixed,timer_il2_menten,0,0.05
1.714299643130444e-05,95.08000000000592,Mixed,timer_il2_menten,0,0.05
1.710190256815935e-05,95.09000000000593,Mixed,timer_il2_menten,0,0.05
1.7060907212725864e-05,95.10000000000593,Mixed,timer_il2_menten,0,0.05
1.702001012901851e-05,95.11000000000594,Mixed,timer_il2_menten,0,0.05
1.6979211079219395e-05,95.12000000000594,Mixed,timer_il2_menten,0,0.05
1.6938509824701657e-05,95.13000000000595,Mixed,timer_il2_menten,0,0.05
1.6897906136008388e-05,95.14000000000595,Mixed,timer_il2_menten,0,0.05
1.685739977931668e-05,95.15000000000596,Mixed,timer_il2_menten,0,0.05
1.6816990521363115e-05,95.16000000000597,Mixed,timer_il2_menten,0,0.05
1.6776678129442163e-05,95.17000000000597,Mixed,timer_il2_menten,0,0.05
1.6736462371404717e-05,95.18000000000598,Mixed,timer_il2_menten,0,0.05
1.6696343015656593e-05,95.19000000000598,Mixed,timer_il2_menten,0,0.05
1.665631983115695e-05,95.20000000000599,Mixed,timer_il2_menten,0,0.05
1.6616392587416848e-05,95.21000000000599,Mixed,timer_il2_menten,0,0.05
1.657656105449768e-05,95.220000000006,Mixed,timer_il2_menten,0,0.05
1.653682500300967e-05,95.230000000006,Mixed,timer_il2_menten,0,0.05
1.6497184204110388e-05,95.240000000006,Mixed,timer_il2_menten,0,0.05
1.6457638429503184e-05,95.25000000000601,Mixed,timer_il2_menten,0,0.05
1.6418187451435716e-05,95.26000000000602,Mixed,timer_il2_menten,0,0.05
1.63788310426984e-05,95.27000000000602,Mixed,timer_il2_menten,0,0.05
1.6339568976622935e-05,95.28000000000603,Mixed,timer_il2_menten,0,0.05
1.6300401027080738e-05,95.29000000000603,Mixed,timer_il2_menten,0,0.05
1.6261326968481474e-05,95.30000000000604,Mixed,timer_il2_menten,0,0.05
1.6222346575771515e-05,95.31000000000604,Mixed,timer_il2_menten,0,0.05
1.6183459624432427e-05,95.32000000000605,Mixed,timer_il2_menten,0,0.05
1.6144665890479465e-05,95.33000000000605,Mixed,timer_il2_menten,0,0.05
1.610596515046005e-05,95.34000000000606,Mixed,timer_il2_menten,0,0.05
1.606735718145226e-05,95.35000000000606,Mixed,timer_il2_menten,0,0.05
1.6028841761063294e-05,95.36000000000607,Mixed,timer_il2_menten,0,0.05
1.5990418667427994e-05,95.37000000000607,Mixed,timer_il2_menten,0,0.05
1.5952087680014042e-05,95.38000000000608,Mixed,timer_il2_menten,0,0.05
1.5913848577979608e-05,95.39000000000608,Mixed,timer_il2_menten,0,0.05
1.5875701140500073e-05,95.40000000000609,Mixed,timer_il2_menten,0,0.05
1.5837645147824988e-05,95.4100000000061,Mixed,timer_il2_menten,0,0.05
1.579968038072478e-05,95.4200000000061,Mixed,timer_il2_menten,0,0.05
1.5761806620489247e-05,95.4300000000061,Mixed,timer_il2_menten,0,0.05
1.5724023648926063e-05,95.44000000000611,Mixed,timer_il2_menten,0,0.05
1.5686331248359253e-05,95.45000000000611,Mixed,timer_il2_menten,0,0.05
1.5648729201627734e-05,95.46000000000612,Mixed,timer_il2_menten,0,0.05
1.561121729208379e-05,95.47000000000612,Mixed,timer_il2_menten,0,0.05
1.557379530359157e-05,95.48000000000613,Mixed,timer_il2_menten,0,0.05
1.5536463020525592e-05,95.49000000000613,Mixed,timer_il2_menten,0,0.05
1.549922022776925e-05,95.50000000000614,Mixed,timer_il2_menten,0,0.05
1.5462066710713314e-05,95.51000000000614,Mixed,timer_il2_menten,0,0.05
1.542500225525441e-05,95.52000000000615,Mixed,timer_il2_menten,0,0.05
1.5388026647793542e-05,95.53000000000615,Mixed,timer_il2_menten,0,0.05
1.535113967523459e-05,95.54000000000616,Mixed,timer_il2_menten,0,0.05
1.5314341124982797e-05,95.55000000000616,Mixed,timer_il2_menten,0,0.05
1.5277630784943277e-05,95.56000000000617,Mixed,timer_il2_menten,0,0.05
1.5241008443519513e-05,95.57000000000617,Mixed,timer_il2_menten,0,0.05
1.520447388961186e-05,95.58000000000618,Mixed,timer_il2_menten,0,0.05
1.5168026912616051e-05,95.59000000000619,Mixed,timer_il2_menten,0,0.05
1.5131667302421673e-05,95.60000000000619,Mixed,timer_il2_menten,0,0.05
1.5095394849410699e-05,95.6100000000062,Mixed,timer_il2_menten,0,0.05
1.5059209344455958e-05,95.6200000000062,Mixed,timer_il2_menten,0,0.05
1.5023110578919658e-05,95.6300000000062,Mixed,timer_il2_menten,0,0.05
1.4987098357470193e-05,95.64000000000621,Mixed,timer_il2_menten,0,0.05
1.4951172464383506e-05,95.65000000000622,Mixed,timer_il2_menten,0,0.05
1.4915332690400137e-05,95.66000000000622,Mixed,timer_il2_menten,0,0.05
1.4879578829033733e-05,95.67000000000623,Mixed,timer_il2_menten,0,0.05
1.4843910674288647e-05,95.68000000000623,Mixed,timer_il2_menten,0,0.05
1.4808328020658634e-05,95.69000000000624,Mixed,timer_il2_menten,0,0.05
1.4772830663125476e-05,95.70000000000624,Mixed,timer_il2_menten,0,0.05
1.4737418397157677e-05,95.71000000000625,Mixed,timer_il2_menten,0,0.05
1.4702091018709101e-05,95.72000000000625,Mixed,timer_il2_menten,0,0.05
1.4666848324217659e-05,95.73000000000626,Mixed,timer_il2_menten,0,0.05
1.4631690110603941e-05,95.74000000000626,Mixed,timer_il2_menten,0,0.05
1.459661617526992e-05,95.75000000000627,Mixed,timer_il2_menten,0,0.05
1.4561626316097572e-05,95.76000000000627,Mixed,timer_il2_menten,0,0.05
1.4526720331447573e-05,95.77000000000628,Mixed,timer_il2_menten,0,0.05
1.4491898020157931e-05,95.78000000000628,Mixed,timer_il2_menten,0,0.05
1.4457159181542685e-05,95.79000000000629,Mixed,timer_il2_menten,0,0.05
1.4422503615390528e-05,95.80000000000629,Mixed,timer_il2_menten,0,0.05
1.4387931121963515e-05,95.8100000000063,Mixed,timer_il2_menten,0,0.05
1.4353441501995675e-05,95.8200000000063,Mixed,timer_il2_menten,0,0.05
1.4319034556691723e-05,95.83000000000631,Mixed,timer_il2_menten,0,0.05
1.4284710087725677e-05,95.84000000000631,Mixed,timer_il2_menten,0,0.05
1.4250467897239566e-05,95.85000000000632,Mixed,timer_il2_menten,0,0.05
1.4216307787842058e-05,95.86000000000632,Mixed,timer_il2_menten,0,0.05
1.4182229562607138e-05,95.87000000000633,Mixed,timer_il2_menten,0,0.05
1.4148233025072771e-05,95.88000000000633,Mixed,timer_il2_menten,0,0.05
1.4114317980601393e-05,95.89000000000634,Mixed,timer_il2_menten,0,0.05
1.4080484245434852e-05,95.90000000000634,Mixed,timer_il2_menten,0,0.05
1.4046731613684244e-05,95.91000000000635,Mixed,timer_il2_menten,0,0.05
1.401305989091677e-05,95.92000000000635,Mixed,timer_il2_menten,0,0.05
1.3979468883164977e-05,95.93000000000636,Mixed,timer_il2_menten,0,0.05
1.3945958396925568e-05,95.94000000000636,Mixed,timer_il2_menten,0,0.05
1.3912528239158202e-05,95.95000000000637,Mixed,timer_il2_menten,0,0.05
1.3879178217284321e-05,95.96000000000637,Mixed,timer_il2_menten,0,0.05
1.3845908139185959e-05,95.97000000000638,Mixed,timer_il2_menten,0,0.05
1.3812717813204556e-05,95.98000000000638,Mixed,timer_il2_menten,0,0.05
1.3779607048139766e-05,95.99000000000639,Mixed,timer_il2_menten,0,0.05
1.3746575653248272e-05,96.0000000000064,Mixed,timer_il2_menten,0,0.05
1.3713623438242614e-05,96.0100000000064,Mixed,timer_il2_menten,0,0.05
1.3680750213289972e-05,96.0200000000064,Mixed,timer_il2_menten,0,0.05
1.364795578901101e-05,96.03000000000641,Mixed,timer_il2_menten,0,0.05
1.3615239976478663e-05,96.04000000000642,Mixed,timer_il2_menten,0,0.05
1.3582602587216978e-05,96.05000000000642,Mixed,timer_il2_menten,0,0.05
1.3550043433199898e-05,96.06000000000643,Mixed,timer_il2_menten,0,0.05
1.3517562326850092e-05,96.07000000000643,Mixed,timer_il2_menten,0,0.05
1.3485159081037769e-05,96.08000000000644,Mixed,timer_il2_menten,0,0.05
1.3452833509079481e-05,96.09000000000644,Mixed,timer_il2_menten,0,0.05
1.342058542473695e-05,96.10000000000645,Mixed,timer_il2_menten,0,0.05
1.3388414642215865e-05,96.11000000000645,Mixed,timer_il2_menten,0,0.05
1.3356320976164707e-05,96.12000000000646,Mixed,timer_il2_menten,0,0.05
1.3324304241673556e-05,96.13000000000646,Mixed,timer_il2_menten,0,0.05
1.3292364254272907e-05,96.14000000000647,Mixed,timer_il2_menten,0,0.05
1.3260500831862963e-05,96.15000000000647,Mixed,timer_il2_menten,0,0.05
1.3228713792848876e-05,96.16000000000648,Mixed,timer_il2_menten,0,0.05
1.3197002951070495e-05,96.17000000000648,Mixed,timer_il2_menten,0,0.05
1.316536812388134e-05,96.18000000000649,Mixed,timer_il2_menten,0,0.05
1.3133809129072569e-05,96.19000000000649,Mixed,timer_il2_menten,0,0.05
1.310232578487181e-05,96.2000000000065,Mixed,timer_il2_menten,0,0.05
1.3070917909942063e-05,96.2100000000065,Mixed,timer_il2_menten,0,0.05
1.3039585323380556e-05,96.22000000000651,Mixed,timer_il2_menten,0,0.05
1.3008327844717616e-05,96.23000000000651,Mixed,timer_il2_menten,0,0.05
1.2977145293915552e-05,96.24000000000652,Mixed,timer_il2_menten,0,0.05
1.2946037491367508e-05,96.25000000000652,Mixed,timer_il2_menten,0,0.05
1.2915004257896354e-05,96.26000000000653,Mixed,timer_il2_menten,0,0.05
1.288404541475354e-05,96.27000000000653,Mixed,timer_il2_menten,0,0.05
1.285316078361798e-05,96.28000000000654,Mixed,timer_il2_menten,0,0.05
1.2822350186594915e-05,96.29000000000654,Mixed,timer_il2_menten,0,0.05
1.2791613446214799e-05,96.30000000000655,Mixed,timer_il2_menten,0,0.05
1.2760950385432146e-05,96.31000000000655,Mixed,timer_il2_menten,0,0.05
1.2730360827624417e-05,96.32000000000656,Mixed,timer_il2_menten,0,0.05
1.2699844596590897e-05,96.33000000000656,Mixed,timer_il2_menten,0,0.05
1.2669401516551552e-05,96.34000000000657,Mixed,timer_il2_menten,0,0.05
1.2639031412145909e-05,96.35000000000657,Mixed,timer_il2_menten,0,0.05
1.2608734108431926e-05,96.36000000000658,Mixed,timer_il2_menten,0,0.05
1.2578509430884864e-05,96.37000000000658,Mixed,timer_il2_menten,0,0.05
1.2548357205396151e-05,96.38000000000659,Mixed,timer_il2_menten,0,0.05
1.2518277258272264e-05,96.3900000000066,Mixed,timer_il2_menten,0,0.05
1.2488269416233595e-05,96.4000000000066,Mixed,timer_il2_menten,0,0.05
1.2458333507876323e-05,96.4100000000066,Mixed,timer_il2_menten,0,0.05
1.2428469360448108e-05,96.42000000000661,Mixed,timer_il2_menten,0,0.05
1.2398676801144837e-05,96.43000000000661,Mixed,timer_il2_menten,0,0.05
1.2368955658363214e-05,96.44000000000662,Mixed,timer_il2_menten,0,0.05
1.2339305760909598e-05,96.45000000000663,Mixed,timer_il2_menten,0,0.05
1.2309726937998861e-05,96.46000000000663,Mixed,timer_il2_menten,0,0.05
1.2280219019253296e-05,96.47000000000664,Mixed,timer_il2_menten,0,0.05
1.225078183470154e-05,96.48000000000664,Mixed,timer_il2_menten,0,0.05
1.2221415214777424e-05,96.49000000000665,Mixed,timer_il2_menten,0,0.05
1.2192118990318911e-05,96.50000000000665,Mixed,timer_il2_menten,0,0.05
1.2162892992566963e-05,96.51000000000666,Mixed,timer_il2_menten,0,0.05
1.2133737053164462e-05,96.52000000000666,Mixed,timer_il2_menten,0,0.05
1.2104651004155078e-05,96.53000000000667,Mixed,timer_il2_menten,0,0.05
1.2075634677982201e-05,96.54000000000667,Mixed,timer_il2_menten,0,0.05
1.204668790748781e-05,96.55000000000668,Mixed,timer_il2_menten,0,0.05
1.2017810525911367e-05,96.56000000000668,Mixed,timer_il2_menten,0,0.05
1.1989002366888742e-05,96.57000000000669,Mixed,timer_il2_menten,0,0.05
1.1960263264451079e-05,96.58000000000669,Mixed,timer_il2_menten,0,0.05
1.1931593053023714e-05,96.5900000000067,Mixed,timer_il2_menten,0,0.05
1.190299156742506e-05,96.6000000000067,Mixed,timer_il2_menten,0,0.05
1.1874458642865506e-05,96.6100000000067,Mixed,timer_il2_menten,0,0.05
1.1845994114946308e-05,96.62000000000671,Mixed,timer_il2_menten,0,0.05
1.1817597819658505e-05,96.63000000000672,Mixed,timer_il2_menten,0,0.05
1.1789269593381787e-05,96.64000000000672,Mixed,timer_il2_menten,0,0.05
1.1761009272883415e-05,96.65000000000673,Mixed,timer_il2_menten,0,0.05
1.173281669531711e-05,96.66000000000673,Mixed,timer_il2_menten,0,0.05
1.1704691703015657e-05,96.67000000000674,Mixed,timer_il2_menten,0,0.05
1.1676634130496158e-05,96.68000000000674,Mixed,timer_il2_menten,0,0.05
1.1648643815615355e-05,96.69000000000675,Mixed,timer_il2_menten,0,0.05
1.1620720597134816e-05,96.70000000000675,Mixed,timer_il2_menten,0,0.05
1.1592864314200147e-05,96.71000000000676,Mixed,timer_il2_menten,0,0.05
1.1565074806339934e-05,96.72000000000676,Mixed,timer_il2_menten,0,0.05
1.153735191346471e-05,96.73000000000677,Mixed,timer_il2_menten,0,0.05
1.1509695475865894e-05,96.74000000000677,Mixed,timer_il2_menten,0,0.05
1.1482105334214746e-05,96.75000000000678,Mixed,timer_il2_menten,0,0.05
1.1454581329561328e-05,96.76000000000678,Mixed,timer_il2_menten,0,0.05
1.1427123303333456e-05,96.77000000000679,Mixed,timer_il2_menten,0,0.05
1.139973109733565e-05,96.7800000000068,Mixed,timer_il2_menten,0,0.05
1.1372404553748081e-05,96.7900000000068,Mixed,timer_il2_menten,0,0.05
1.134514351512554e-05,96.8000000000068,Mixed,timer_il2_menten,0,0.05
1.1317947824396377e-05,96.81000000000681,Mixed,timer_il2_menten,0,0.05
1.1290817324861462e-05,96.82000000000681,Mixed,timer_il2_menten,0,0.05
1.126375186019314e-05,96.83000000000682,Mixed,timer_il2_menten,0,0.05
1.1236751274434179e-05,96.84000000000682,Mixed,timer_il2_menten,0,0.05
1.1209815411996724e-05,96.85000000000683,Mixed,timer_il2_menten,0,0.05
1.1182944117661241e-05,96.86000000000683,Mixed,timer_il2_menten,0,0.05
1.1156137236575505e-05,96.87000000000684,Mixed,timer_il2_menten,0,0.05
1.112939461425351e-05,96.88000000000685,Mixed,timer_il2_menten,0,0.05
1.1102716096574446e-05,96.89000000000685,Mixed,timer_il2_menten,0,0.05
1.107610152978165e-05,96.90000000000686,Mixed,timer_il2_menten,0,0.05
1.1049550760481552e-05,96.91000000000686,Mixed,timer_il2_menten,0,0.05
1.1023063636796293e-05,96.92000000000687,Mixed,timer_il2_menten,0,0.05
1.0996640011699514e-05,96.93000000000687,Mixed,timer_il2_menten,0,0.05
1.0970279727355338e-05,96.94000000000688,Mixed,timer_il2_menten,0,0.05
1.0943982631913846e-05,96.95000000000688,Mixed,timer_il2_menten,0,0.05
1.091774857388735e-05,96.96000000000689,Mixed,timer_il2_menten,0,0.05
1.0891577402149444e-05,96.97000000000689,Mixed,timer_il2_menten,0,0.05
1.0865468965934047e-05,96.9800000000069,Mixed,timer_il2_menten,0,0.05
1.083942311483441e-05,96.9900000000069,Mixed,timer_il2_menten,0,0.05
1.0813439698802177e-05,97.0000000000069,Mixed,timer_il2_menten,0,0.05
1.0787518568146401e-05,97.01000000000691,Mixed,timer_il2_menten,0,0.05
1.0761659573532597e-05,97.02000000000692,Mixed,timer_il2_menten,0,0.05
1.0735862565981767e-05,97.03000000000692,Mixed,timer_il2_menten,0,0.05
1.0710127396869425e-05,97.04000000000693,Mixed,timer_il2_menten,0,0.05
1.0684453917924659e-05,97.05000000000693,Mixed,timer_il2_menten,0,0.05
1.0658841981229132e-05,97.06000000000694,Mixed,timer_il2_menten,0,0.05
1.0633291439216152e-05,97.07000000000694,Mixed,timer_il2_menten,0,0.05
1.0607802144669679e-05,97.08000000000695,Mixed,timer_il2_menten,0,0.05
1.0582373950723371e-05,97.09000000000695,Mixed,timer_il2_menten,0,0.05
1.0557006710859627e-05,97.10000000000696,Mixed,timer_il2_menten,0,0.05
1.0531700278908603e-05,97.11000000000696,Mixed,timer_il2_menten,0,0.05
1.0506454509047261e-05,97.12000000000697,Mixed,timer_il2_menten,0,0.05
1.0481269255798405e-05,97.13000000000697,Mixed,timer_il2_menten,0,0.05
1.0456144374029709e-05,97.14000000000698,Mixed,timer_il2_menten,0,0.05
1.0431079718952751e-05,97.15000000000698,Mixed,timer_il2_menten,0,0.05
1.0406075146122057e-05,97.16000000000699,Mixed,timer_il2_menten,0,0.05
1.0381130511434126e-05,97.170000000007,Mixed,timer_il2_menten,0,0.05
1.0356245673829984e-05,97.180000000007,Mixed,timer_il2_menten,0,0.05
1.033142049161699e-05,97.190000000007,Mixed,timer_il2_menten,0,0.05
1.0306654818398343e-05,97.20000000000701,Mixed,timer_il2_menten,0,0.05
1.028194851151749e-05,97.21000000000701,Mixed,timer_il2_menten,0,0.05
1.0257301428658824e-05,97.22000000000702,Mixed,timer_il2_menten,0,0.05
1.0232713427846784e-05,97.23000000000702,Mixed,timer_il2_menten,0,0.05
1.020818436744497e-05,97.24000000000703,Mixed,timer_il2_menten,0,0.05
1.018371410615524e-05,97.25000000000703,Mixed,timer_il2_menten,0,0.05
1.015930250301682e-05,97.26000000000704,Mixed,timer_il2_menten,0,0.05
1.0134949417405408e-05,97.27000000000704,Mixed,timer_il2_menten,0,0.05
1.0110654709032278e-05,97.28000000000705,Mixed,timer_il2_menten,0,0.05
1.0086418237943396e-05,97.29000000000705,Mixed,timer_il2_menten,0,0.05
1.0062239864518506e-05,97.30000000000706,Mixed,timer_il2_menten,0,0.05
1.0038119449470244e-05,97.31000000000707,Mixed,timer_il2_menten,0,0.05
1.001405685384326e-05,97.32000000000707,Mixed,timer_il2_menten,0,0.05
9.990051939013296e-06,97.33000000000708,Mixed,timer_il2_menten,0,0.05
9.966104566686303e-06,97.34000000000708,Mixed,timer_il2_menten,0,0.05
9.942214598897552e-06,97.35000000000709,Mixed,timer_il2_menten,0,0.05
9.918381898010735e-06,97.36000000000709,Mixed,timer_il2_menten,0,0.05
9.894606326717069e-06,97.3700000000071,Mixed,timer_il2_menten,0,0.05
9.870887748034403e-06,97.3800000000071,Mixed,timer_il2_menten,0,0.05
9.847226025306316e-06,97.3900000000071,Mixed,timer_il2_menten,0,0.05
9.823621022201238e-06,97.40000000000711,Mixed,timer_il2_menten,0,0.05
9.800072602711541e-06,97.41000000000712,Mixed,timer_il2_menten,0,0.05
9.776580631152654e-06,97.42000000000712,Mixed,timer_il2_menten,0,0.05
9.753144972162157e-06,97.43000000000713,Mixed,timer_il2_menten,0,0.05
9.72976549360103e-06,97.44000000000713,Mixed,timer_il2_menten,0,0.05
9.706442059748688e-06,97.45000000000714,Mixed,timer_il2_menten,0,0.05
9.683174535041122e-06,97.46000000000714,Mixed,timer_il2_menten,0,0.05
9.659962785453635e-06,97.47000000000715,Mixed,timer_il2_menten,0,0.05
9.636806677281685e-06,97.48000000000715,Mixed,timer_il2_menten,0,0.05
9.613706077140028e-06,97.49000000000716,Mixed,timer_il2_menten,0,0.05
9.590660851961876e-06,97.50000000000716,Mixed,timer_il2_menten,0,0.05
9.567670868998044e-06,97.51000000000717,Mixed,timer_il2_menten,0,0.05
9.54473599581611e-06,97.52000000000717,Mixed,timer_il2_menten,0,0.05
9.521856100299544e-06,97.53000000000718,Mixed,timer_il2_menten,0,0.05
9.499031050646883e-06,97.54000000000718,Mixed,timer_il2_menten,0,0.05
9.476260715370868e-06,97.55000000000719,Mixed,timer_il2_menten,0,0.05
9.453544963297602e-06,97.5600000000072,Mixed,timer_il2_menten,0,0.05
9.430883663565694e-06,97.5700000000072,Mixed,timer_il2_menten,0,0.05
9.408276685625415e-06,97.5800000000072,Mixed,timer_il2_menten,0,0.05
9.385723899237848e-06,97.59000000000721,Mixed,timer_il2_menten,0,0.05
9.363225174474039e-06,97.60000000000721,Mixed,timer_il2_menten,0,0.05
9.340780381714143e-06,97.61000000000722,Mixed,timer_il2_menten,0,0.05
9.318389391646587e-06,97.62000000000722,Mixed,timer_il2_menten,0,0.05
9.296052075267205e-06,97.63000000000723,Mixed,timer_il2_menten,0,0.05
9.273768303878401e-06,97.64000000000723,Mixed,timer_il2_menten,0,0.05
9.251537949088297e-06,97.65000000000724,Mixed,timer_il2_menten,0,0.05
9.22936088280988e-06,97.66000000000724,Mixed,timer_il2_menten,0,0.05
9.207236977260155e-06,97.67000000000725,Mixed,timer_il2_menten,0,0.05
9.1851661049593e-06,97.68000000000725,Mixed,timer_il2_menten,0,0.05
9.163148138729817e-06,97.69000000000726,Mixed,timer_il2_menten,0,0.05
9.141182954390674e-06,97.70000000000726,Mixed,timer_il2_menten,0,0.05
9.11927042336476e-06,97.71000000000727,Mixed,timer_il2_menten,0,0.05
9.097410419308308e-06,97.72000000000727,Mixed,timer_il2_menten,0,0.05
9.075602816304178e-06,97.73000000000728,Mixed,timer_il2_menten,0,0.05
9.053847488736393e-06,97.74000000000729,Mixed,timer_il2_menten,0,0.05
9.032144311289346e-06,97.75000000000729,Mixed,timer_il2_menten,0,0.05
9.010493158947036e-06,97.7600000000073,Mixed,timer_il2_menten,0,0.05
8.98889390699227e-06,97.7700000000073,Mixed,timer_il2_menten,0,0.05
8.967346431005906e-06,97.7800000000073,Mixed,timer_il2_menten,0,0.05
8.945850606866047e-06,97.79000000000731,Mixed,timer_il2_menten,0,0.05
8.924406310747286e-06,97.80000000000732,Mixed,timer_il2_menten,0,0.05
8.903013419119907e-06,97.81000000000732,Mixed,timer_il2_menten,0,0.05
8.881671808749112e-06,97.82000000000733,Mixed,timer_il2_menten,0,0.05
8.860381356694252e-06,97.83000000000733,Mixed,timer_il2_menten,0,0.05
8.839141940308024e-06,97.84000000000734,Mixed,timer_il2_menten,0,0.05
8.817953437235715e-06,97.85000000000734,Mixed,timer_il2_menten,0,0.05
8.796815725414406e-06,97.86000000000735,Mixed,timer_il2_menten,0,0.05
8.7757286830722e-06,97.87000000000735,Mixed,timer_il2_menten,0,0.05
8.754692188727437e-06,97.88000000000736,Mixed,timer_il2_menten,0,0.05
8.733706121187925e-06,97.89000000000736,Mixed,timer_il2_menten,0,0.05
8.71277035979679e-06,97.90000000000737,Mixed,timer_il2_menten,0,0.05
8.691884784969371e-06,97.91000000000737,Mixed,timer_il2_menten,0,0.05
8.671049275400397e-06,97.92000000000738,Mixed,timer_il2_menten,0,0.05
8.650263711077333e-06,97.93000000000738,Mixed,timer_il2_menten,0,0.05
8.62952797227478e-06,97.94000000000739,Mixed,timer_il2_menten,0,0.05
8.608841939553716e-06,97.95000000000739,Mixed,timer_il2_menten,0,0.05
8.588205493760762e-06,97.9600000000074,Mixed,timer_il2_menten,0,0.05
8.567618516027435e-06,97.9700000000074,Mixed,timer_il2_menten,0,0.05
8.547080887769411e-06,97.98000000000741,Mixed,timer_il2_menten,0,0.05
8.526592490685765e-06,97.99000000000741,Mixed,timer_il2_menten,0,0.05
8.506153206758243e-06,98.00000000000742,Mixed,timer_il2_menten,0,0.05
8.485762918250504e-06,98.01000000000742,Mixed,timer_il2_menten,0,0.05
8.465421507707398e-06,98.02000000000743,Mixed,timer_il2_menten,0,0.05
8.445128857954193e-06,98.03000000000743,Mixed,timer_il2_menten,0,0.05
8.424884852095854e-06,98.04000000000744,Mixed,timer_il2_menten,0,0.05
8.404689373516286e-06,98.05000000000744,Mixed,timer_il2_menten,0,0.05
8.384542305877601e-06,98.06000000000745,Mixed,timer_il2_menten,0,0.05
8.364443533119364e-06,98.07000000000745,Mixed,timer_il2_menten,0,0.05
8.344392939457851e-06,98.08000000000746,Mixed,timer_il2_menten,0,0.05
8.324390409385312e-06,98.09000000000746,Mixed,timer_il2_menten,0,0.05
8.304435827669215e-06,98.10000000000747,Mixed,timer_il2_menten,0,0.05
8.284529079799441e-06,98.11000000000747,Mixed,timer_il2_menten,0,0.05
8.264670051441097e-06,98.12000000000748,Mixed,timer_il2_menten,0,0.05
8.244858627626214e-06,98.13000000000748,Mixed,timer_il2_menten,0,0.05
8.225094694239199e-06,98.14000000000749,Mixed,timer_il2_menten,0,0.05
8.205378137437182e-06,98.1500000000075,Mixed,timer_il2_menten,0,0.05
8.185708843649326e-06,98.1600000000075,Mixed,timer_il2_menten,0,0.05
8.1660866995761e-06,98.1700000000075,Mixed,timer_il2_menten,0,0.05
8.146511592188556e-06,98.18000000000751,Mixed,timer_il2_menten,0,0.05
8.126983408727631e-06,98.19000000000752,Mixed,timer_il2_menten,0,0.05
8.107502036703413e-06,98.20000000000752,Mixed,timer_il2_menten,0,0.05
8.088067363894439e-06,98.21,Mixed,timer_il2_menten,0,0.05
8.0686792780113e-06,98.22,Mixed,timer_il2_menten,0,0.05
8.049337666961319e-06,98.23,Mixed,timer_il2_menten,0,0.05
8.030042420118417e-06,98.24000000000001,Mixed,timer_il2_menten,0,0.05
8.010793426342174e-06,98.25000000000001,Mixed,timer_il2_menten,0,0.05
7.991590574758178e-06,98.26000000000002,Mixed,timer_il2_menten,0,0.05
7.972433754758012e-06,98.27000000000002,Mixed,timer_il2_menten,0,0.05
7.953322855998363e-06,98.28000000000003,Mixed,timer_il2_menten,0,0.05
7.934257768400313e-06,98.29000000000003,Mixed,timer_il2_menten,0,0.05
7.915238382148952e-06,98.30000000000004,Mixed,timer_il2_menten,0,0.05
7.89626458769256e-06,98.31000000000004,Mixed,timer_il2_menten,0,0.05
7.877336275742023e-06,98.32000000000005,Mixed,timer_il2_menten,0,0.05
7.858453337270211e-06,98.33000000000006,Mixed,timer_il2_menten,0,0.05
7.839615663511346e-06,98.34000000000006,Mixed,timer_il2_menten,0,0.05
7.820823145960383e-06,98.35000000000007,Mixed,timer_il2_menten,0,0.05
7.802075676372349e-06,98.36000000000007,Mixed,timer_il2_menten,0,0.05
7.783373146761792e-06,98.37000000000008,Mixed,timer_il2_menten,0,0.05
7.764715449402071e-06,98.38000000000008,Mixed,timer_il2_menten,0,0.05
7.746102476824813e-06,98.39000000000009,Mixed,timer_il2_menten,0,0.05
7.727534121819231e-06,98.40000000000009,Mixed,timer_il2_menten,0,0.05
7.709010277431565e-06,98.4100000000001,Mixed,timer_il2_menten,0,0.05
7.690530836964401e-06,98.4200000000001,Mixed,timer_il2_menten,0,0.05
7.67209569397613e-06,98.4300000000001,Mixed,timer_il2_menten,0,0.05
7.653704742280261e-06,98.44000000000011,Mixed,timer_il2_menten,0,0.05
7.635357875944876e-06,98.45000000000012,Mixed,timer_il2_menten,0,0.05
7.617054989291957e-06,98.46000000000012,Mixed,timer_il2_menten,0,0.05
7.598795976896848e-06,98.47000000000013,Mixed,timer_il2_menten,0,0.05
7.580580733587563e-06,98.48000000000013,Mixed,timer_il2_menten,0,0.05
7.562409154444273e-06,98.49000000000014,Mixed,timer_il2_menten,0,0.05
7.544281134798631e-06,98.50000000000014,Mixed,timer_il2_menten,0,0.05
7.526196570233173e-06,98.51000000000015,Mixed,timer_il2_menten,0,0.05
7.5081553565807815e-06,98.52000000000015,Mixed,timer_il2_menten,0,0.05
7.490157389923988e-06,98.53000000000016,Mixed,timer_il2_menten,0,0.05
7.472202566594472e-06,98.54000000000016,Mixed,timer_il2_menten,0,0.05
7.454290783172408e-06,98.55000000000017,Mixed,timer_il2_menten,0,0.05
7.4364219364858535e-06,98.56000000000017,Mixed,timer_il2_menten,0,0.05
7.4185959236102255e-06,98.57000000000018,Mixed,timer_il2_menten,0,0.05
7.4008126418676175e-06,98.58000000000018,Mixed,timer_il2_menten,0,0.05
7.383071988826288e-06,98.59000000000019,Mixed,timer_il2_menten,0,0.05
7.365373862300039e-06,98.6000000000002,Mixed,timer_il2_menten,0,0.05
7.3477181603475865e-06,98.6100000000002,Mixed,timer_il2_menten,0,0.05
7.330104781272064e-06,98.6200000000002,Mixed,timer_il2_menten,0,0.05
7.312533623620341e-06,98.63000000000021,Mixed,timer_il2_menten,0,0.05
7.295004586182507e-06,98.64000000000021,Mixed,timer_il2_menten,0,0.05
7.277517567991266e-06,98.65000000000022,Mixed,timer_il2_menten,0,0.05
7.2600724683213285e-06,98.66000000000022,Mixed,timer_il2_menten,0,0.05
7.242669186688888e-06,98.67000000000023,Mixed,timer_il2_menten,0,0.05
7.225307622850982e-06,98.68000000000023,Mixed,timer_il2_menten,0,0.05
7.207987676804959e-06,98.69000000000024,Mixed,timer_il2_menten,0,0.05
7.190709248787889e-06,98.70000000000024,Mixed,timer_il2_menten,0,0.05
7.173472239275967e-06,98.71000000000025,Mixed,timer_il2_menten,0,0.05
7.156276548983977e-06,98.72000000000025,Mixed,timer_il2_menten,0,0.05
7.139122078864695e-06,98.73000000000026,Mixed,timer_il2_menten,0,0.05
7.122008730108332e-06,98.74000000000026,Mixed,timer_il2_menten,0,0.05
7.104936404141939e-06,98.75000000000027,Mixed,timer_il2_menten,0,0.05
7.087905002628876e-06,98.76000000000028,Mixed,timer_il2_menten,0,0.05
7.070914427468232e-06,98.77000000000028,Mixed,timer_il2_menten,0,0.05
7.053964580794236e-06,98.78000000000029,Mixed,timer_il2_menten,0,0.05
7.037055364975725e-06,98.79000000000029,Mixed,timer_il2_menten,0,0.05
7.020186682615579e-06,98.8000000000003,Mixed,timer_il2_menten,0,0.05
7.00335843655013e-06,98.8100000000003,Mixed,timer_il2_menten,0,0.05
6.9865705298486375e-06,98.8200000000003,Mixed,timer_il2_menten,0,0.05
6.969822865812719e-06,98.83000000000031,Mixed,timer_il2_menten,0,0.05
6.953115347975771e-06,98.84000000000032,Mixed,timer_il2_menten,0,0.05
6.936447880102452e-06,98.85000000000032,Mixed,timer_il2_menten,0,0.05
6.919820366188107e-06,98.86000000000033,Mixed,timer_il2_menten,0,0.05
6.903232710458199e-06,98.87000000000033,Mixed,timer_il2_menten,0,0.05
6.886684817367786e-06,98.88000000000034,Mixed,timer_il2_menten,0,0.05
6.870176591600968e-06,98.89000000000034,Mixed,timer_il2_menten,0,0.05
6.853707938070308e-06,98.90000000000035,Mixed,timer_il2_menten,0,0.05
6.83727876191632e-06,98.91000000000035,Mixed,timer_il2_menten,0,0.05
6.820888968506897e-06,98.92000000000036,Mixed,timer_il2_menten,0,0.05
6.804538463436798e-06,98.93000000000036,Mixed,timer_il2_menten,0,0.05
6.788227152527062e-06,98.94000000000037,Mixed,timer_il2_menten,0,0.05
6.771954941824485e-06,98.95000000000037,Mixed,timer_il2_menten,0,0.05
6.755721737601104e-06,98.96000000000038,Mixed,timer_il2_menten,0,0.05
6.739527446353608e-06,98.97000000000038,Mixed,timer_il2_menten,0,0.05
6.723371974802831e-06,98.98000000000039,Mixed,timer_il2_menten,0,0.05
6.707255229893225e-06,98.99000000000039,Mixed,timer_il2_menten,0,0.05
6.691177118792287e-06,99.0000000000004,Mixed,timer_il2_menten,0,0.05
6.675137548890053e-06,99.0100000000004,Mixed,timer_il2_menten,0,0.05
6.659136427798549e-06,99.02000000000041,Mixed,timer_il2_menten,0,0.05
6.6431736633512875e-06,99.03000000000041,Mixed,timer_il2_menten,0,0.05
6.627249163602692e-06,99.04000000000042,Mixed,timer_il2_menten,0,0.05
6.611362836827599e-06,99.05000000000042,Mixed,timer_il2_menten,0,0.05
6.595514591520729e-06,99.06000000000043,Mixed,timer_il2_menten,0,0.05
6.579704336396142e-06,99.07000000000043,Mixed,timer_il2_menten,0,0.05
6.563931980386719e-06,99.08000000000044,Mixed,timer_il2_menten,0,0.05
6.548197432643656e-06,99.09000000000044,Mixed,timer_il2_menten,0,0.05
6.532500602535912e-06,99.10000000000045,Mixed,timer_il2_menten,0,0.05
6.516841399649696e-06,99.11000000000045,Mixed,timer_il2_menten,0,0.05
6.501219733787956e-06,99.12000000000046,Mixed,timer_il2_menten,0,0.05
6.485635514969864e-06,99.13000000000046,Mixed,timer_il2_menten,0,0.05
6.4700886534302685e-06,99.14000000000047,Mixed,timer_il2_menten,0,0.05
6.454579059619198e-06,99.15000000000047,Mixed,timer_il2_menten,0,0.05
6.439106644201364e-06,99.16000000000048,Mixed,timer_il2_menten,0,0.05
6.423671318055605e-06,99.17000000000048,Mixed,timer_il2_menten,0,0.05
6.408272992274394e-06,99.18000000000049,Mixed,timer_il2_menten,0,0.05
6.392911578163341e-06,99.1900000000005,Mixed,timer_il2_menten,0,0.05
6.377586987240651e-06,99.2000000000005,Mixed,timer_il2_menten,0,0.05
6.36229913123664e-06,99.2100000000005,Mixed,timer_il2_menten,0,0.05
6.347047922093213e-06,99.22000000000051,Mixed,timer_il2_menten,0,0.05
6.33183327196337e-06,99.23000000000052,Mixed,timer_il2_menten,0,0.05
6.316655093210678e-06,99.24000000000052,Mixed,timer_il2_menten,0,0.05
6.301513298408787e-06,99.25000000000053,Mixed,timer_il2_menten,0,0.05
6.286407800340917e-06,99.26000000000053,Mixed,timer_il2_menten,0,0.05
6.271338511999358e-06,99.27000000000054,Mixed,timer_il2_menten,0,0.05
6.256305346584967e-06,99.28000000000054,Mixed,timer_il2_menten,0,0.05
6.241308217506672e-06,99.29000000000055,Mixed,timer_il2_menten,0,0.05
6.226347038380962e-06,99.30000000000055,Mixed,timer_il2_menten,0,0.05
6.21142172303141e-06,99.31000000000056,Mixed,timer_il2_menten,0,0.05
6.196532185488157e-06,99.32000000000056,Mixed,timer_il2_menten,0,0.05
6.181678339987423e-06,99.33000000000057,Mixed,timer_il2_menten,0,0.05
6.166860100971017e-06,99.34000000000057,Mixed,timer_il2_menten,0,0.05
6.1520773830858465e-06,99.35000000000058,Mixed,timer_il2_menten,0,0.05
6.137330101183409e-06,99.36000000000058,Mixed,timer_il2_menten,0,0.05
6.122618170319324e-06,99.37000000000059,Mixed,timer_il2_menten,0,0.05
6.107941505752828e-06,99.38000000000059,Mixed,timer_il2_menten,0,0.05
6.0933000229462925e-06,99.3900000000006,Mixed,timer_il2_menten,0,0.05
6.078693637564736e-06,99.4000000000006,Mixed,timer_il2_menten,0,0.05
6.064122265475335e-06,99.41000000000061,Mixed,timer_il2_menten,0,0.05
6.0495858227469536e-06,99.42000000000061,Mixed,timer_il2_menten,0,0.05
6.035084225649636e-06,99.43000000000062,Mixed,timer_il2_menten,0,0.05
6.020617390654144e-06,99.44000000000062,Mixed,timer_il2_menten,0,0.05
6.006185234431464e-06,99.45000000000063,Mixed,timer_il2_menten,0,0.05
5.9917876738523435e-06,99.46000000000063,Mixed,timer_il2_menten,0,0.05
5.977424625986791e-06,99.47000000000064,Mixed,timer_il2_menten,0,0.05
5.963096008103611e-06,99.48000000000064,Mixed,timer_il2_menten,0,0.05
5.948801737669919e-06,99.49000000000065,Mixed,timer_il2_menten,0,0.05
5.934541732350688e-06,99.50000000000065,Mixed,timer_il2_menten,0,0.05
5.9203159100082435e-06,99.51000000000066,Mixed,timer_il2_menten,0,0.05
5.906124188701809e-06,99.52000000000066,Mixed,timer_il2_menten,0,0.05
5.891966486687026e-06,99.53000000000067,Mixed,timer_il2_menten,0,0.05
5.8778427224155015e-06,99.54000000000067,Mixed,timer_il2_menten,0,0.05
5.863752814534309e-06,99.55000000000068,Mixed,timer_il2_menten,0,0.05
5.849696681885543e-06,99.56000000000068,Mixed,timer_il2_menten,0,0.05
5.835674243505829e-06,99.57000000000069,Mixed,timer_il2_menten,0,0.05
5.821685418625898e-06,99.5800000000007,Mixed,timer_il2_menten,0,0.05
5.8077301266700764e-06,99.5900000000007,Mixed,timer_il2_menten,0,0.05
5.793808287255841e-06,99.6000000000007,Mixed,timer_il2_menten,0,0.05
5.779919820193357e-06,99.61000000000071,Mixed,timer_il2_menten,0,0.05
5.766064645485014e-06,99.62000000000072,Mixed,timer_il2_menten,0,0.05
5.752242683324976e-06,99.63000000000072,Mixed,timer_il2_menten,0,0.05
5.738453854098698e-06,99.64000000000073,Mixed,timer_il2_menten,0,0.05
5.724698078382483e-06,99.65000000000073,Mixed,timer_il2_menten,0,0.05
5.710975276943024e-06,99.66000000000074,Mixed,timer_il2_menten,0,0.05
5.697285370736956e-06,99.67000000000074,Mixed,timer_il2_menten,0,0.05
5.683628280910374e-06,99.68000000000075,Mixed,timer_il2_menten,0,0.05
5.6700039287984046e-06,99.69000000000075,Mixed,timer_il2_menten,0,0.05
5.656412235924734e-06,99.70000000000076,Mixed,timer_il2_menten,0,0.05
5.642853124001192e-06,99.71000000000076,Mixed,timer_il2_menten,0,0.05
5.629326514927242e-06,99.72000000000077,Mixed,timer_il2_menten,0,0.05
5.615832330789582e-06,99.73000000000077,Mixed,timer_il2_menten,0,0.05
5.602370493861685e-06,99.74000000000078,Mixed,timer_il2_menten,0,0.05
5.588940926603313e-06,99.75000000000078,Mixed,timer_il2_menten,0,0.05
5.575543551660135e-06,99.76000000000079,Mixed,timer_il2_menten,0,0.05
5.562178291863231e-06,99.77000000000079,Mixed,timer_il2_menten,0,0.05
5.548845070228668e-06,99.7800000000008,Mixed,timer_il2_menten,0,0.05
5.5355438099570555e-06,99.7900000000008,Mixed,timer_il2_menten,0,0.05
5.522274434433102e-06,99.80000000000081,Mixed,timer_il2_menten,0,0.05
5.50903686722519e-06,99.81000000000081,Mixed,timer_il2_menten,0,0.05
5.495831032084885e-06,99.82000000000082,Mixed,timer_il2_menten,0,0.05
5.482656852946515e-06,99.83000000000082,Mixed,timer_il2_menten,0,0.05
5.469514253926739e-06,99.84000000000083,Mixed,timer_il2_menten,0,0.05
5.4564031593241876e-06,99.85000000000083,Mixed,timer_il2_menten,0,0.05
5.443323493618959e-06,99.86000000000084,Mixed,timer_il2_menten,0,0.05
5.430275181472136e-06,99.87000000000084,Mixed,timer_il2_menten,0,0.05
5.417258147725367e-06,99.88000000000085,Mixed,timer_il2_menten,0,0.05
5.404272317400454e-06,99.89000000000085,Mixed,timer_il2_menten,0,0.05
5.391317615699012e-06,99.90000000000086,Mixed,timer_il2_menten,0,0.05
5.378393968001982e-06,99.91000000000086,Mixed,timer_il2_menten,0,0.05
5.365501299869112e-06,99.92000000000087,Mixed,timer_il2_menten,0,0.05
5.352639537038564e-06,99.93000000000087,Mixed,timer_il2_menten,0,0.05
5.3398086054265004e-06,99.94000000000088,Mixed,timer_il2_menten,0,0.05
5.3270084311267345e-06,99.95000000000088,Mixed,timer_il2_menten,0,0.05
5.314238940410303e-06,99.96000000000089,Mixed,timer_il2_menten,0,0.05
5.301500059724893e-06,99.9700000000009,Mixed,timer_il2_menten,0,0.05
5.2887917156944906e-06,99.9800000000009,Mixed,timer_il2_menten,0,0.05
5.276113835118944e-06,99.9900000000009,Mixed,timer_il2_menten,0,0.05
5.263466344973649e-06,100.00000000000091,Mixed,timer_il2_menten,0,0.05
5.250849172409084e-06,100.01000000000091,Mixed,timer_il2_menten,0,0.05
5.238262244750304e-06,100.02000000000092,Mixed,timer_il2_menten,0,0.05
5.225705489496546e-06,100.03000000000092,Mixed,timer_il2_menten,0,0.05
5.213178834320813e-06,100.04000000000093,Mixed,timer_il2_menten,0,0.05
5.200682207069541e-06,100.05000000000094,Mixed,timer_il2_menten,0,0.05
5.188215535762244e-06,100.06000000000094,Mixed,timer_il2_menten,0,0.05
5.175778748590846e-06,100.07000000000095,Mixed,timer_il2_menten,0,0.05
5.163371773919397e-06,100.08000000000095,Mixed,timer_il2_menten,0,0.05
5.150994540283626e-06,100.09000000000096,Mixed,timer_il2_menten,0,0.05
5.138646976390524e-06,100.10000000000096,Mixed,timer_il2_menten,0,0.05
5.126329011118162e-06,100.11000000000097,Mixed,timer_il2_menten,0,0.05
5.114040573515143e-06,100.12000000000097,Mixed,timer_il2_menten,0,0.05
5.101781592800027e-06,100.13000000000098,Mixed,timer_il2_menten,0,0.05
5.089551998361025e-06,100.14000000000098,Mixed,timer_il2_menten,0,0.05
5.077351719755582e-06,100.15000000000099,Mixed,timer_il2_menten,0,0.05
5.065180686709962e-06,100.16000000000099,Mixed,timer_il2_menten,0,0.05
5.053038829119096e-06,100.170000000001,Mixed,timer_il2_menten,0,0.05
5.040926077045924e-06,100.180000000001,Mixed,timer_il2_menten,0,0.05
5.028842360720952e-06,100.190000000001,Mixed,timer_il2_menten,0,0.05
5.016787610541908e-06,100.20000000000101,Mixed,timer_il2_menten,0,0.05
5.0047617570733336e-06,100.21000000000102,Mixed,timer_il2_menten,0,0.05
4.9927647310461895e-06,100.22000000000102,Mixed,timer_il2_menten,0,0.05
4.9807964633577226e-06,100.23000000000103,Mixed,timer_il2_menten,0,0.05
4.968856885070719e-06,100.24000000000103,Mixed,timer_il2_menten,0,0.05
4.956945927413167e-06,100.25000000000104,Mixed,timer_il2_menten,0,0.05
4.945063521777879e-06,100.26000000000104,Mixed,timer_il2_menten,0,0.05
4.933209599722097e-06,100.27000000000105,Mixed,timer_il2_menten,0,0.05
4.921384092967127e-06,100.28000000000105,Mixed,timer_il2_menten,0,0.05
4.909586933398184e-06,100.29000000000106,Mixed,timer_il2_menten,0,0.05
4.897818053063615e-06,100.30000000000106,Mixed,timer_il2_menten,0,0.05
4.886077384174622e-06,100.31000000000107,Mixed,timer_il2_menten,0,0.05
4.874364859104881e-06,100.32000000000107,Mixed,timer_il2_menten,0,0.05
4.86268041039014e-06,100.33000000000108,Mixed,timer_il2_menten,0,0.05
4.851023970716418e-06,100.34000000000108,Mixed,timer_il2_menten,0,0.05
4.8393954729733275e-06,100.35000000000109,Mixed,timer_il2_menten,0,0.05
4.827794850156903e-06,100.3600000000011,Mixed,timer_il2_menten,0,0.05
4.816222035450123e-06,100.3700000000011,Mixed,timer_il2_menten,0,0.05
4.804676962194892e-06,100.3800000000011,Mixed,timer_il2_menten,0,0.05
4.79315956389204e-06,100.39000000000111,Mixed,timer_il2_menten,0,0.05
4.78166977420054e-06,100.40000000000111,Mixed,timer_il2_menten,0,0.05
4.7702075269374114e-06,100.41000000000112,Mixed,timer_il2_menten,0,0.05
4.7587727560794e-06,100.42000000000112,Mixed,timer_il2_menten,0,0.05
4.747365395762095e-06,100.43000000000113,Mixed,timer_il2_menten,0,0.05
4.735985380279916e-06,100.44000000000113,Mixed,timer_il2_menten,0,0.05
4.724632644086118e-06,100.45000000000114,Mixed,timer_il2_menten,0,0.05
4.713307121792776e-06,100.46000000000114,Mixed,timer_il2_menten,0,0.05
4.7020087481687984e-06,100.47000000000115,Mixed,timer_il2_menten,0,0.05
4.69073745812025e-06,100.48000000000116,Mixed,timer_il2_menten,0,0.05
4.679493186719483e-06,100.49000000000116,Mixed,timer_il2_menten,0,0.05
4.668275869200866e-06,100.50000000000117,Mixed,timer_il2_menten,0,0.05
4.6570854409562015e-06,100.51000000000117,Mixed,timer_il2_menten,0,0.05
4.64592183753474e-06,100.52000000000118,Mixed,timer_il2_menten,0,0.05
4.634784994643166e-06,100.53000000000118,Mixed,timer_il2_menten,0,0.05
4.62367484814561e-06,100.54000000000119,Mixed,timer_il2_menten,0,0.05
4.61259133404163e-06,100.55000000000119,Mixed,timer_il2_menten,0,0.05
4.601534388463085e-06,100.5600000000012,Mixed,timer_il2_menten,0,0.05
4.590503947722194e-06,100.5700000000012,Mixed,timer_il2_menten,0,0.05
4.5794999482862634e-06,100.5800000000012,Mixed,timer_il2_menten,0,0.05
4.568522326777356e-06,100.59000000000121,Mixed,timer_il2_menten,0,0.05
4.557571019972282e-06,100.60000000000122,Mixed,timer_il2_menten,0,0.05
4.546645964802607e-06,100.61000000000122,Mixed,timer_il2_menten,0,0.05
4.535747098350664e-06,100.62000000000123,Mixed,timer_il2_menten,0,0.05
4.52487435781048e-06,100.63000000000123,Mixed,timer_il2_menten,0,0.05
4.514027680545661e-06,100.64000000000124,Mixed,timer_il2_menten,0,0.05
4.503207004080879e-06,100.65000000000124,Mixed,timer_il2_menten,0,0.05
4.492412266092798e-06,100.66000000000125,Mixed,timer_il2_menten,0,0.05
4.481643404410074e-06,100.67000000000125,Mixed,timer_il2_menten,0,0.05
4.470900357013354e-06,100.68000000000126,Mixed,timer_il2_menten,0,0.05
4.460183062035272e-06,100.69000000000126,Mixed,timer_il2_menten,0,0.05
4.4494914577382715e-06,100.70000000000127,Mixed,timer_il2_menten,0,0.05
4.43882548251145e-06,100.71000000000127,Mixed,timer_il2_menten,0,0.05
4.4281850749189885e-06,100.72000000000128,Mixed,timer_il2_menten,0,0.05
4.417570173674694e-06,100.73000000000128,Mixed,timer_il2_menten,0,0.05
4.406980717641657e-06,100.74000000000129,Mixed,timer_il2_menten,0,0.05
4.3964166458322455e-06,100.7500000000013,Mixed,timer_il2_menten,0,0.05
4.385877897408109e-06,100.7600000000013,Mixed,timer_il2_menten,0,0.05
4.375364411676341e-06,100.7700000000013,Mixed,timer_il2_menten,0,0.05
4.364876128051751e-06,100.78000000000131,Mixed,timer_il2_menten,0,0.05
4.3544129861127524e-06,100.79000000000131,Mixed,timer_il2_menten,0,0.05
4.343974925593129e-06,100.80000000000132,Mixed,timer_il2_menten,0,0.05
4.333561886373279e-06,100.81000000000132,Mixed,timer_il2_menten,0,0.05
4.323173808480221e-06,100.82000000000133,Mixed,timer_il2_menten,0,0.05
4.3128106320875875e-06,100.83000000000133,Mixed,timer_il2_menten,0,0.05
4.3024722975156284e-06,100.84000000000134,Mixed,timer_il2_menten,0,0.05
4.2921587452098125e-06,100.85000000000134,Mixed,timer_il2_menten,0,0.05
4.281869915737767e-06,100.86000000000135,Mixed,timer_il2_menten,0,0.05
4.271605749836032e-06,100.87000000000135,Mixed,timer_il2_menten,0,0.05
4.261366188385477e-06,100.88000000000136,Mixed,timer_il2_menten,0,0.05
4.251151172410973e-06,100.89000000000136,Mixed,timer_il2_menten,0,0.05
4.240960643081397e-06,100.90000000000137,Mixed,timer_il2_menten,0,0.05
4.23079454170962e-06,100.91000000000138,Mixed,timer_il2_menten,0,0.05
4.2206528097488215e-06,100.92000000000138,Mixed,timer_il2_menten,0,0.05
4.2105353887560834e-06,100.93000000000139,Mixed,timer_il2_menten,0,0.05
4.200442220446313e-06,100.94000000000139,Mixed,timer_il2_menten,0,0.05
4.190373246684286e-06,100.9500000000014,Mixed,timer_il2_menten,0,0.05
4.180328409476213e-06,100.9600000000014,Mixed,timer_il2_menten,0,0.05
4.17030765096974e-06,100.9700000000014,Mixed,timer_il2_menten,0,0.05
4.160310913453943e-06,100.98000000000141,Mixed,timer_il2_menten,0,0.05
4.150338139359328e-06,100.99000000000142,Mixed,timer_il2_menten,0,0.05
4.140389271237197e-06,101.00000000000142,Mixed,timer_il2_menten,0,0.05
4.130464251756688e-06,101.01000000000143,Mixed,timer_il2_menten,0,0.05
4.1205630237498785e-06,101.02000000000143,Mixed,timer_il2_menten,0,0.05
4.110685530188075e-06,101.03000000000144,Mixed,timer_il2_menten,0,0.05
4.100831714181491e-06,101.04000000000144,Mixed,timer_il2_menten,0,0.05
4.0910015189792515e-06,101.05000000000145,Mixed,timer_il2_menten,0,0.05
4.0811948879693925e-06,101.06000000000145,Mixed,timer_il2_menten,0,0.05
4.071411764675288e-06,101.07000000000146,Mixed,timer_il2_menten,0,0.05
4.061652092720547e-06,101.08000000000146,Mixed,timer_il2_menten,0,0.05
4.051915815881018e-06,101.09000000000147,Mixed,timer_il2_menten,0,0.05
4.042202878077123e-06,101.10000000000147,Mixed,timer_il2_menten,0,0.05
4.032513223365716e-06,101.11000000000148,Mixed,timer_il2_menten,0,0.05
4.022846795940086e-06,101.12000000000148,Mixed,timer_il2_menten,0,0.05
4.013203540129946e-06,101.13000000000149,Mixed,timer_il2_menten,0,0.05
4.003583400401448e-06,101.14000000000149,Mixed,timer_il2_menten,0,0.05
3.993986321337258e-06,101.1500000000015,Mixed,timer_il2_menten,0,0.05
3.984412247633721e-06,101.1600000000015,Mixed,timer_il2_menten,0,0.05
3.974861124144353e-06,101.17000000000151,Mixed,timer_il2_menten,0,0.05
3.965332895856979e-06,101.18000000000151,Mixed,timer_il2_menten,0,0.05
3.955827507893419e-06,101.19000000000152,Mixed,timer_il2_menten,0,0.05
3.946344905509493e-06,101.20000000000152,Mixed,timer_il2_menten,0,0.05
3.936885034095016e-06,101.21000000000153,Mixed,timer_il2_menten,0,0.05
3.9274478391703615e-06,101.22000000000153,Mixed,timer_il2_menten,0,0.05
3.9180332663525925e-06,101.23000000000154,Mixed,timer_il2_menten,0,0.05
3.908641261405624e-06,101.24000000000154,Mixed,timer_il2_menten,0,0.05
3.899271770232838e-06,101.25000000000155,Mixed,timer_il2_menten,0,0.05
3.889924738869221e-06,101.26000000000155,Mixed,timer_il2_menten,0,0.05
3.8806001134813684e-06,101.27000000000156,Mixed,timer_il2_menten,0,0.05
3.871297840367483e-06,101.28000000000156,Mixed,timer_il2_menten,0,0.05
3.862017865957372e-06,101.29000000000157,Mixed,timer_il2_menten,0,0.05
3.852760136793247e-06,101.30000000000157,Mixed,timer_il2_menten,0,0.05
3.84352459952697e-06,101.31000000000158,Mixed,timer_il2_menten,0,0.05
3.834311200962024e-06,101.32000000000158,Mixed,timer_il2_menten,0,0.05
3.825119888031446e-06,101.33000000000159,Mixed,timer_il2_menten,0,0.05
3.815950607797532e-06,101.3400000000016,Mixed,timer_il2_menten,0,0.05
3.806803307451842e-06,101.3500000000016,Mixed,timer_il2_menten,0,0.05
3.79767793431519e-06,101.3600000000016,Mixed,timer_il2_menten,0,0.05
3.7885744358343344e-06,101.37000000000161,Mixed,timer_il2_menten,0,0.05
3.7794927595492997e-06,101.38000000000162,Mixed,timer_il2_menten,0,0.05
3.770432853141777e-06,101.39000000000162,Mixed,timer_il2_menten,0,0.05
3.7613946644279852e-06,101.40000000000163,Mixed,timer_il2_menten,0,0.05
3.7523781413511003e-06,101.41000000000163,Mixed,timer_il2_menten,0,0.05
3.7433832319812507e-06,101.42000000000164,Mixed,timer_il2_menten,0,0.05
3.734409884515517e-06,101.43000000000164,Mixed,timer_il2_menten,0,0.05
3.725458047277937e-06,101.44000000000165,Mixed,timer_il2_menten,0,0.05
3.716527668732906e-06,101.45000000000165,Mixed,timer_il2_menten,0,0.05
3.707618697336932e-06,101.46000000000166,Mixed,timer_il2_menten,0,0.05
3.698731081833368e-06,101.47000000000166,Mixed,timer_il2_menten,0,0.05
3.6898647710276906e-06,101.48000000000167,Mixed,timer_il2_menten,0,0.05
3.681019713851463e-06,101.49000000000167,Mixed,timer_il2_menten,0,0.05
3.6721958593620275e-06,101.50000000000168,Mixed,timer_il2_menten,0,0.05
3.6633931567422064e-06,101.51000000000168,Mixed,timer_il2_menten,0,0.05
3.6546115552905003e-06,101.52000000000169,Mixed,timer_il2_menten,0,0.05
3.645851004337644e-06,101.53000000000169,Mixed,timer_il2_menten,0,0.05
3.6371114533964794e-06,101.5400000000017,Mixed,timer_il2_menten,0,0.05
3.62839285212621e-06,101.5500000000017,Mixed,timer_il2_menten,0,0.05
3.61969515030854e-06,101.56000000000171,Mixed,timer_il2_menten,0,0.05
3.6110182978473256e-06,101.57000000000171,Mixed,timer_il2_menten,0,0.05
3.6023622447682393e-06,101.58000000000172,Mixed,timer_il2_menten,0,0.05
3.5937269412184267e-06,101.59000000000172,Mixed,timer_il2_menten,0,0.05
3.585112337466167e-06,101.60000000000173,Mixed,timer_il2_menten,0,0.05
3.576518383900528e-06,101.61000000000173,Mixed,timer_il2_menten,0,0.05
3.5679450310310304e-06,101.62000000000174,Mixed,timer_il2_menten,0,0.05
3.5593922294873047e-06,101.63000000000174,Mixed,timer_il2_menten,0,0.05
3.5508599300187477e-06,101.64000000000175,Mixed,timer_il2_menten,0,0.05
3.5423480834941844e-06,101.65000000000175,Mixed,timer_il2_menten,0,0.05
3.5338566409015255e-06,101.66000000000176,Mixed,timer_il2_menten,0,0.05
3.5253855533474272e-06,101.67000000000176,Mixed,timer_il2_menten,0,0.05
3.51693477205695e-06,101.68000000000177,Mixed,timer_il2_menten,0,0.05
3.508504248373217e-06,101.69000000000177,Mixed,timer_il2_menten,0,0.05
3.5000939337570735e-06,101.70000000000178,Mixed,timer_il2_menten,0,0.05
3.491703779786746e-06,101.71000000000178,Mixed,timer_il2_menten,0,0.05
3.4833337381574994e-06,101.72000000000179,Mixed,timer_il2_menten,0,0.05
3.4749837606812997e-06,101.7300000000018,Mixed,timer_il2_menten,0,0.05
3.466653799286469e-06,101.7400000000018,Mixed,timer_il2_menten,0,0.05
3.4583438060173467e-06,101.7500000000018,Mixed,timer_il2_menten,0,0.05
3.4500537329827332e-06,101.76000000000181,Mixed,timer_il2_menten,0,0.05
3.4417835323561153e-06,101.77000000000182,Mixed,timer_il2_menten,0,0.05
3.4335331565030815e-06,101.78000000000182,Mixed,timer_il2_menten,0,0.05
3.425302557903862e-06,101.79000000000183,Mixed,timer_il2_menten,0,0.05
3.4170916891514064e-06,101.80000000000183,Mixed,timer_il2_menten,0,0.05
3.408900502951001e-06,101.81000000000184,Mixed,timer_il2_menten,0,0.05
3.4007289521198877e-06,101.82000000000184,Mixed,timer_il2_menten,0,0.05
3.392576989586875e-06,101.83000000000185,Mixed,timer_il2_menten,0,0.05
3.3844445683919637e-06,101.84000000000185,Mixed,timer_il2_menten,0,0.05
3.3763316416859595e-06,101.85000000000186,Mixed,timer_il2_menten,0,0.05
3.368238162730091e-06,101.86000000000186,Mixed,timer_il2_menten,0,0.05
3.3601640848956253e-06,101.87000000000187,Mixed,timer_il2_menten,0,0.05
3.3521093616634886e-06,101.88000000000187,Mixed,timer_il2_menten,0,0.05
3.3440739466238788e-06,101.89000000000188,Mixed,timer_il2_menten,0,0.05
3.33605779347589e-06,101.90000000000188,Mixed,timer_il2_menten,0,0.05
3.328060856027122e-06,101.91000000000189,Mixed,timer_il2_menten,0,0.05
3.3200830881932995e-06,101.92000000000189,Mixed,timer_il2_menten,0,0.05
3.3121244439978936e-06,101.9300000000019,Mixed,timer_il2_menten,0,0.05
3.3041848775717343e-06,101.9400000000019,Mixed,timer_il2_menten,0,0.05
3.29626434315263e-06,101.9500000000019,Mixed,timer_il2_menten,0,0.05
3.2883627950849836e-06,101.96000000000191,Mixed,timer_il2_menten,0,0.05
3.2804801878194108e-06,101.97000000000192,Mixed,timer_il2_menten,0,0.05
3.2726164759123557e-06,101.98000000000192,Mixed,timer_il2_menten,0,0.05
3.2647716140415057e-06,101.99000000000193,Mixed,timer_il2_menten,0,0.05
3.256945557214972e-06,102.00000000000193,Mixed,timer_il2_menten,0,0.05
3.24913826042605e-06,102.01000000000194,Mixed,timer_il2_menten,0,0.05
3.2413496787055037e-06,102.02000000000194,Mixed,timer_il2_menten,0,0.05
3.2335797671916114e-06,102.03000000000195,Mixed,timer_il2_menten,0,0.05
3.2258284811298747e-06,102.04000000000195,Mixed,timer_il2_menten,0,0.05
3.2180957758727325e-06,102.05000000000196,Mixed,timer_il2_menten,0,0.05
3.210381606879275e-06,102.06000000000196,Mixed,timer_il2_menten,0,0.05
3.2026859297149533e-06,102.07000000000197,Mixed,timer_il2_menten,0,0.05
3.195008700051295e-06,102.08000000000197,Mixed,timer_il2_menten,0,0.05
3.187349873665617e-06,102.09000000000198,Mixed,timer_il2_menten,0,0.05
3.1797094064407373e-06,102.10000000000198,Mixed,timer_il2_menten,0,0.05
3.1720872543646886e-06,102.11000000000199,Mixed,timer_il2_menten,0,0.05
3.1644833735304278e-06,102.120000000002,Mixed,timer_il2_menten,0,0.05
3.156897720135556e-06,102.130000000002,Mixed,timer_il2_menten,0,0.05
3.1493302504820235e-06,102.140000000002,Mixed,timer_il2_menten,0,0.05
3.141780920975848e-06,102.15000000000201,Mixed,timer_il2_menten,0,0.05
3.134249688126824e-06,102.16000000000201,Mixed,timer_il2_menten,0,0.05
3.1267365085482395e-06,102.17000000000202,Mixed,timer_il2_menten,0,0.05
3.119241338956582e-06,102.18000000000202,Mixed,timer_il2_menten,0,0.05
3.1117641361712615e-06,102.19000000000203,Mixed,timer_il2_menten,0,0.05
3.1043048571143137e-06,102.20000000000203,Mixed,timer_il2_menten,0,0.05
3.096863458810117e-06,102.21000000000204,Mixed,timer_il2_menten,0,0.05
3.089439898385107e-06,102.22000000000205,Mixed,timer_il2_menten,0,0.05
3.082034133095161e-06,102.23000000000205,Mixed,timer_il2_menten,0,0.05
3.0746461203380083e-06,102.24000000000206,Mixed,timer_il2_menten,0,0.05
3.0672758175613034e-06,102.25000000000206,Mixed,timer_il2_menten,0,0.05
3.059923182312572e-06,102.26000000000207,Mixed,timer_il2_menten,0,0.05
3.0525881722409725e-06,102.27000000000207,Mixed,timer_il2_menten,0,0.05
3.0452707450970365e-06,102.28000000000208,Mixed,timer_il2_menten,0,0.05
3.037970858732411e-06,102.29000000000208,Mixed,timer_il2_menten,0,0.05
3.0306884710995923e-06,102.30000000000209,Mixed,timer_il2_menten,0,0.05
3.0234235402516674e-06,102.31000000000209,Mixed,timer_il2_menten,0,0.05
3.016176024342057e-06,102.3200000000021,Mixed,timer_il2_menten,0,0.05
3.008945881624252e-06,102.3300000000021,Mixed,timer_il2_menten,0,0.05
3.0017330704515506e-06,102.3400000000021,Mixed,timer_il2_menten,0,0.05
2.994537549276803e-06,102.35000000000211,Mixed,timer_il2_menten,0,0.05
2.9873592766521477e-06,102.36000000000212,Mixed,timer_il2_menten,0,0.05
2.980198211228751e-06,102.37000000000212,Mixed,timer_il2_menten,0,0.05
2.9730543117565473e-06,102.38000000000213,Mixed,timer_il2_menten,0,0.05
2.9659275370839783e-06,102.39000000000213,Mixed,timer_il2_menten,0,0.05
2.958817846157731e-06,102.40000000000214,Mixed,timer_il2_menten,0,0.05
2.9517251980224813e-06,102.41000000000214,Mixed,timer_il2_menten,0,0.05
2.944649551820629e-06,102.42000000000215,Mixed,timer_il2_menten,0,0.05
2.9375908667920374e-06,102.43000000000215,Mixed,timer_il2_menten,0,0.05
2.9305491022737773e-06,102.44000000000216,Mixed,timer_il2_menten,0,0.05
2.9235242176998624e-06,102.45000000000216,Mixed,timer_il2_menten,0,0.05
2.9165161726024612e-06,102.46000000000217,Mixed,timer_il2_menten,0,0.05
2.9095249266432142e-06,102.47000000000217,Mixed,timer_il2_menten,0,0.05
2.9025504395657463e-06,102.48000000000218,Mixed,timer_il2_menten,0,0.05
2.895592671197441e-06,102.49000000000218,Mixed,timer_il2_menten,0,0.05
2.8886515814618612e-06,102.50000000000219,Mixed,timer_il2_menten,0,0.05
2.8817271303785075e-06,102.5100000000022,Mixed,timer_il2_menten,0,0.05
2.8748192780625642e-06,102.5200000000022,Mixed,timer_il2_menten,0,0.05
2.8679279847246604e-06,102.5300000000022,Mixed,timer_il2_menten,0,0.05
2.861053210670621e-06,102.54000000000221,Mixed,timer_il2_menten,0,0.05
2.8541949163012163e-06,102.54,Mixed,timer_il2_menten,0,0.05
2.8473530622865896e-06,102.55000000000001,Mixed,timer_il2_menten,0,0.05
2.8405276087575705e-06,102.56000000000002,Mixed,timer_il2_menten,0,0.05
2.833718516675377e-06,102.57000000000002,Mixed,timer_il2_menten,0,0.05
2.8269257468197153e-06,102.58000000000003,Mixed,timer_il2_menten,0,0.05
2.820149260064153e-06,102.59000000000003,Mixed,timer_il2_menten,0,0.05
2.8133890173761363e-06,102.60000000000004,Mixed,timer_il2_menten,0,0.05
2.8066449798166534e-06,102.61000000000004,Mixed,timer_il2_menten,0,0.05
2.799917108539996e-06,102.62000000000005,Mixed,timer_il2_menten,0,0.05
2.7932053647936277e-06,102.63000000000005,Mixed,timer_il2_menten,0,0.05
2.7865097099178846e-06,102.64000000000006,Mixed,timer_il2_menten,0,0.05
2.7798301053457736e-06,102.65000000000006,Mixed,timer_il2_menten,0,0.05
2.7731665126027555e-06,102.66000000000007,Mixed,timer_il2_menten,0,0.05
2.766518893306518e-06,102.67000000000007,Mixed,timer_il2_menten,0,0.05
2.759887209166754e-06,102.68000000000008,Mixed,timer_il2_menten,0,0.05
2.7532714219849493e-06,102.69000000000008,Mixed,timer_il2_menten,0,0.05
2.7466714936541446e-06,102.70000000000009,Mixed,timer_il2_menten,0,0.05
2.7400873861587408e-06,102.7100000000001,Mixed,timer_il2_menten,0,0.05
2.7335190615742534e-06,102.7200000000001,Mixed,timer_il2_menten,0,0.05
2.726966482067121e-06,102.7300000000001,Mixed,timer_il2_menten,0,0.05
2.720429609894462e-06,102.74000000000011,Mixed,timer_il2_menten,0,0.05
2.7139084074038815e-06,102.75000000000011,Mixed,timer_il2_menten,0,0.05
2.707402837033227e-06,102.76000000000012,Mixed,timer_il2_menten,0,0.05
2.7009128613104026e-06,102.77000000000012,Mixed,timer_il2_menten,0,0.05
2.6944384428531234e-06,102.78000000000013,Mixed,timer_il2_menten,0,0.05
2.6879795443687294e-06,102.79000000000013,Mixed,timer_il2_menten,0,0.05
2.6815361286539377e-06,102.80000000000014,Mixed,timer_il2_menten,0,0.05
2.6751081585946647e-06,102.81000000000014,Mixed,timer_il2_menten,0,0.05
2.6686955971657783e-06,102.82000000000015,Mixed,timer_il2_menten,0,0.05
2.6622984074309066e-06,102.83000000000015,Mixed,timer_il2_menten,0,0.05
2.6559165525422253e-06,102.84000000000016,Mixed,timer_il2_menten,0,0.05
2.6495499957402255e-06,102.85000000000016,Mixed,timer_il2_menten,0,0.05
2.6431987003535315e-06,102.86000000000017,Mixed,timer_il2_menten,0,0.05
2.6368626297986597e-06,102.87000000000018,Mixed,timer_il2_menten,0,0.05
2.630541747579821e-06,102.88000000000018,Mixed,timer_il2_menten,0,0.05
2.6242360172887263e-06,102.89000000000019,Mixed,timer_il2_menten,0,0.05
2.617945402604342e-06,102.90000000000019,Mixed,timer_il2_menten,0,0.05
2.6116698672927193e-06,102.9100000000002,Mixed,timer_il2_menten,0,0.05
2.6054093752067526e-06,102.9200000000002,Mixed,timer_il2_menten,0,0.05
2.599163890285987e-06,102.9300000000002,Mixed,timer_il2_menten,0,0.05
2.5929333765564186e-06,102.94000000000021,Mixed,timer_il2_menten,0,0.05
2.586717798130265e-06,102.95000000000022,Mixed,timer_il2_menten,0,0.05
2.580517119205784e-06,102.96000000000022,Mixed,timer_il2_menten,0,0.05
2.5743313040670445e-06,102.97000000000023,Mixed,timer_il2_menten,0,0.05
2.5681603170837302e-06,102.98000000000023,Mixed,timer_il2_menten,0,0.05
2.562004122710947e-06,102.99000000000024,Mixed,timer_il2_menten,0,0.05
2.5558626854889926e-06,103.00000000000024,Mixed,timer_il2_menten,0,0.05
2.5497359700431743e-06,103.01000000000025,Mixed,timer_il2_menten,0,0.05
2.543623941083593e-06,103.02000000000025,Mixed,timer_il2_menten,0,0.05
2.537526563404944e-06,103.03000000000026,Mixed,timer_il2_menten,0,0.05
2.5314438018863166e-06,103.04000000000026,Mixed,timer_il2_menten,0,0.05
2.525375621490987e-06,103.05000000000027,Mixed,timer_il2_menten,0,0.05
2.519321987266219e-06,103.06000000000027,Mixed,timer_il2_menten,0,0.05
2.5132828643430634e-06,103.07000000000028,Mixed,timer_il2_menten,0,0.05
2.507258217936156e-06,103.08000000000028,Mixed,timer_il2_menten,0,0.05
2.5012480133435145e-06,103.09000000000029,Mixed,timer_il2_menten,0,0.05
2.4952522159463463e-06,103.10000000000029,Mixed,timer_il2_menten,0,0.05
2.48927079120884e-06,103.1100000000003,Mixed,timer_il2_menten,0,0.05
2.483303704677975e-06,103.1200000000003,Mixed,timer_il2_menten,0,0.05
2.4773509219833124e-06,103.13000000000031,Mixed,timer_il2_menten,0,0.05
2.4714124088368117e-06,103.14000000000031,Mixed,timer_il2_menten,0,0.05
2.465488131032618e-06,103.15000000000032,Mixed,timer_il2_menten,0,0.05
2.4595780544468763e-06,103.16000000000032,Mixed,timer_il2_menten,0,0.05
2.453682145037528e-06,103.17000000000033,Mixed,timer_il2_menten,0,0.05
2.4478003688441193e-06,103.18000000000033,Mixed,timer_il2_menten,0,0.05
2.4419326919876023e-06,103.19000000000034,Mixed,timer_il2_menten,0,0.05
2.4360790806701434e-06,103.20000000000034,Mixed,timer_il2_menten,0,0.05
2.4302395011749242e-06,103.21000000000035,Mixed,timer_il2_menten,0,0.05
2.4244139198659504e-06,103.22000000000035,Mixed,timer_il2_menten,0,0.05
2.4186023031878588e-06,103.23000000000036,Mixed,timer_il2_menten,0,0.05
2.4128046176657206e-06,103.24000000000036,Mixed,timer_il2_menten,0,0.05
2.4070208299048527e-06,103.25000000000037,Mixed,timer_il2_menten,0,0.05
2.401250906590618e-06,103.26000000000037,Mixed,timer_il2_menten,0,0.05
2.3954948144882444e-06,103.27000000000038,Mixed,timer_il2_menten,0,0.05
2.3897525204426273e-06,103.28000000000038,Mixed,timer_il2_menten,0,0.05
2.384023991378134e-06,103.29000000000039,Mixed,timer_il2_menten,0,0.05
2.3783091942984214e-06,103.3000000000004,Mixed,timer_il2_menten,0,0.05
2.372608096286246e-06,103.3100000000004,Mixed,timer_il2_menten,0,0.05
2.3669206645032627e-06,103.3200000000004,Mixed,timer_il2_menten,0,0.05
2.3612468661898505e-06,103.33000000000041,Mixed,timer_il2_menten,0,0.05
2.355586668664917e-06,103.34000000000042,Mixed,timer_il2_menten,0,0.05
2.349940039325709e-06,103.35000000000042,Mixed,timer_il2_menten,0,0.05
2.3443069456476234e-06,103.36000000000043,Mixed,timer_il2_menten,0,0.05
2.3386873551840252e-06,103.37000000000043,Mixed,timer_il2_menten,0,0.05
2.3330812355660615e-06,103.38000000000044,Mixed,timer_il2_menten,0,0.05
2.3274885545024633e-06,103.39000000000044,Mixed,timer_il2_menten,0,0.05
2.3219092797793737e-06,103.40000000000045,Mixed,timer_il2_menten,0,0.05
2.3163433792601574e-06,103.41000000000045,Mixed,timer_il2_menten,0,0.05
2.310790820885208e-06,103.42000000000046,Mixed,timer_il2_menten,0,0.05
2.3052515726717758e-06,103.43000000000046,Mixed,timer_il2_menten,0,0.05
2.2997256027137757e-06,103.44000000000047,Mixed,timer_il2_menten,0,0.05
2.2942128791816075e-06,103.45000000000047,Mixed,timer_il2_menten,0,0.05
2.2887133703219646e-06,103.46000000000048,Mixed,timer_il2_menten,0,0.05
2.2832270444576623e-06,103.47000000000048,Mixed,timer_il2_menten,0,0.05
2.2777538699874506e-06,103.48000000000049,Mixed,timer_il2_menten,0,0.05
2.2722938153858264e-06,103.49000000000049,Mixed,timer_il2_menten,0,0.05
2.2668468492028606e-06,103.5000000000005,Mixed,timer_il2_menten,0,0.05
2.2614129400640158e-06,103.5100000000005,Mixed,timer_il2_menten,0,0.05
2.255992056669956e-06,103.52000000000051,Mixed,timer_il2_menten,0,0.05
2.2505841677963803e-06,103.53000000000051,Mixed,timer_il2_menten,0,0.05
2.2451892422938335e-06,103.54000000000052,Mixed,timer_il2_menten,0,0.05
2.239807249087532e-06,103.55000000000052,Mixed,timer_il2_menten,0,0.05
2.234438157177175e-06,103.56000000000053,Mixed,timer_il2_menten,0,0.05
2.2290819356367813e-06,103.57000000000053,Mixed,timer_il2_menten,0,0.05
2.2237385536145008e-06,103.58000000000054,Mixed,timer_il2_menten,0,0.05
2.2184079803324388e-06,103.59000000000054,Mixed,timer_il2_menten,0,0.05
2.2130901850864748e-06,103.60000000000055,Mixed,timer_il2_menten,0,0.05
2.207785137246096e-06,103.61000000000055,Mixed,timer_il2_menten,0,0.05
2.2024928062542116e-06,103.62000000000056,Mixed,timer_il2_menten,0,0.05
2.1972131616269828e-06,103.63000000000056,Mixed,timer_il2_menten,0,0.05
2.191946172953638e-06,103.64000000000057,Mixed,timer_il2_menten,0,0.05
2.186691809896309e-06,103.65000000000057,Mixed,timer_il2_menten,0,0.05
2.1814500421898515e-06,103.66000000000058,Mixed,timer_il2_menten,0,0.05
2.17622083964167e-06,103.67000000000058,Mixed,timer_il2_menten,0,0.05
2.1710041721315395e-06,103.68000000000059,Mixed,timer_il2_menten,0,0.05
2.1658000096114434e-06,103.6900000000006,Mixed,timer_il2_menten,0,0.05
2.1606083221053925e-06,103.7000000000006,Mixed,timer_il2_menten,0,0.05
2.155429079709249e-06,103.7100000000006,Mixed,timer_il2_menten,0,0.05
2.1502622525905626e-06,103.72000000000061,Mixed,timer_il2_menten,0,0.05
2.145107810988397e-06,103.73000000000062,Mixed,timer_il2_menten,0,0.05
2.139965725213156e-06,103.74000000000062,Mixed,timer_il2_menten,0,0.05
2.1348359656464066e-06,103.75000000000063,Mixed,timer_il2_menten,0,0.05
2.129718502740721e-06,103.76000000000063,Mixed,timer_il2_menten,0,0.05
2.1246133070195e-06,103.77000000000064,Mixed,timer_il2_menten,0,0.05
2.1195203490768015e-06,103.78000000000064,Mixed,timer_il2_menten,0,0.05
2.114439599577174e-06,103.79000000000065,Mixed,timer_il2_menten,0,0.05
2.1093710292554854e-06,103.80000000000065,Mixed,timer_il2_menten,0,0.05
2.1043146089167577e-06,103.81000000000066,Mixed,timer_il2_menten,0,0.05
2.0992703094359955e-06,103.82000000000066,Mixed,timer_il2_menten,0,0.05
2.0942381017580194e-06,103.83000000000067,Mixed,timer_il2_menten,0,0.05
2.0892179568973e-06,103.84000000000067,Mixed,timer_il2_menten,0,0.05
2.0842098459377878e-06,103.85000000000068,Mixed,timer_il2_menten,0,0.05
2.0792137400327516e-06,103.86000000000068,Mixed,timer_il2_menten,0,0.05
2.0742296104046065e-06,103.87000000000069,Mixed,timer_il2_menten,0,0.05
2.0692574283447517e-06,103.88000000000069,Mixed,timer_il2_menten,0,0.05
2.0642971652134054e-06,103.8900000000007,Mixed,timer_il2_menten,0,0.05
2.059348792439438e-06,103.9000000000007,Mixed,timer_il2_menten,0,0.05
2.0544122815202093e-06,103.91000000000071,Mixed,timer_il2_menten,0,0.05
2.0494876040214015e-06,103.92000000000071,Mixed,timer_il2_menten,0,0.05
2.0445747315768597e-06,103.93000000000072,Mixed,timer_il2_menten,0,0.05
2.0396736358884244e-06,103.94000000000072,Mixed,timer_il2_menten,0,0.05
2.034784288725771e-06,103.95000000000073,Mixed,timer_il2_menten,0,0.05
2.029906661926247e-06,103.96000000000073,Mixed,timer_il2_menten,0,0.05
2.0250407273947077e-06,103.97000000000074,Mixed,timer_il2_menten,0,0.05
2.020186457103357e-06,103.98000000000074,Mixed,timer_il2_menten,0,0.05
2.015343823091585e-06,103.99000000000075,Mixed,timer_il2_menten,0,0.05
2.0105127974658057e-06,104.00000000000075,Mixed,timer_il2_menten,0,0.05
2.0056933523992987e-06,104.01000000000076,Mixed,timer_il2_menten,0,0.05
2.000885460132046e-06,104.02000000000076,Mixed,timer_il2_menten,0,0.05
1.996089092970576e-06,104.03000000000077,Mixed,timer_il2_menten,0,0.05
1.991304223287802e-06,104.04000000000077,Mixed,timer_il2_menten,0,0.05
1.9865308235228583e-06,104.05000000000078,Mixed,timer_il2_menten,0,0.05
1.98176886618095e-06,104.06000000000078,Mixed,timer_il2_menten,0,0.05
1.9770183238331903e-06,104.07000000000079,Mixed,timer_il2_menten,0,0.05
1.9722791691164428e-06,104.0800000000008,Mixed,timer_il2_menten,0,0.05
1.9675513747331638e-06,104.0900000000008,Mixed,timer_il2_menten,0,0.05
1.962834913451244e-06,104.1000000000008,Mixed,timer_il2_menten,0,0.05
1.9581297581038523e-06,104.11000000000081,Mixed,timer_il2_menten,0,0.05
1.95343588158928e-06,104.12000000000081,Mixed,timer_il2_menten,0,0.05
1.948753256870793e-06,104.13000000000082,Mixed,timer_il2_menten,0,0.05
1.9440818569764646e-06,104.14000000000082,Mixed,timer_il2_menten,0,0.05
1.939421654999014e-06,104.15000000000083,Mixed,timer_il2_menten,0,0.05
1.934772624095657e-06,104.16000000000084,Mixed,timer_il2_menten,0,0.05
1.9301347374879474e-06,104.17000000000084,Mixed,timer_il2_menten,0,0.05
1.925507968461665e-06,104.18000000000085,Mixed,timer_il2_menten,0,0.05
1.9208922903666195e-06,104.19000000000085,Mixed,timer_il2_menten,0,0.05
1.916287676616488e-06,104.20000000000086,Mixed,timer_il2_menten,0,0.05
1.9116941006886713e-06,104.21000000000086,Mixed,timer_il2_menten,0,0.05
1.9071115361241368e-06,104.22000000000087,Mixed,timer_il2_menten,0,0.05
1.9025399565273202e-06,104.23000000000087,Mixed,timer_il2_menten,0,0.05
1.897979335565928e-06,104.24000000000088,Mixed,timer_il2_menten,0,0.05
1.8934296469707672e-06,104.25000000000088,Mixed,timer_il2_menten,0,0.05
1.8888908645356087e-06,104.26000000000089,Mixed,timer_il2_menten,0,0.05
1.884362962117032e-06,104.27000000000089,Mixed,timer_il2_menten,0,0.05
1.879845913634319e-06,104.2800000000009,Mixed,timer_il2_menten,0,0.05
1.8753396930692805e-06,104.2900000000009,Mixed,timer_il2_menten,0,0.05
1.8708442744660706e-06,104.3000000000009,Mixed,timer_il2_menten,0,0.05
1.8663596319310565e-06,104.31000000000091,Mixed,timer_il2_menten,0,0.05
1.861885739632665e-06,104.32000000000092,Mixed,timer_il2_menten,0,0.05
1.8574225718012678e-06,104.33000000000092,Mixed,timer_il2_menten,0,0.05
1.8529701027290347e-06,104.34000000000093,Mixed,timer_il2_menten,0,0.05
1.8485283067697288e-06,104.35000000000093,Mixed,timer_il2_menten,0,0.05
1.8440971583385844e-06,104.36000000000094,Mixed,timer_il2_menten,0,0.05
1.8396766319121554e-06,104.37000000000094,Mixed,timer_il2_menten,0,0.05
1.8352667020281987e-06,104.38000000000095,Mixed,timer_il2_menten,0,0.05
1.8308673432855487e-06,104.39000000000095,Mixed,timer_il2_menten,0,0.05
1.8264785303438836e-06,104.40000000000096,Mixed,timer_il2_menten,0,0.05
1.8221002379236185e-06,104.41000000000096,Mixed,timer_il2_menten,0,0.05
1.8177324408057565e-06,104.42000000000097,Mixed,timer_il2_menten,0,0.05
1.8133751138317365e-06,104.43000000000097,Mixed,timer_il2_menten,0,0.05
1.809028231903367e-06,104.44000000000098,Mixed,timer_il2_menten,0,0.05
1.8046917699826374e-06,104.45000000000098,Mixed,timer_il2_menten,0,0.05
1.8003657030915142e-06,104.46000000000099,Mixed,timer_il2_menten,0,0.05
1.79605000631183e-06,104.470000000001,Mixed,timer_il2_menten,0,0.05
1.79174465478514e-06,104.480000000001,Mixed,timer_il2_menten,0,0.05
1.7874496237125734e-06,104.490000000001,Mixed,timer_il2_menten,0,0.05
1.7831648883547787e-06,104.50000000000101,Mixed,timer_il2_menten,0,0.05
1.778890424031695e-06,104.51000000000101,Mixed,timer_il2_menten,0,0.05
1.7746262061223928e-06,104.52000000000102,Mixed,timer_il2_menten,0,0.05
1.7703722100649533e-06,104.53000000000102,Mixed,timer_il2_menten,0,0.05
1.766128411356326e-06,104.54000000000103,Mixed,timer_il2_menten,0,0.05
1.7618947855521866e-06,104.55000000000103,Mixed,timer_il2_menten,0,0.05
1.7576713082668893e-06,104.56000000000104,Mixed,timer_il2_menten,0,0.05
1.753457955173211e-06,104.57000000000104,Mixed,timer_il2_menten,0,0.05
1.7492547020022213e-06,104.58000000000105,Mixed,timer_il2_menten,0,0.05
1.7450615245431578e-06,104.59000000000106,Mixed,timer_il2_menten,0,0.05
1.7408783986432831e-06,104.60000000000106,Mixed,timer_il2_menten,0,0.05
1.736705300207755e-06,104.61000000000107,Mixed,timer_il2_menten,0,0.05
1.732542205199572e-06,104.62000000000107,Mixed,timer_il2_menten,0,0.05
1.728389089639304e-06,104.63000000000108,Mixed,timer_il2_menten,0,0.05
1.7242459296049886e-06,104.64000000000108,Mixed,timer_il2_menten,0,0.05
1.7201127012319982e-06,104.65000000000109,Mixed,timer_il2_menten,0,0.05
1.7159893807128993e-06,104.66000000000109,Mixed,timer_il2_menten,0,0.05
1.7118759442932899e-06,104.6700000000011,Mixed,timer_il2_menten,0,0.05
1.7077723682906078e-06,104.6800000000011,Mixed,timer_il2_menten,0,0.05
1.703678629059852e-06,104.6900000000011,Mixed,timer_il2_menten,0,0.05
1.6995947030219904e-06,104.70000000000111,Mixed,timer_il2_menten,0,0.05
1.6955205666540735e-06,104.71000000000112,Mixed,timer_il2_menten,0,0.05
1.6914561964892347e-06,104.72000000000112,Mixed,timer_il2_menten,0,0.05
1.6874015691164143e-06,104.73000000000113,Mixed,timer_il2_menten,0,0.05
1.6833566611803287e-06,104.74000000000113,Mixed,timer_il2_menten,0,0.05
1.6793214493820567e-06,104.75000000000114,Mixed,timer_il2_menten,0,0.05
1.675295910478732e-06,104.76000000000114,Mixed,timer_il2_menten,0,0.05
1.6712800212835384e-06,104.77000000000115,Mixed,timer_il2_menten,0,0.05
1.6672737586657095e-06,104.78000000000115,Mixed,timer_il2_menten,0,0.05
1.663277099550528e-06,104.79000000000116,Mixed,timer_il2_menten,0,0.05
1.6592900209186165e-06,104.80000000000116,Mixed,timer_il2_menten,0,0.05
1.6553124997990055e-06,104.81000000000117,Mixed,timer_il2_menten,0,0.05
1.6513445132794016e-06,104.82000000000117,Mixed,timer_il2_menten,0,0.05
1.647386038504686e-06,104.83000000000118,Mixed,timer_il2_menten,0,0.05
1.6434370526752982e-06,104.84000000000118,Mixed,timer_il2_menten,0,0.05
1.639497533047237e-06,104.85000000000119,Mixed,timer_il2_menten,0,0.05
1.6355674569320617e-06,104.8600000000012,Mixed,timer_il2_menten,0,0.05
1.6316468016968883e-06,104.8700000000012,Mixed,timer_il2_menten,0,0.05
1.6277355447566248e-06,104.8800000000012,Mixed,timer_il2_menten,0,0.05
1.6238336635728728e-06,104.89000000000121,Mixed,timer_il2_menten,0,0.05
1.6199411356708725e-06,104.90000000000121,Mixed,timer_il2_menten,0,0.05
1.6160579386305984e-06,104.91000000000122,Mixed,timer_il2_menten,0,0.05
1.6121840500866336e-06,104.92000000000122,Mixed,timer_il2_menten,0,0.05
1.6083194477281729e-06,104.93000000000123,Mixed,timer_il2_menten,0,0.05
1.6044641092990204e-06,104.94000000000123,Mixed,timer_il2_menten,0,0.05
1.6006180125961834e-06,104.95000000000124,Mixed,timer_il2_menten,0,0.05
1.5967811354560906e-06,104.96000000000124,Mixed,timer_il2_menten,0,0.05
1.5929534557750081e-06,104.97000000000125,Mixed,timer_il2_menten,0,0.05
1.5891349515060412e-06,104.98000000000125,Mixed,timer_il2_menten,0,0.05
1.585325600655933e-06,104.99000000000126,Mixed,timer_il2_menten,0,0.05
1.5815253812850618e-06,105.00000000000126,Mixed,timer_il2_menten,0,0.05
1.5777342715074423e-06,105.01000000000127,Mixed,timer_il2_menten,0,0.05
1.5739522494907251e-06,105.02000000000127,Mixed,timer_il2_menten,0,0.05
1.5701792934483654e-06,105.03000000000128,Mixed,timer_il2_menten,0,0.05
1.5664153816385203e-06,105.04000000000129,Mixed,timer_il2_menten,0,0.05
1.562660492381125e-06,105.05000000000129,Mixed,timer_il2_menten,0,0.05
1.5589146040489192e-06,105.0600000000013,Mixed,timer_il2_menten,0,0.05
1.555177695067323e-06,105.0700000000013,Mixed,timer_il2_menten,0,0.05
1.5514497439144354e-06,105.0800000000013,Mixed,timer_il2_menten,0,0.05
1.547730729121034e-06,105.09000000000131,Mixed,timer_il2_menten,0,0.05
1.5440206292692228e-06,105.10000000000132,Mixed,timer_il2_menten,0,0.05
1.5403194229791193e-06,105.11000000000132,Mixed,timer_il2_menten,0,0.05
1.5366270889285716e-06,105.12000000000133,Mixed,timer_il2_menten,0,0.05
1.5329436058502596e-06,105.13000000000133,Mixed,timer_il2_menten,0,0.05
1.5292689525286e-06,105.14000000000134,Mixed,timer_il2_menten,0,0.05
1.5256031077997511e-06,105.15000000000134,Mixed,timer_il2_menten,0,0.05
1.5219460505516092e-06,105.16000000000135,Mixed,timer_il2_menten,0,0.05
1.5182977597238112e-06,105.17000000000135,Mixed,timer_il2_menten,0,0.05
1.5146582143001816e-06,105.18000000000136,Mixed,timer_il2_menten,0,0.05
1.5110273933076546e-06,105.19000000000136,Mixed,timer_il2_menten,0,0.05
1.5074052758327697e-06,105.20000000000137,Mixed,timer_il2_menten,0,0.05
1.5037918410130014e-06,105.21000000000137,Mixed,timer_il2_menten,0,0.05
1.5001870680366398e-06,105.22000000000138,Mixed,timer_il2_menten,0,0.05
1.4965909361427906e-06,105.23000000000138,Mixed,timer_il2_menten,0,0.05
1.4930034246213784e-06,105.24000000000139,Mixed,timer_il2_menten,0,0.05
1.4894245128118373e-06,105.25000000000139,Mixed,timer_il2_menten,0,0.05
1.4858541800902703e-06,105.2600000000014,Mixed,timer_il2_menten,0,0.05
1.482292405888472e-06,105.2700000000014,Mixed,timer_il2_menten,0,0.05
1.478739169691128e-06,105.28000000000141,Mixed,timer_il2_menten,0,0.05
1.4751944510328316e-06,105.29000000000141,Mixed,timer_il2_menten,0,0.05
1.4716582294980882e-06,105.30000000000142,Mixed,timer_il2_menten,0,0.05
1.4681304847213127e-06,105.31000000000142,Mixed,timer_il2_menten,0,0.05
1.4646111963868292e-06,105.32000000000143,Mixed,timer_il2_menten,0,0.05
1.4611003442215887e-06,105.33000000000143,Mixed,timer_il2_menten,0,0.05
1.457597907994126e-06,105.34000000000144,Mixed,timer_il2_menten,0,0.05
1.454103867530476e-06,105.35000000000144,Mixed,timer_il2_menten,0,0.05
1.4506182027058045e-06,105.36000000000145,Mixed,timer_il2_menten,0,0.05
1.4471408934442975e-06,105.37000000000145,Mixed,timer_il2_menten,0,0.05
1.4436719197191616e-06,105.38000000000146,Mixed,timer_il2_menten,0,0.05
1.440211261552622e-06,105.39000000000146,Mixed,timer_il2_menten,0,0.05
1.4367588990146647e-06,105.40000000000147,Mixed,timer_il2_menten,0,0.05
1.4333148122106476e-06,105.41000000000147,Mixed,timer_il2_menten,0,0.05
1.4298789812996518e-06,105.42000000000148,Mixed,timer_il2_menten,0,0.05
1.4264513864917766e-06,105.43000000000148,Mixed,timer_il2_menten,0,0.05
1.423032008045268e-06,105.44000000000149,Mixed,timer_il2_menten,0,0.05
1.4196208262665165e-06,105.4500000000015,Mixed,timer_il2_menten,0,0.05
1.4162178215100577e-06,105.4600000000015,Mixed,timer_il2_menten,0,0.05
1.4128229741785723e-06,105.4700000000015,Mixed,timer_il2_menten,0,0.05
1.409436264715861e-06,105.48000000000151,Mixed,timer_il2_menten,0,0.05
1.406057673605837e-06,105.49000000000152,Mixed,timer_il2_menten,0,0.05
1.40268718138788e-06,105.50000000000152,Mixed,timer_il2_menten,0,0.05
1.3993247686487647e-06,105.51000000000153,Mixed,timer_il2_menten,0,0.05
1.3959704160225521e-06,105.52000000000153,Mixed,timer_il2_menten,0,0.05
1.3926241041905894e-06,105.53000000000154,Mixed,timer_il2_menten,0,0.05
1.3892858138815109e-06,105.54000000000154,Mixed,timer_il2_menten,0,0.05
1.3859555258700221e-06,105.55000000000155,Mixed,timer_il2_menten,0,0.05
1.3826332209649492e-06,105.56000000000155,Mixed,timer_il2_menten,0,0.05
1.3793188800269424e-06,105.57000000000156,Mixed,timer_il2_menten,0,0.05
1.3760124839658667e-06,105.58000000000156,Mixed,timer_il2_menten,0,0.05
1.37271401373803e-06,105.59000000000157,Mixed,timer_il2_menten,0,0.05
1.369423450346183e-06,105.60000000000157,Mixed,timer_il2_menten,0,0.05
1.3661407748395196e-06,105.61000000000158,Mixed,timer_il2_menten,0,0.05
1.3628659683136763e-06,105.62000000000158,Mixed,timer_il2_menten,0,0.05
1.3595990119039542e-06,105.63000000000159,Mixed,timer_il2_menten,0,0.05
1.35633988678435e-06,105.64000000000159,Mixed,timer_il2_menten,0,0.05
1.3530885741823658e-06,105.6500000000016,Mixed,timer_il2_menten,0,0.05
1.349845055371222e-06,105.6600000000016,Mixed,timer_il2_menten,0,0.05
1.346609311669753e-06,105.67000000000161,Mixed,timer_il2_menten,0,0.05
1.3433813244424084e-06,105.68000000000161,Mixed,timer_il2_menten,0,0.05
1.3401610750992526e-06,105.69000000000162,Mixed,timer_il2_menten,0,0.05
1.336948545094791e-06,105.70000000000162,Mixed,timer_il2_menten,0,0.05
1.3337437159164449e-06,105.71000000000163,Mixed,timer_il2_menten,0,0.05
1.3305465691016256e-06,105.72000000000163,Mixed,timer_il2_menten,0,0.05
1.3273570862352204e-06,105.73000000000164,Mixed,timer_il2_menten,0,0.05
1.3241752489469159e-06,105.74000000000164,Mixed,timer_il2_menten,0,0.05
1.3210010389112002e-06,105.75000000000165,Mixed,timer_il2_menten,0,0.05
1.3178344378473624e-06,105.76000000000165,Mixed,timer_il2_menten,0,0.05
1.3146754275194914e-06,105.77000000000166,Mixed,timer_il2_menten,0,0.05
1.3115239897412086e-06,105.78000000000166,Mixed,timer_il2_menten,0,0.05
1.308380106323351e-06,105.79000000000167,Mixed,timer_il2_menten,0,0.05
1.305243759177981e-06,105.80000000000167,Mixed,timer_il2_menten,0,0.05
1.3021149302390828e-06,105.81000000000168,Mixed,timer_il2_menten,0,0.05
1.2989936014851357e-06,105.82000000000168,Mixed,timer_il2_menten,0,0.05
1.2958797549390057e-06,105.83000000000169,Mixed,timer_il2_menten,0,0.05
1.2927733726678386e-06,105.8400000000017,Mixed,timer_il2_menten,0,0.05
1.2896744367796035e-06,105.8500000000017,Mixed,timer_il2_menten,0,0.05
1.2865829293936409e-06,105.8600000000017,Mixed,timer_il2_menten,0,0.05
1.283498832693559e-06,105.87000000000171,Mixed,timer_il2_menten,0,0.05
1.2804221289146135e-06,105.88000000000171,Mixed,timer_il2_menten,0,0.05
1.2773528003352894e-06,105.89000000000172,Mixed,timer_il2_menten,0,0.05
1.2742908292771787e-06,105.90000000000173,Mixed,timer_il2_menten,0,0.05
1.2712361981048606e-06,105.91000000000173,Mixed,timer_il2_menten,0,0.05
1.2681888892257803e-06,105.92000000000174,Mixed,timer_il2_menten,0,0.05
1.2651488850901308e-06,105.93000000000174,Mixed,timer_il2_menten,0,0.05
1.2621161681907297e-06,105.94000000000175,Mixed,timer_il2_menten,0,0.05
1.2590907210629018e-06,105.95000000000175,Mixed,timer_il2_menten,0,0.05
1.2560725262843553e-06,105.96000000000176,Mixed,timer_il2_menten,0,0.05
1.2530615664750657e-06,105.97000000000176,Mixed,timer_il2_menten,0,0.05
1.2500578242971506e-06,105.98000000000177,Mixed,timer_il2_menten,0,0.05
1.247061282454754e-06,105.99000000000177,Mixed,timer_il2_menten,0,0.05
1.244071923693923e-06,106.00000000000178,Mixed,timer_il2_menten,0,0.05
1.241089730802488e-06,106.01000000000178,Mixed,timer_il2_menten,0,0.05
1.2381146866099427e-06,106.02000000000179,Mixed,timer_il2_menten,0,0.05
1.2351467739873242e-06,106.03000000000179,Mixed,timer_il2_menten,0,0.05
1.2321859758470913e-06,106.0400000000018,Mixed,timer_il2_menten,0,0.05
1.2292322751430062e-06,106.0500000000018,Mixed,timer_il2_menten,0,0.05
1.2262856548700111e-06,106.0600000000018,Mixed,timer_il2_menten,0,0.05
1.2233460980641114e-06,106.07000000000181,Mixed,timer_il2_menten,0,0.05
1.2204135878022525e-06,106.08000000000182,Mixed,timer_il2_menten,0,0.05
1.2174881071841284e-06,106.09000000000182,Mixed,timer_il2_menten,0,0.05
1.214569639332258e-06,106.10000000000183,Mixed,timer_il2_menten,0,0.05
1.2116581674369542e-06,106.11000000000183,Mixed,timer_il2_menten,0,0.05
1.2087536747289833e-06,106.12000000000184,Mixed,timer_il2_menten,0,0.05
1.2058561444788903e-06,106.13000000000184,Mixed,timer_il2_menten,0,0.05
1.202965559996862e-06,106.14000000000185,Mixed,timer_il2_menten,0,0.05
1.2000819046325927e-06,106.15000000000185,Mixed,timer_il2_menten,0,0.05
1.1972051617751492e-06,106.16000000000186,Mixed,timer_il2_menten,0,0.05
1.1943353148528361e-06,106.17000000000186,Mixed,timer_il2_menten,0,0.05
1.1914723473330585e-06,106.18000000000187,Mixed,timer_il2_menten,0,0.05
1.1886162427221902e-06,106.19000000000187,Mixed,timer_il2_menten,0,0.05
1.1857669845654362e-06,106.20000000000188,Mixed,timer_il2_menten,0,0.05
1.1829245564466984e-06,106.21000000000188,Mixed,timer_il2_menten,0,0.05
1.1800889419884408e-06,106.22000000000189,Mixed,timer_il2_menten,0,0.05
1.1772601248515535e-06,106.2300000000019,Mixed,timer_il2_menten,0,0.05
1.1744380887352191e-06,106.2400000000019,Mixed,timer_il2_menten,0,0.05
1.1716228173767764e-06,106.2500000000019,Mixed,timer_il2_menten,0,0.05
1.1688142945515856e-06,106.26000000000191,Mixed,timer_il2_menten,0,0.05
1.1660125040728935e-06,106.27000000000191,Mixed,timer_il2_menten,0,0.05
1.1632174297916986e-06,106.28000000000192,Mixed,timer_il2_menten,0,0.05
1.1604290555966144e-06,106.29000000000192,Mixed,timer_il2_menten,0,0.05
1.157647365413737e-06,106.30000000000193,Mixed,timer_il2_menten,0,0.05
1.1548723432065076e-06,106.31000000000193,Mixed,timer_il2_menten,0,0.05
1.1521039729811538e-06,106.32000000000194,Mixed,timer_il2_menten,0,0.05
1.1493422388605044e-06,106.33000000000195,Mixed,timer_il2_menten,0,0.05
1.1465871249621617e-06,106.34000000000195,Mixed,timer_il2_menten,0,0.05
1.1438386154169498e-06,106.35000000000196,Mixed,timer_il2_menten,0,0.05
1.1410966943936332e-06,106.36000000000196,Mixed,timer_il2_menten,0,0.05
1.1383613460988148e-06,106.37000000000197,Mixed,timer_il2_menten,0,0.05
1.1356325547768342e-06,106.38000000000197,Mixed,timer_il2_menten,0,0.05
1.1329103047096667e-06,106.39000000000198,Mixed,timer_il2_menten,0,0.05
1.1301945802168223e-06,106.40000000000198,Mixed,timer_il2_menten,0,0.05
1.127485365655244e-06,106.41000000000199,Mixed,timer_il2_menten,0,0.05
1.1247826454192062e-06,106.42000000000199,Mixed,timer_il2_menten,0,0.05
1.1220864039402135e-06,106.430000000002,Mixed,timer_il2_menten,0,0.05
1.1193966256869003e-06,106.440000000002,Mixed,timer_il2_menten,0,0.05
1.1167132951649282e-06,106.450000000002,Mixed,timer_il2_menten,0,0.05
1.1140363969168845e-06,106.46000000000201,Mixed,timer_il2_menten,0,0.05
1.1113659155221827e-06,106.47000000000202,Mixed,timer_il2_menten,0,0.05
1.1087018355969584e-06,106.48000000000202,Mixed,timer_il2_menten,0,0.05
1.1060441417939714e-06,106.49000000000203,Mixed,timer_il2_menten,0,0.05
1.1033928188025007e-06,106.50000000000203,Mixed,timer_il2_menten,0,0.05
1.1007478513482459e-06,106.51000000000204,Mixed,timer_il2_menten,0,0.05
1.0981092241932242e-06,106.52000000000204,Mixed,timer_il2_menten,0,0.05
1.0954769221356704e-06,106.53000000000205,Mixed,timer_il2_menten,0,0.05
1.0928509300099342e-06,106.54000000000205,Mixed,timer_il2_menten,0,0.05
1.09023123268638e-06,106.55000000000206,Mixed,timer_il2_menten,0,0.05
1.0876178150810525e-06,106.56000000000206,Mixed,timer_il2_menten,0,0.05
1.0850106621600506e-06,106.57000000000207,Mixed,timer_il2_menten,0,0.05
1.0824097589070957e-06,106.58000000000207,Mixed,timer_il2_menten,0,0.05
1.07981509034115e-06,106.59000000000208,Mixed,timer_il2_menten,0,0.05
1.077226641517042e-06,106.60000000000208,Mixed,timer_il2_menten,0,0.05
1.0746443975253737e-06,106.61000000000209,Mixed,timer_il2_menten,0,0.05
1.0720683434924289e-06,106.6200000000021,Mixed,timer_il2_menten,0,0.05
1.06949846458008e-06,106.6300000000021,Mixed,timer_il2_menten,0,0.05
1.0669347459856984e-06,106.6400000000021,Mixed,timer_il2_menten,0,0.05
1.0643771729420608e-06,106.65000000000211,Mixed,timer_il2_menten,0,0.05
1.0618257307172579e-06,106.66000000000211,Mixed,timer_il2_menten,0,0.05
1.059280404614601e-06,106.67000000000212,Mixed,timer_il2_menten,0,0.05
1.0567411799725335e-06,106.68000000000212,Mixed,timer_il2_menten,0,0.05
1.0542080421645357e-06,106.69000000000213,Mixed,timer_il2_menten,0,0.05
1.0516809765990334e-06,106.70000000000213,Mixed,timer_il2_menten,0,0.05
1.0491599687193077e-06,106.71000000000214,Mixed,timer_il2_menten,0,0.05
1.0466450040034007e-06,106.72000000000214,Mixed,timer_il2_menten,0,0.05
1.0441360679640257e-06,106.73000000000215,Mixed,timer_il2_menten,0,0.05
1.041633146148474e-06,106.74000000000215,Mixed,timer_il2_menten,0,0.05
1.039136224138523e-06,106.75000000000216,Mixed,timer_il2_menten,0,0.05
1.0366452875503444e-06,106.76000000000217,Mixed,timer_il2_menten,0,0.05
1.034160322034413e-06,106.77000000000217,Mixed,timer_il2_menten,0,0.05
1.0316813132754137e-06,106.78000000000218,Mixed,timer_il2_menten,0,0.05
1.02920824699267e-06,106.79000000000218,Mixed,timer_il2_menten,0,0.05
1.0267411089511927e-06,106.80000000000219,Mixed,timer_il2_menten,0,0.05
1.0242798849449258e-06,106.81000000000219,Mixed,timer_il2_menten,0,0.05
1.021824560797371e-06,106.8200000000022,Mixed,timer_il2_menten,0,0.05
1.0193751223659704e-06,106.8300000000022,Mixed,timer_il2_menten,0,0.05
1.0169315555420204e-06,106.8400000000022,Mixed,timer_il2_menten,0,0.05
1.0144938462505844e-06,106.85000000000221,Mixed,timer_il2_menten,0,0.05
1.012061980450407e-06,106.86000000000222,Mixed,timer_il2_menten,0,0.05
1.0096359441338261e-06,106.87000000000222,Mixed,timer_il2_menten,0,0.05
1.0072157233266858e-06,106.88000000000223,Mixed,timer_il2_menten,0,0.05
1.0048013040882504e-06,106.89000000000223,Mixed,timer_il2_menten,0,0.05
1.002392672511117e-06,106.90000000000224,Mixed,timer_il2_menten,0,0.05
9.999898147211294e-07,106.91000000000224,Mixed,timer_il2_menten,0,0.05
9.975927168772896e-07,106.92000000000225,Mixed,timer_il2_menten,0,0.05
9.952013651716724e-07,106.93000000000225,Mixed,timer_il2_menten,0,0.05
9.928157458293375e-07,106.94000000000226,Mixed,timer_il2_menten,0,0.05
9.904358451082449e-07,106.95000000000226,Mixed,timer_il2_menten,0,0.05
9.880616492991636e-07,106.96000000000227,Mixed,timer_il2_menten,0,0.05
9.856931447255894e-07,106.97000000000227,Mixed,timer_il2_menten,0,0.05
9.83330317743656e-07,106.98000000000228,Mixed,timer_il2_menten,0,0.05
9.809731547420468e-07,106.99000000000228,Mixed,timer_il2_menten,0,0.05
9.786216421419104e-07,107.00000000000229,Mixed,timer_il2_menten,0,0.05
9.762757663967723e-07,107.0100000000023,Mixed,timer_il2_menten,0,0.05
9.739355139924489e-07,107.0200000000023,Mixed,timer_il2_menten,0,0.05
9.716008672255484e-07,107.0300000000023,Mixed,timer_il2_menten,0,0.05
9.692718219586729e-07,107.04000000000231,Mixed,timer_il2_menten,0,0.05
9.669483595613082e-07,107.05000000000231,Mixed,timer_il2_menten,0,0.05
9.646304666690758e-07,107.06000000000232,Mixed,timer_il2_menten,0,0.05
9.623181299479329e-07,107.07000000000232,Mixed,timer_il2_menten,0,0.05
9.600113360941701e-07,107.08000000000233,Mixed,timer_il2_menten,0,0.05
9.577100718344142e-07,107.09000000000233,Mixed,timer_il2_menten,0,0.05
9.55414323925626e-07,107.10000000000234,Mixed,timer_il2_menten,0,0.05
9.531240791551011e-07,107.11000000000234,Mixed,timer_il2_menten,0,0.05
9.508393243404704e-07,107.12000000000235,Mixed,timer_il2_menten,0,0.05
9.485600463296988e-07,107.13000000000235,Mixed,timer_il2_menten,0,0.05
9.462862320010867e-07,107.14000000000236,Mixed,timer_il2_menten,0,0.05
9.44017868263269e-07,107.15000000000236,Mixed,timer_il2_menten,0,0.05
9.417549420552152e-07,107.16000000000237,Mixed,timer_il2_menten,0,0.05
9.394974403462297e-07,107.17000000000237,Mixed,timer_il2_menten,0,0.05
9.37245350135952e-07,107.18000000000238,Mixed,timer_il2_menten,0,0.05
9.349986584543558e-07,107.19000000000239,Mixed,timer_il2_menten,0,0.05
9.327573523617499e-07,107.20000000000239,Mixed,timer_il2_menten,0,0.05
9.305214189487781e-07,107.2100000000024,Mixed,timer_il2_menten,0,0.05
9.282908453364184e-07,107.2200000000024,Mixed,timer_il2_menten,0,0.05
9.260656186759839e-07,107.2300000000024,Mixed,timer_il2_menten,0,0.05
9.238457261491229e-07,107.24000000000241,Mixed,timer_il2_menten,0,0.05
9.216311549678174e-07,107.25000000000242,Mixed,timer_il2_menten,0,0.05
9.194218923745006e-07,107.26000000000242,Mixed,timer_il2_menten,0,0.05
9.172179256469038e-07,107.27000000000243,Mixed,timer_il2_menten,0,0.05
9.150192420929082e-07,107.28000000000243,Mixed,timer_il2_menten,0,0.05
9.128258290490972e-07,107.29000000000244,Mixed,timer_il2_menten,0,0.05
9.106376738827433e-07,107.30000000000244,Mixed,timer_il2_menten,0,0.05
9.084547639918104e-07,107.31000000000245,Mixed,timer_il2_menten,0,0.05
9.062770868049513e-07,107.32000000000245,Mixed,timer_il2_menten,0,0.05
9.041046297815091e-07,107.33000000000246,Mixed,timer_il2_menten,0,0.05
9.019373804087809e-07,107.34000000000246,Mixed,timer_il2_menten,0,0.05
8.997753261968955e-07,107.35000000000247,Mixed,timer_il2_menten,0,0.05
8.976184546917802e-07,107.36000000000247,Mixed,timer_il2_menten,0,0.05
8.954667534699947e-07,107.37000000000248,Mixed,timer_il2_menten,0,0.05
8.933202101382174e-07,107.38000000000248,Mixed,timer_il2_menten,0,0.05
8.911788123332434e-07,107.39000000000249,Mixed,timer_il2_menten,0,0.05
8.890425477219856e-07,107.40000000000249,Mixed,timer_il2_menten,0,0.05
8.869114040013434e-07,107.4100000000025,Mixed,timer_il2_menten,0,0.05
8.847853688925968e-07,107.4200000000025,Mixed,timer_il2_menten,0,0.05
8.826644301473627e-07,107.43000000000251,Mixed,timer_il2_menten,0,0.05
8.805485755492585e-07,107.44000000000251,Mixed,timer_il2_menten,0,0.05
8.784377929116086e-07,107.45000000000252,Mixed,timer_il2_menten,0,0.05
8.763320700774462e-07,107.46000000000252,Mixed,timer_il2_menten,0,0.05
8.742313949195108e-07,107.47000000000253,Mixed,timer_il2_menten,0,0.05
8.721357553402496e-07,107.48000000000253,Mixed,timer_il2_menten,0,0.05
8.700451392692776e-07,107.49000000000254,Mixed,timer_il2_menten,0,0.05
8.679595346586183e-07,107.50000000000254,Mixed,timer_il2_menten,0,0.05
8.658789294947464e-07,107.51000000000255,Mixed,timer_il2_menten,0,0.05
8.638033117937924e-07,107.52000000000255,Mixed,timer_il2_menten,0,0.05
8.617326696010621e-07,107.53000000000256,Mixed,timer_il2_menten,0,0.05
8.596669909910371e-07,107.54000000000256,Mixed,timer_il2_menten,0,0.05
8.576062640673758e-07,107.55000000000257,Mixed,timer_il2_menten,0,0.05
8.55550473540349e-07,107.56000000000257,Mixed,timer_il2_menten,0,0.05
8.534996159304451e-07,107.57000000000258,Mixed,timer_il2_menten,0,0.05
8.514536739040198e-07,107.58000000000258,Mixed,timer_il2_menten,0,0.05
8.494126358433444e-07,107.59000000000259,Mixed,timer_il2_menten,0,0.05
8.473764901306893e-07,107.6000000000026,Mixed,timer_il2_menten,0,0.05
8.453452251483263e-07,107.6100000000026,Mixed,timer_il2_menten,0,0.05
8.433188292785264e-07,107.6200000000026,Mixed,timer_il2_menten,0,0.05
8.412972909035608e-07,107.63000000000261,Mixed,timer_il2_menten,0,0.05
8.392805984425939e-07,107.64000000000262,Mixed,timer_il2_menten,0,0.05
8.372687404081768e-07,107.65000000000262,Mixed,timer_il2_menten,0,0.05
8.352617052258268e-07,107.66000000000263,Mixed,timer_il2_menten,0,0.05
8.332594813137143e-07,107.67000000000263,Mixed,timer_il2_menten,0,0.05
8.312620570900096e-07,107.68000000000264,Mixed,timer_il2_menten,0,0.05
8.292694209728826e-07,107.69000000000264,Mixed,timer_il2_menten,0,0.05
8.272815613805035e-07,107.70000000000265,Mixed,timer_il2_menten,0,0.05
8.252984667310428e-07,107.71000000000265,Mixed,timer_il2_menten,0,0.05
8.233201254861899e-07,107.72000000000266,Mixed,timer_il2_menten,0,0.05
8.213465267091025e-07,107.73000000000266,Mixed,timer_il2_menten,0,0.05
8.193776591802148e-07,107.74000000000267,Mixed,timer_il2_menten,0,0.05
8.174135115085886e-07,107.75000000000267,Mixed,timer_il2_menten,0,0.05
8.154540723032849e-07,107.76000000000268,Mixed,timer_il2_menten,0,0.05
8.134993301733654e-07,107.77000000000268,Mixed,timer_il2_menten,0,0.05
8.115492737278911e-07,107.78000000000269,Mixed,timer_il2_menten,0,0.05
8.096038915759234e-07,107.79000000000269,Mixed,timer_il2_menten,0,0.05
8.076631723265239e-07,107.8000000000027,Mixed,timer_il2_menten,0,0.05
8.057271050671871e-07,107.8100000000027,Mixed,timer_il2_menten,0,0.05
8.037956790928549e-07,107.82000000000271,Mixed,timer_il2_menten,0,0.05
8.01868883239305e-07,107.83000000000271,Mixed,timer_il2_menten,0,0.05
7.999467063418676e-07,107.84000000000272,Mixed,timer_il2_menten,0,0.05
7.980291372358732e-07,107.85000000000272,Mixed,timer_il2_menten,0,0.05
7.961161647566523e-07,107.86000000000273,Mixed,timer_il2_menten,0,0.05
7.942077777395354e-07,107.87000000000273,Mixed,timer_il2_menten,0,0.05
7.923039650198529e-07,107.88000000000274,Mixed,timer_il2_menten,0,0.05
7.90404719591236e-07,107.89000000000274,Mixed,timer_il2_menten,0,0.05
7.88510021460176e-07,107.90000000000275,Mixed,timer_il2_menten,0,0.05
7.866198660218514e-07,107.91000000000275,Mixed,timer_il2_menten,0,0.05
7.847342421676287e-07,107.92000000000276,Mixed,timer_il2_menten,0,0.05
7.828531388154017e-07,107.93000000000276,Mixed,timer_il2_menten,0,0.05
7.809765449095923e-07,107.94000000000277,Mixed,timer_il2_menten,0,0.05
7.791044494211497e-07,107.95000000000277,Mixed,timer_il2_menten,0,0.05
7.772368413475516e-07,107.96000000000278,Mixed,timer_il2_menten,0,0.05
7.753737097387216e-07,107.97000000000278,Mixed,timer_il2_menten,0,0.05
7.735150442318169e-07,107.98000000000279,Mixed,timer_il2_menten,0,0.05
7.716608342606744e-07,107.9900000000028,Mixed,timer_il2_menten,0,0.05
7.698110690874418e-07,108.0000000000028,Mixed,timer_il2_menten,0,0.05
7.679657380095369e-07,108.0100000000028,Mixed,timer_il2_menten,0,0.05
7.661248303596494e-07,108.02000000000281,Mixed,timer_il2_menten,0,0.05
7.642883355057396e-07,108.03000000000281,Mixed,timer_il2_menten,0,0.05
7.624562428510383e-07,108.04000000000282,Mixed,timer_il2_menten,0,0.05
7.606285418340484e-07,108.05000000000283,Mixed,timer_il2_menten,0,0.05
7.588052219285425e-07,108.06000000000283,Mixed,timer_il2_menten,0,0.05
7.569862726435653e-07,108.07000000000284,Mixed,timer_il2_menten,0,0.05
7.551716835234319e-07,108.08000000000284,Mixed,timer_il2_menten,0,0.05
7.533614441477282e-07,108.09000000000285,Mixed,timer_il2_menten,0,0.05
7.515555441313113e-07,108.10000000000285,Mixed,timer_il2_menten,0,0.05
7.497539731243097e-07,108.11000000000286,Mixed,timer_il2_menten,0,0.05
7.479567208121222e-07,108.12000000000286,Mixed,timer_il2_menten,0,0.05
7.461637769154193e-07,108.13000000000287,Mixed,timer_il2_menten,0,0.05
7.443751309891516e-07,108.14000000000287,Mixed,timer_il2_menten,0,0.05
7.425907724502501e-07,108.15000000000288,Mixed,timer_il2_menten,0,0.05
7.408106910227897e-07,108.16000000000288,Mixed,timer_il2_menten,0,0.05
7.390348764643436e-07,108.17000000000289,Mixed,timer_il2_menten,0,0.05
7.372633185622007e-07,108.18000000000289,Mixed,timer_il2_menten,0,0.05
7.354960071333662e-07,108.1900000000029,Mixed,timer_il2_menten,0,0.05
7.337329320245619e-07,108.2000000000029,Mixed,timer_il2_menten,0,0.05
7.31974083112226e-07,108.2100000000029,Mixed,timer_il2_menten,0,0.05
7.302194503025124e-07,108.22000000000291,Mixed,timer_il2_menten,0,0.05
7.28469023531292e-07,108.23000000000292,Mixed,timer_il2_menten,0,0.05
7.26722792764151e-07,108.24000000000292,Mixed,timer_il2_menten,0,0.05
7.24980747996393e-07,108.25000000000293,Mixed,timer_il2_menten,0,0.05
7.232428792530372e-07,108.26000000000293,Mixed,timer_il2_menten,0,0.05
7.21509176588819e-07,108.27000000000294,Mixed,timer_il2_menten,0,0.05
7.197796300881908e-07,108.28000000000294,Mixed,timer_il2_menten,0,0.05
7.180542298653204e-07,108.29000000000295,Mixed,timer_il2_menten,0,0.05
7.163329660019157e-07,108.30000000000295,Mixed,timer_il2_menten,0,0.05
7.146158282592191e-07,108.31000000000296,Mixed,timer_il2_menten,0,0.05
7.129028066855262e-07,108.32000000000296,Mixed,timer_il2_menten,0,0.05
7.111938914134012e-07,108.33000000000297,Mixed,timer_il2_menten,0,0.05
7.094890725996575e-07,108.34000000000297,Mixed,timer_il2_menten,0,0.05
7.077883404253562e-07,108.35000000000298,Mixed,timer_il2_menten,0,0.05
7.060916850958078e-07,108.36000000000298,Mixed,timer_il2_menten,0,0.05
7.043990968405723e-07,108.37000000000299,Mixed,timer_il2_menten,0,0.05
7.027105659134579e-07,108.380000000003,Mixed,timer_il2_menten,0,0.05
7.010260825925217e-07,108.390000000003,Mixed,timer_il2_menten,0,0.05
6.993456371800704e-07,108.400000000003,Mixed,timer_il2_menten,0,0.05
6.976692200026589e-07,108.41000000000301,Mixed,timer_il2_menten,0,0.05
6.959968214110909e-07,108.42000000000301,Mixed,timer_il2_menten,0,0.05
6.943284317804195e-07,108.43000000000302,Mixed,timer_il2_menten,0,0.05
6.926640415099467e-07,108.44000000000302,Mixed,timer_il2_menten,0,0.05
6.910036410232231e-07,108.45000000000303,Mixed,timer_il2_menten,0,0.05
6.893472207674878e-07,108.46000000000303,Mixed,timer_il2_menten,0,0.05
6.876947711625562e-07,108.47000000000304,Mixed,timer_il2_menten,0,0.05
6.860462826595988e-07,108.48000000000305,Mixed,timer_il2_menten,0,0.05
6.844017457629104e-07,108.49000000000305,Mixed,timer_il2_menten,0,0.05
6.827611510001321e-07,108.50000000000306,Mixed,timer_il2_menten,0,0.05
6.811244889222506e-07,108.51000000000306,Mixed,timer_il2_menten,0,0.05
6.794917501035986e-07,108.52000000000307,Mixed,timer_il2_menten,0,0.05
6.778629251418546e-07,108.53000000000307,Mixed,timer_il2_menten,0,0.05
6.762380046580434e-07,108.54000000000308,Mixed,timer_il2_menten,0,0.05
6.74616979296535e-07,108.55000000000308,Mixed,timer_il2_menten,0,0.05
6.729998397250459e-07,108.56000000000309,Mixed,timer_il2_menten,0,0.05
6.71386576634638e-07,108.57000000000309,Mixed,timer_il2_menten,0,0.05
6.697771807397196e-07,108.5800000000031,Mixed,timer_il2_menten,0,0.05
6.681716427780445e-07,108.5900000000031,Mixed,timer_il2_menten,0,0.05
6.665699535107125e-07,108.6000000000031,Mixed,timer_il2_menten,0,0.05
6.649721037221694e-07,108.61000000000311,Mixed,timer_il2_menten,0,0.05
6.633780842202066e-07,108.62000000000312,Mixed,timer_il2_menten,0,0.05
6.617878862451357e-07,108.63000000000312,Mixed,timer_il2_menten,0,0.05
6.602014995986472e-07,108.64000000000313,Mixed,timer_il2_menten,0,0.05
6.586189157227944e-07,108.65000000000313,Mixed,timer_il2_menten,0,0.05
6.570401254963084e-07,108.66000000000314,Mixed,timer_il2_menten,0,0.05
6.554651198211141e-07,108.67000000000314,Mixed,timer_il2_menten,0,0.05
6.538938896222755e-07,108.68000000000315,Mixed,timer_il2_menten,0,0.05
6.523264258479396e-07,108.69000000000315,Mixed,timer_il2_menten,0,0.05
6.507627194692816e-07,108.70000000000316,Mixed,timer_il2_menten,0,0.05
6.49202761480449e-07,108.71000000000316,Mixed,timer_il2_menten,0,0.05
6.476465428985069e-07,108.72000000000317,Mixed,timer_il2_menten,0,0.05
6.460940547633814e-07,108.73000000000317,Mixed,timer_il2_menten,0,0.05
6.445452881378054e-07,108.74000000000318,Mixed,timer_il2_menten,0,0.05
6.430002341072627e-07,108.75000000000318,Mixed,timer_il2_menten,0,0.05
6.414588837799322e-07,108.76000000000319,Mixed,timer_il2_menten,0,0.05
6.399212282866332e-07,108.7700000000032,Mixed,timer_il2_menten,0,0.05
6.383872587807696e-07,108.7800000000032,Mixed,timer_il2_menten,0,0.05
6.368569664305107e-07,108.7900000000032,Mixed,timer_il2_menten,0,0.05
6.353303423418547e-07,108.80000000000321,Mixed,timer_il2_menten,0,0.05
6.338073776974198e-07,108.81000000000321,Mixed,timer_il2_menten,0,0.05
6.32288063725337e-07,108.82000000000322,Mixed,timer_il2_menten,0,0.05
6.307723916753053e-07,108.83000000000322,Mixed,timer_il2_menten,0,0.05
6.292603528185202e-07,108.84000000000323,Mixed,timer_il2_menten,0,0.05
6.277519384476043e-07,108.85000000000323,Mixed,timer_il2_menten,0,0.05
6.262471398765364e-07,108.86000000000324,Mixed,timer_il2_menten,0,0.05
6.247459484405818e-07,108.87000000000324,Mixed,timer_il2_menten,0,0.05
6.232483554962215e-07,108.88000000000325,Mixed,timer_il2_menten,0,0.05
6.217543524210834e-07,108.89000000000325,Mixed,timer_il2_menten,0,0.05
6.202639306138702e-07,108.90000000000326,Mixed,timer_il2_menten,0,0.05
6.187770814942908e-07,108.91000000000327,Mixed,timer_il2_menten,0,0.05
6.172937965029893e-07,108.92000000000327,Mixed,timer_il2_menten,0,0.05
6.158140671014747e-07,108.93000000000328,Mixed,timer_il2_menten,0,0.05
6.143378847720515e-07,108.94000000000328,Mixed,timer_il2_menten,0,0.05
6.128652410177483e-07,108.95000000000329,Mixed,timer_il2_menten,0,0.05
6.113961273622488e-07,108.96000000000329,Mixed,timer_il2_menten,0,0.05
6.09930535349821e-07,108.9700000000033,Mixed,timer_il2_menten,0,0.05
6.084684565452471e-07,108.9800000000033,Mixed,timer_il2_menten,0,0.05
6.070098825337531e-07,108.9900000000033,Mixed,timer_il2_menten,0,0.05
6.055548049209387e-07,109.00000000000331,Mixed,timer_il2_menten,0,0.05
6.041032153327077e-07,109.01000000000332,Mixed,timer_il2_menten,0,0.05
6.02655105415197e-07,109.02000000000332,Mixed,timer_il2_menten,0,0.05
6.012104668347066e-07,109.03000000000333,Mixed,timer_il2_menten,0,0.05
5.997692912776297e-07,109.04000000000333,Mixed,timer_il2_menten,0,0.05
5.98331570450382e-07,109.05000000000334,Mixed,timer_il2_menten,0,0.05
5.968972960793324e-07,109.06000000000334,Mixed,timer_il2_menten,0,0.05
5.954664599107316e-07,109.07000000000335,Mixed,timer_il2_menten,0,0.05
5.940390537106431e-07,109.08000000000335,Mixed,timer_il2_menten,0,0.05
5.926150692648718e-07,109.09000000000336,Mixed,timer_il2_menten,0,0.05
5.911944983788951e-07,109.10000000000336,Mixed,timer_il2_menten,0,0.05
5.897773328709845e-07,109.11000000000337,Mixed,timer_il2_menten,0,0.05
5.883635645493596e-07,109.12000000000337,Mixed,timer_il2_menten,0,0.05
5.869531852680723e-07,109.13000000000338,Mixed,timer_il2_menten,0,0.05
5.855461869048558e-07,109.14000000000338,Mixed,timer_il2_menten,0,0.05
5.841425613564839e-07,109.15000000000339,Mixed,timer_il2_menten,0,0.05
5.82742300538695e-07,109.1600000000034,Mixed,timer_il2_menten,0,0.05
5.813453963861172e-07,109.1700000000034,Mixed,timer_il2_menten,0,0.05
5.79951840852191e-07,109.1800000000034,Mixed,timer_il2_menten,0,0.05
5.785616259090951e-07,109.19000000000341,Mixed,timer_il2_menten,0,0.05
5.771747435476698e-07,109.20000000000341,Mixed,timer_il2_menten,0,0.05
5.757911857773411e-07,109.21000000000342,Mixed,timer_il2_menten,0,0.05
5.744109446260453e-07,109.22000000000342,Mixed,timer_il2_menten,0,0.05
5.730340121401532e-07,109.23000000000343,Mixed,timer_il2_menten,0,0.05
5.716603803843944e-07,109.24000000000343,Mixed,timer_il2_menten,0,0.05
5.702900414417811e-07,109.25000000000344,Mixed,timer_il2_menten,0,0.05
5.689229874135325e-07,109.26000000000344,Mixed,timer_il2_menten,0,0.05
5.675592104189995e-07,109.27000000000345,Mixed,timer_il2_menten,0,0.05
5.661987025955884e-07,109.28000000000345,Mixed,timer_il2_menten,0,0.05
5.648414560986852e-07,109.29000000000346,Mixed,timer_il2_menten,0,0.05
5.634874631015801e-07,109.30000000000346,Mixed,timer_il2_menten,0,0.05
5.621367157953914e-07,109.31000000000347,Mixed,timer_il2_menten,0,0.05
5.607892063889899e-07,109.32000000000347,Mixed,timer_il2_menten,0,0.05
5.59444927108923e-07,109.33000000000348,Mixed,timer_il2_menten,0,0.05
5.581038701993394e-07,109.34000000000349,Mixed,timer_il2_menten,0,0.05
5.567660279219124e-07,109.35000000000349,Mixed,timer_il2_menten,0,0.05
5.554313925557652e-07,109.3600000000035,Mixed,timer_il2_menten,0,0.05
5.540999563973943e-07,109.3700000000035,Mixed,timer_il2_menten,0,0.05
5.527717117605941e-07,109.3800000000035,Mixed,timer_il2_menten,0,0.05
5.514466509763814e-07,109.39000000000351,Mixed,timer_il2_menten,0,0.05
5.501247663929186e-07,109.40000000000352,Mixed,timer_il2_menten,0,0.05
5.488060503754392e-07,109.41000000000352,Mixed,timer_il2_menten,0,0.05
5.474904953061713e-07,109.42000000000353,Mixed,timer_il2_menten,0,0.05
5.461780936300248e-07,109.43000000000353,Mixed,timer_il2_menten,0,0.05
5.448688378949477e-07,109.44000000000354,Mixed,timer_il2_menten,0,0.05
5.435627205661632e-07,109.45000000000354,Mixed,timer_il2_menten,0,0.05
5.42259734121413e-07,109.46000000000355,Mixed,timer_il2_menten,0,0.05
5.409598710568029e-07,109.47000000000355,Mixed,timer_il2_menten,0,0.05
5.39663123886772e-07,109.48000000000356,Mixed,timer_il2_menten,0,0.05
5.383694851440605e-07,109.49000000000356,Mixed,timer_il2_menten,0,0.05
5.370789473796777e-07,109.50000000000357,Mixed,timer_il2_menten,0,0.05
5.35791503162871e-07,109.51000000000357,Mixed,timer_il2_menten,0,0.05
5.345071450810936e-07,109.52000000000358,Mixed,timer_il2_menten,0,0.05
5.332258657399727e-07,109.53000000000358,Mixed,timer_il2_menten,0,0.05
5.31947657763278e-07,109.54000000000359,Mixed,timer_il2_menten,0,0.05
5.3067251379289e-07,109.55000000000359,Mixed,timer_il2_menten,0,0.05
5.294004264887677e-07,109.5600000000036,Mixed,timer_il2_menten,0,0.05
5.281313885289181e-07,109.5700000000036,Mixed,timer_il2_menten,0,0.05
5.268653926093627e-07,109.58000000000361,Mixed,timer_il2_menten,0,0.05
5.256024314441071e-07,109.59000000000361,Mixed,timer_il2_menten,0,0.05
5.243424977651092e-07,109.60000000000362,Mixed,timer_il2_menten,0,0.05
5.230855843222464e-07,109.61000000000362,Mixed,timer_il2_menten,0,0.05
5.21831683883285e-07,109.62000000000363,Mixed,timer_il2_menten,0,0.05
5.205807892338476e-07,109.63000000000363,Mixed,timer_il2_menten,0,0.05
5.193328931773821e-07,109.64000000000364,Mixed,timer_il2_menten,0,0.05
5.180879885351295e-07,109.65000000000364,Mixed,timer_il2_menten,0,0.05
5.168460681460921e-07,109.66000000000365,Mixed,timer_il2_menten,0,0.05
5.156071248668281e-07,109.67000000000365,Mixed,timer_il2_menten,0,0.05
5.143711515296707e-07,109.68000000000366,Mixed,timer_il2_menten,0,0.05
5.131381409866467e-07,109.69000000000366,Mixed,timer_il2_menten,0,0.05
5.119080861358642e-07,109.70000000000367,Mixed,timer_il2_menten,0,0.05
5.10680979892298e-07,109.71000000000367,Mixed,timer_il2_menten,0,0.05
5.094568151877398e-07,109.72000000000368,Mixed,timer_il2_menten,0,0.05
5.082355849707459e-07,109.73000000000368,Mixed,timer_il2_menten,0,0.05
5.070172822065884e-07,109.74000000000369,Mixed,timer_il2_menten,0,0.05
5.058018998772035e-07,109.7500000000037,Mixed,timer_il2_menten,0,0.05
5.045894309811415e-07,109.7600000000037,Mixed,timer_il2_menten,0,0.05
5.03379868533516e-07,109.7700000000037,Mixed,timer_il2_menten,0,0.05
5.02173205565953e-07,109.78000000000371,Mixed,timer_il2_menten,0,0.05
5.009694351265408e-07,109.79000000000372,Mixed,timer_il2_menten,0,0.05
4.997685502797796e-07,109.80000000000372,Mixed,timer_il2_menten,0,0.05
4.985705441065294e-07,109.81000000000373,Mixed,timer_il2_menten,0,0.05
4.973754097039617e-07,109.82000000000373,Mixed,timer_il2_menten,0,0.05
4.961831401855075e-07,109.83000000000374,Mixed,timer_il2_menten,0,0.05
4.949937286808063e-07,109.84000000000374,Mixed,timer_il2_menten,0,0.05
4.938071683356571e-07,109.85000000000375,Mixed,timer_il2_menten,0,0.05
4.926234523119665e-07,109.86000000000375,Mixed,timer_il2_menten,0,0.05
4.914425737876981e-07,109.87000000000376,Mixed,timer_il2_menten,0,0.05
4.90264525956823e-07,109.88000000000376,Mixed,timer_il2_menten,0,0.05
4.890893020292681e-07,109.89000000000377,Mixed,timer_il2_menten,0,0.05
4.879168952308664e-07,109.90000000000377,Mixed,timer_il2_menten,0,0.05
4.867472988033052e-07,109.91000000000378,Mixed,timer_il2_menten,0,0.05
4.855805060075675e-07,109.92000000000378,Mixed,timer_il2_menten,0,0.05
4.844165101499906e-07,109.93000000000379,Mixed,timer_il2_menten,0,0.05
4.832553045329487e-07,109.94000000000379,Mixed,timer_il2_menten,0,0.05
4.820968824679299e-07,109.9500000000038,Mixed,timer_il2_menten,0,0.05
4.809412372824555e-07,109.9600000000038,Mixed,timer_il2_menten,0,0.05
4.797883623200395e-07,109.97000000000381,Mixed,timer_il2_menten,0,0.05
4.786382509401494e-07,109.98000000000381,Mixed,timer_il2_menten,0,0.05
4.774908965181666e-07,109.99000000000382,Mixed,timer_il2_menten,0,0.05
4.763462924453469e-07,110.00000000000382,Mixed,timer_il2_menten,0,0.05
4.7520443212877993e-07,110.01000000000383,Mixed,timer_il2_menten,0,0.05
4.7406530899135056e-07,110.02000000000383,Mixed,timer_il2_menten,0,0.05
4.729289164716988e-07,110.03000000000384,Mixed,timer_il2_menten,0,0.05
4.7179524802417993e-07,110.04000000000384,Mixed,timer_il2_menten,0,0.05
4.7066429711882525e-07,110.05000000000385,Mixed,timer_il2_menten,0,0.05
4.6953605724130216e-07,110.06000000000385,Mixed,timer_il2_menten,0,0.05
4.6841052189287483e-07,110.07000000000386,Mixed,timer_il2_menten,0,0.05
4.672876845903636e-07,110.08000000000386,Mixed,timer_il2_menten,0,0.05
4.661675388661069e-07,110.09000000000387,Mixed,timer_il2_menten,0,0.05
4.650500782679201e-07,110.10000000000387,Mixed,timer_il2_menten,0,0.05
4.639352963590567e-07,110.11000000000388,Mixed,timer_il2_menten,0,0.05
4.628231867181682e-07,110.12000000000388,Mixed,timer_il2_menten,0,0.05
4.6171374293926514e-07,110.13000000000389,Mixed,timer_il2_menten,0,0.05
4.606069586316764e-07,110.1400000000039,Mixed,timer_il2_menten,0,0.05
4.5950282742001054e-07,110.1500000000039,Mixed,timer_il2_menten,0,0.05
4.5840134294411534e-07,110.1600000000039,Mixed,timer_il2_menten,0,0.05
4.5730249886011903e-07,110.17000000000391,Mixed,timer_il2_menten,0,0.05
4.562062888411909e-07,110.18000000000391,Mixed,timer_il2_menten,0,0.05
4.551127065733782e-07,110.19000000000392,Mixed,timer_il2_menten,0,0.05
4.540217457577306e-07,110.20000000000393,Mixed,timer_il2_menten,0,0.05
4.5293340011037895e-07,110.21000000000393,Mixed,timer_il2_menten,0,0.05
4.5184766336249607e-07,110.22000000000394,Mixed,timer_il2_menten,0,0.05
4.50764529260258e-07,110.23000000000394,Mixed,timer_il2_menten,0,0.05
4.4968399156480613e-07,110.24000000000395,Mixed,timer_il2_menten,0,0.05
4.486060440522079e-07,110.25000000000395,Mixed,timer_il2_menten,0,0.05
4.4753068051341797e-07,110.26000000000396,Mixed,timer_il2_menten,0,0.05
4.464578947542403e-07,110.27000000000396,Mixed,timer_il2_menten,0,0.05
4.453876805952887e-07,110.28000000000397,Mixed,timer_il2_menten,0,0.05
4.443200318719488e-07,110.29000000000397,Mixed,timer_il2_menten,0,0.05
4.432549424343389e-07,110.30000000000398,Mixed,timer_il2_menten,0,0.05
4.4219240614727156e-07,110.31000000000398,Mixed,timer_il2_menten,0,0.05
4.4113241689021507e-07,110.32000000000399,Mixed,timer_il2_menten,0,0.05
4.4007496855725426e-07,110.33000000000399,Mixed,timer_il2_menten,0,0.05
4.390200550570525e-07,110.340000000004,Mixed,timer_il2_menten,0,0.05
4.379676703128126e-07,110.350000000004,Mixed,timer_il2_menten,0,0.05
4.369178082622383e-07,110.360000000004,Mixed,timer_il2_menten,0,0.05
4.358704628574954e-07,110.37000000000401,Mixed,timer_il2_menten,0,0.05
4.348256280651736e-07,110.38000000000402,Mixed,timer_il2_menten,0,0.05
4.337832978662471e-07,110.39000000000402,Mixed,timer_il2_menten,0,0.05
4.327434662560368e-07,110.40000000000403,Mixed,timer_il2_menten,0,0.05
4.3170612724419973e-07,110.41000000000403,Mixed,timer_il2_menten,0,0.05
4.306712748594472e-07,110.42000000000404,Mixed,timer_il2_menten,0,0.05
4.296389031442699e-07,110.43000000000404,Mixed,timer_il2_menten,0,0.05
4.2860900615228474e-07,110.44000000000405,Mixed,timer_il2_menten,0,0.05
4.2758157795134376e-07,110.45000000000405,Mixed,timer_il2_menten,0,0.05
4.265566126234974e-07,110.46000000000406,Mixed,timer_il2_menten,0,0.05
4.2553410426495814e-07,110.47000000000406,Mixed,timer_il2_menten,0,0.05
4.2451404698606403e-07,110.48000000000407,Mixed,timer_il2_menten,0,0.05
4.234964349112417e-07,110.49000000000407,Mixed,timer_il2_menten,0,0.05
4.2248126217896984e-07,110.50000000000408,Mixed,timer_il2_menten,0,0.05
4.2146852294174337e-07,110.51000000000408,Mixed,timer_il2_menten,0,0.05
4.2045821136603583e-07,110.52000000000409,Mixed,timer_il2_menten,0,0.05
4.194503216322637e-07,110.5300000000041,Mixed,timer_il2_menten,0,0.05
4.184448479347493e-07,110.5400000000041,Mixed,timer_il2_menten,0,0.05
4.1744178448168437e-07,110.5500000000041,Mixed,timer_il2_menten,0,0.05
4.164411254950936e-07,110.56000000000411,Mixed,timer_il2_menten,0,0.05
4.1544286521079827e-07,110.57000000000411,Mixed,timer_il2_menten,0,0.05
4.144469978783788e-07,110.58000000000412,Mixed,timer_il2_menten,0,0.05
4.134535177611394e-07,110.59000000000412,Mixed,timer_il2_menten,0,0.05
4.124624191360706e-07,110.60000000000413,Mixed,timer_il2_menten,0,0.05
4.114736962938133e-07,110.61000000000413,Mixed,timer_il2_menten,0,0.05
4.104873435386216e-07,110.62000000000414,Mixed,timer_il2_menten,0,0.05
4.095033551883267e-07,110.63000000000415,Mixed,timer_il2_menten,0,0.05
4.085217255743003e-07,110.64000000000415,Mixed,timer_il2_menten,0,0.05
4.0754244904141784e-07,110.65000000000416,Mixed,timer_il2_menten,0,0.05
4.0656551994828326e-07,110.66000000000416,Mixed,timer_il2_menten,0,0.05
4.0559093266946235e-07,110.67000000000417,Mixed,timer_il2_menten,0,0.05
4.0461868159263927e-07,110.68000000000417,Mixed,timer_il2_menten,0,0.05
4.03648761119011e-07,110.69000000000418,Mixed,timer_il2_menten,0,0.05
4.026811656636922e-07,110.70000000000418,Mixed,timer_il2_menten,0,0.05
4.0171588965573245e-07,110.71000000000419,Mixed,timer_il2_menten,0,0.05
4.0075292753706644e-07,110.72000000000419,Mixed,timer_il2_menten,0,0.05
3.9979227375846993e-07,110.7300000000042,Mixed,timer_il2_menten,0,0.05
3.9883392278596507e-07,110.7400000000042,Mixed,timer_il2_menten,0,0.05
3.978778690988624e-07,110.7500000000042,Mixed,timer_il2_menten,0,0.05
3.969241071892562e-07,110.76000000000421,Mixed,timer_il2_menten,0,0.05
3.9597263156193053e-07,110.77000000000422,Mixed,timer_il2_menten,0,0.05
3.9502343673561013e-07,110.78000000000422,Mixed,timer_il2_menten,0,0.05
3.9407651724490847e-07,110.79000000000423,Mixed,timer_il2_menten,0,0.05
3.931318676357162e-07,110.80000000000423,Mixed,timer_il2_menten,0,0.05
3.9218948246698143e-07,110.81000000000424,Mixed,timer_il2_menten,0,0.05
3.9124935631080927e-07,110.82000000000424,Mixed,timer_il2_menten,0,0.05
3.903114837524514e-07,110.83000000000425,Mixed,timer_il2_menten,0,0.05
3.89375859389779e-07,110.84000000000425,Mixed,timer_il2_menten,0,0.05
3.884424778331451e-07,110.85000000000426,Mixed,timer_il2_menten,0,0.05
3.8751133370626594e-07,110.86000000000426,Mixed,timer_il2_menten,0,0.05
3.8658242164574515e-07,110.87000000000427,Mixed,timer_il2_menten,0,0.05
3.856557363010399e-07,110.88000000000427,Mixed,timer_il2_menten,0,0.05
3.8473127233442945e-07,110.89000000000428,Mixed,timer_il2_menten,0,0.05
3.8380902442100465e-07,110.90000000000428,Mixed,timer_il2_menten,0,0.05
3.8288898724862613e-07,110.91000000000429,Mixed,timer_il2_menten,0,0.05
3.81971155517877e-07,110.9200000000043,Mixed,timer_il2_menten,0,0.05
3.8105552394204184e-07,110.9300000000043,Mixed,timer_il2_menten,0,0.05
3.8014208724707614e-07,110.9400000000043,Mixed,timer_il2_menten,0,0.05
3.792308401702005e-07,110.95000000000431,Mixed,timer_il2_menten,0,0.05
3.7832177746625093e-07,110.96000000000431,Mixed,timer_il2_menten,0,0.05
3.774148938962897e-07,110.97000000000432,Mixed,timer_il2_menten,0,0.05
3.765101842369223e-07,110.98000000000432,Mixed,timer_il2_menten,0,0.05
3.756076432771652e-07,110.99000000000433,Mixed,timer_il2_menten,0,0.05
3.747072658184449e-07,111.00000000000433,Mixed,timer_il2_menten,0,0.05
3.738090466745856e-07,111.01000000000434,Mixed,timer_il2_menten,0,0.05
3.7291298067170425e-07,111.02000000000434,Mixed,timer_il2_menten,0,0.05
3.720190626483747e-07,111.03000000000435,Mixed,timer_il2_menten,0,0.05
3.7112728745559543e-07,111.04000000000435,Mixed,timer_il2_menten,0,0.05
3.7023764995676734e-07,111.05000000000436,Mixed,timer_il2_menten,0,0.05
3.693501450276947e-07,111.06000000000437,Mixed,timer_il2_menten,0,0.05
3.684647675565849e-07,111.07000000000437,Mixed,timer_il2_menten,0,0.05
3.675815124440479e-07,111.08000000000438,Mixed,timer_il2_menten,0,0.05
3.66700374602117e-07,111.09000000000438,Mixed,timer_il2_menten,0,0.05
3.658213489543514e-07,111.10000000000439,Mixed,timer_il2_menten,0,0.05
3.64944430437596e-07,111.11000000000439,Mixed,timer_il2_menten,0,0.05
3.6406961400099625e-07,111.1200000000044,Mixed,timer_il2_menten,0,0.05
3.631968946059917e-07,111.1300000000044,Mixed,timer_il2_menten,0,0.05
3.623262672263165e-07,111.1400000000044,Mixed,timer_il2_menten,0,0.05
3.614577268479994e-07,111.15000000000441,Mixed,timer_il2_menten,0,0.05
3.605912684689883e-07,111.16000000000442,Mixed,timer_il2_menten,0,0.05
3.5972688709623516e-07,111.17000000000442,Mixed,timer_il2_menten,0,0.05
3.5886457775027966e-07,111.18000000000443,Mixed,timer_il2_menten,0,0.05
3.5800433546434887e-07,111.19000000000443,Mixed,timer_il2_menten,0,0.05
3.571461552837542e-07,111.20000000000444,Mixed,timer_il2_menten,0,0.05
3.562900322658916e-07,111.21000000000444,Mixed,timer_il2_menten,0,0.05
3.554359614802412e-07,111.22000000000445,Mixed,timer_il2_menten,0,0.05
3.5458393800836777e-07,111.23000000000445,Mixed,timer_il2_menten,0,0.05
3.5373395694197436e-07,111.24000000000446,Mixed,timer_il2_menten,0,0.05
3.5288601338310646e-07,111.25000000000446,Mixed,timer_il2_menten,0,0.05
3.5204010244764756e-07,111.26000000000447,Mixed,timer_il2_menten,0,0.05
3.511962192633613e-07,111.27000000000447,Mixed,timer_il2_menten,0,0.05
3.5035435896988014e-07,111.28000000000448,Mixed,timer_il2_menten,0,0.05
3.495145167187055e-07,111.29000000000448,Mixed,timer_il2_menten,0,0.05
3.486766876732076e-07,111.30000000000449,Mixed,timer_il2_menten,0,0.05
3.4784086579093553e-07,111.3100000000045,Mixed,timer_il2_menten,0,0.05
3.470070492454804e-07,111.3200000000045,Mixed,timer_il2_menten,0,0.05
3.461752312444504e-07,111.3300000000045,Mixed,timer_il2_menten,0,0.05
3.453454070616902e-07,111.34000000000451,Mixed,timer_il2_menten,0,0.05
3.445175719710453e-07,111.35000000000451,Mixed,timer_il2_menten,0,0.05
3.436917212463603e-07,111.36000000000452,Mixed,timer_il2_menten,0,0.05
3.4286785016148035e-07,111.37000000000452,Mixed,timer_il2_menten,0,0.05
3.420459539902504e-07,111.38000000000453,Mixed,timer_il2_menten,0,0.05
3.412260280402566e-07,111.39000000000453,Mixed,timer_il2_menten,0,0.05
3.4040806764028776e-07,111.40000000000454,Mixed,timer_il2_menten,0,0.05
3.395920680805384e-07,111.41000000000454,Mixed,timer_il2_menten,0,0.05
3.3877802465099284e-07,111.42000000000455,Mixed,timer_il2_menten,0,0.05
3.379659326416357e-07,111.43000000000455,Mixed,timer_il2_menten,0,0.05
3.3715578734245156e-07,111.44000000000456,Mixed,timer_il2_menten,0,0.05
3.36347584043425e-07,111.45000000000456,Mixed,timer_il2_menten,0,0.05
3.355413180345406e-07,111.46000000000457,Mixed,timer_il2_menten,0,0.05
3.3473698460578294e-07,111.47000000000457,Mixed,timer_il2_menten,0,0.05
3.3393457916529706e-07,111.48000000000458,Mixed,timer_il2_menten,0,0.05
3.3313409732810674e-07,111.49000000000458,Mixed,timer_il2_menten,0,0.05
3.3233553448050567e-07,111.50000000000459,Mixed,timer_il2_menten,0,0.05
3.3153888599755827e-07,111.5100000000046,Mixed,timer_il2_menten,0,0.05
3.3074414725432907e-07,111.5200000000046,Mixed,timer_il2_menten,0,0.05
3.299513136258824e-07,111.5300000000046,Mixed,timer_il2_menten,0,0.05
3.291603804872827e-07,111.54000000000461,Mixed,timer_il2_menten,0,0.05
3.283713432135944e-07,111.55000000000462,Mixed,timer_il2_menten,0,0.05
3.27584197179882e-07,111.56000000000462,Mixed,timer_il2_menten,0,0.05
3.267989378453203e-07,111.57000000000463,Mixed,timer_il2_menten,0,0.05
3.2601556098441877e-07,111.58000000000463,Mixed,timer_il2_menten,0,0.05
3.252340621103306e-07,111.59000000000464,Mixed,timer_il2_menten,0,0.05
3.2445443669879913e-07,111.60000000000464,Mixed,timer_il2_menten,0,0.05
3.236766802255672e-07,111.61000000000465,Mixed,timer_il2_menten,0,0.05
3.2290078816637804e-07,111.62000000000465,Mixed,timer_il2_menten,0,0.05
3.2212675599697474e-07,111.63000000000466,Mixed,timer_il2_menten,0,0.05
3.2135457919310037e-07,111.64000000000466,Mixed,timer_il2_menten,0,0.05
3.20584253230498e-07,111.65000000000467,Mixed,timer_il2_menten,0,0.05
3.198157762403935e-07,111.66000000000467,Mixed,timer_il2_menten,0,0.05
3.1904913784503033e-07,111.67000000000468,Mixed,timer_il2_menten,0,0.05
3.182843376323602e-07,111.68000000000468,Mixed,timer_il2_menten,0,0.05
3.175213710987946e-07,111.69000000000469,Mixed,timer_il2_menten,0,0.05
3.1676023375148417e-07,111.70000000000469,Mixed,timer_il2_menten,0,0.05
3.1600092110831876e-07,111.7100000000047,Mixed,timer_il2_menten,0,0.05
3.152434286979275e-07,111.7200000000047,Mixed,timer_il2_menten,0,0.05
3.1448775205967914e-07,111.73000000000471,Mixed,timer_il2_menten,0,0.05
3.137338867436814e-07,111.74000000000471,Mixed,timer_il2_menten,0,0.05
3.12981828324394e-07,111.75000000000472,Mixed,timer_il2_menten,0,0.05
3.122315726730742e-07,111.76000000000472,Mixed,timer_il2_menten,0,0.05
3.114831155433553e-07,111.77000000000473,Mixed,timer_il2_menten,0,0.05
3.107364525956601e-07,111.78000000000473,Mixed,timer_il2_menten,0,0.05
3.099915795043024e-07,111.79000000000474,Mixed,timer_il2_menten,0,0.05
3.0924849195748813e-07,111.80000000000474,Mixed,timer_il2_menten,0,0.05
3.0850718565731473e-07,111.81000000000475,Mixed,timer_il2_menten,0,0.05
3.0776765631977106e-07,111.82000000000475,Mixed,timer_il2_menten,0,0.05
3.0702989967473736e-07,111.83000000000476,Mixed,timer_il2_menten,0,0.05
3.062939114659856e-07,111.84000000000476,Mixed,timer_il2_menten,0,0.05
3.055596874511796e-07,111.85000000000477,Mixed,timer_il2_menten,0,0.05
3.0482722340187414e-07,111.86000000000477,Mixed,timer_il2_menten,0,0.05
3.0409651510351604e-07,111.87000000000478,Mixed,timer_il2_menten,0,0.05
3.033675583554435e-07,111.88000000000478,Mixed,timer_il2_menten,0,0.05
3.0264034897088616e-07,111.89000000000479,Mixed,timer_il2_menten,0,0.05
3.0191488277696544e-07,111.9000000000048,Mixed,timer_il2_menten,0,0.05
3.011911556146942e-07,111.9100000000048,Mixed,timer_il2_menten,0,0.05
3.0046916333897705e-07,111.9200000000048,Mixed,timer_il2_menten,0,0.05
2.9974890181860954e-07,111.93000000000481,Mixed,timer_il2_menten,0,0.05
2.9903036693627957e-07,111.94000000000482,Mixed,timer_il2_menten,0,0.05
2.983135545328085e-07,111.95000000000482,Mixed,timer_il2_menten,0,0.05
2.975984603067334e-07,111.96000000000483,Mixed,timer_il2_menten,0,0.05
2.968850801250646e-07,111.97000000000483,Mixed,timer_il2_menten,0,0.05
2.9617340988238346e-07,111.98000000000484,Mixed,timer_il2_menten,0,0.05
2.954634454851557e-07,111.99000000000484,Mixed,timer_il2_menten,0,0.05
2.9475518285173135e-07,112.00000000000485,Mixed,timer_il2_menten,0,0.05
2.940486179123448e-07,112.01000000000485,Mixed,timer_il2_menten,0,0.05
2.933437466091147e-07,112.02000000000486,Mixed,timer_il2_menten,0,0.05
2.9264056489604427e-07,112.03000000000486,Mixed,timer_il2_menten,0,0.05
2.91939068739021e-07,112.04000000000487,Mixed,timer_il2_menten,0,0.05
2.9123925411581656e-07,112.05000000000487,Mixed,timer_il2_menten,0,0.05
2.9054111701608715e-07,112.06000000000488,Mixed,timer_il2_menten,0,0.05
2.898446534413734e-07,112.07000000000488,Mixed,timer_il2_menten,0,0.05
2.891498594051e-07,112.08000000000489,Mixed,timer_il2_menten,0,0.05
2.8845673093257637e-07,112.09000000000489,Mixed,timer_il2_menten,0,0.05
2.87765264060996e-07,112.1000000000049,Mixed,timer_il2_menten,0,0.05
2.870754548394368e-07,112.1100000000049,Mixed,timer_il2_menten,0,0.05
2.8638729932886113e-07,112.12000000000491,Mixed,timer_il2_menten,0,0.05
2.857007936021156e-07,112.13000000000491,Mixed,timer_il2_menten,0,0.05
2.8501593374373237e-07,112.14000000000492,Mixed,timer_il2_menten,0,0.05
2.8433271569024064e-07,112.15000000000492,Mixed,timer_il2_menten,0,0.05
2.836511353806615e-07,112.16000000000493,Mixed,timer_il2_menten,0,0.05
2.829711888886234e-07,112.17000000000493,Mixed,timer_il2_menten,0,0.05
2.8229287229742806e-07,112.18000000000494,Mixed,timer_il2_menten,0,0.05
2.816161817000509e-07,112.19000000000494,Mixed,timer_il2_menten,0,0.05
2.809411131991405e-07,112.20000000000495,Mixed,timer_il2_menten,0,0.05
2.802676629070191e-07,112.21000000000495,Mixed,timer_il2_menten,0,0.05
2.795958269456822e-07,112.22000000000496,Mixed,timer_il2_menten,0,0.05
2.7892560144679887e-07,112.23000000000496,Mixed,timer_il2_menten,0,0.05
2.782569825517115e-07,112.24000000000497,Mixed,timer_il2_menten,0,0.05
2.77589966411436e-07,112.25000000000497,Mixed,timer_il2_menten,0,0.05
2.7692454918666177e-07,112.26000000000498,Mixed,timer_il2_menten,0,0.05
2.762607270477516e-07,112.27000000000498,Mixed,timer_il2_menten,0,0.05
2.7559849617474163e-07,112.28000000000499,Mixed,timer_il2_menten,0,0.05
2.7493785275734146e-07,112.290000000005,Mixed,timer_il2_menten,0,0.05
2.742787929949343e-07,112.300000000005,Mixed,timer_il2_menten,0,0.05
2.7362131309657656e-07,112.310000000005,Mixed,timer_il2_menten,0,0.05
2.7296540928099827e-07,112.32000000000501,Mixed,timer_il2_menten,0,0.05
2.723110777766027e-07,112.33000000000501,Mixed,timer_il2_menten,0,0.05
2.716583148163364e-07,112.34000000000502,Mixed,timer_il2_menten,0,0.05
2.7100711660315163e-07,112.35000000000502,Mixed,timer_il2_menten,0,0.05
2.7035747937689155e-07,112.36000000000503,Mixed,timer_il2_menten,0,0.05
2.697093993954086e-07,112.37000000000504,Mixed,timer_il2_menten,0,0.05
2.6906287292579954e-07,112.38000000000504,Mixed,timer_il2_menten,0,0.05
2.684178962444053e-07,112.39000000000505,Mixed,timer_il2_menten,0,0.05
2.677744656368107e-07,112.40000000000505,Mixed,timer_il2_menten,0,0.05
2.671325773978453e-07,112.41000000000506,Mixed,timer_il2_menten,0,0.05
2.664922278315824e-07,112.42000000000506,Mixed,timer_il2_menten,0,0.05
2.658534132513398e-07,112.43000000000507,Mixed,timer_il2_menten,0,0.05
2.6521612997967924e-07,112.44000000000507,Mixed,timer_il2_menten,0,0.05
2.6458037434840687e-07,112.45000000000508,Mixed,timer_il2_menten,0,0.05
2.6394614269857297e-07,112.46000000000508,Mixed,timer_il2_menten,0,0.05
2.63313431380472e-07,112.47000000000509,Mixed,timer_il2_menten,0,0.05
2.626822367536426e-07,112.48000000000509,Mixed,timer_il2_menten,0,0.05
2.620525551868678e-07,112.4900000000051,Mixed,timer_il2_menten,0,0.05
2.614243830581744e-07,112.5000000000051,Mixed,timer_il2_menten,0,0.05
2.60797716754834e-07,112.5100000000051,Mixed,timer_il2_menten,0,0.05
2.6017255267336184e-07,112.52000000000511,Mixed,timer_il2_menten,0,0.05
2.5954888721951764e-07,112.53000000000512,Mixed,timer_il2_menten,0,0.05
2.589267172158219e-07,112.54000000000512,Mixed,timer_il2_menten,0,0.05
2.583060380893309e-07,112.55000000000513,Mixed,timer_il2_menten,0,0.05
2.576868468128525e-07,112.56000000000513,Mixed,timer_il2_menten,0,0.05
2.5706913981646534e-07,112.57000000000514,Mixed,timer_il2_menten,0,0.05
2.5645291353943047e-07,112.58000000000514,Mixed,timer_il2_menten,0,0.05
2.5583816443017003e-07,112.59000000000515,Mixed,timer_il2_menten,0,0.05
2.5522488894624526e-07,112.60000000000515,Mixed,timer_il2_menten,0,0.05
2.5461308355433414e-07,112.61000000000516,Mixed,timer_il2_menten,0,0.05
2.540027447302104e-07,112.62000000000516,Mixed,timer_il2_menten,0,0.05
2.533938689587211e-07,112.63000000000517,Mixed,timer_il2_menten,0,0.05
2.527864527337649e-07,112.64000000000517,Mixed,timer_il2_menten,0,0.05
2.521804925582706e-07,112.65000000000518,Mixed,timer_il2_menten,0,0.05
2.515759849441745e-07,112.66000000000518,Mixed,timer_il2_menten,0,0.05
2.5097292641239943e-07,112.67000000000519,Mixed,timer_il2_menten,0,0.05
2.503713134928324e-07,112.6800000000052,Mixed,timer_il2_menten,0,0.05
2.4977114272430296e-07,112.6900000000052,Mixed,timer_il2_menten,0,0.05
2.491724106545612e-07,112.7000000000052,Mixed,timer_il2_menten,0,0.05
2.485751138402561e-07,112.71000000000521,Mixed,timer_il2_menten,0,0.05
2.4797924884691336e-07,112.72000000000521,Mixed,timer_il2_menten,0,0.05
2.4738481224748886e-07,112.73000000000522,Mixed,timer_il2_menten,0,0.05
2.467918005790632e-07,112.74000000000522,Mixed,timer_il2_menten,0,0.05
2.462002104057821e-07,112.75000000000523,Mixed,timer_il2_menten,0,0.05
2.4561003832042803e-07,112.76000000000523,Mixed,timer_il2_menten,0,0.05
2.450212809241669e-07,112.77000000000524,Mixed,timer_il2_menten,0,0.05
2.4443393482651797e-07,112.78000000000524,Mixed,timer_il2_menten,0,0.05
2.4384799664532506e-07,112.79000000000525,Mixed,timer_il2_menten,0,0.05
2.4326346300672686e-07,112.80000000000526,Mixed,timer_il2_menten,0,0.05
2.4268033054512804e-07,112.81000000000526,Mixed,timer_il2_menten,0,0.05
2.420985959031695e-07,112.82000000000527,Mixed,timer_il2_menten,0,0.05
2.415182557316993e-07,112.83000000000527,Mixed,timer_il2_menten,0,0.05
2.409393066897432e-07,112.84000000000528,Mixed,timer_il2_menten,0,0.05
2.403617454444759e-07,112.85000000000528,Mixed,timer_il2_menten,0,0.05
2.3978556867119057e-07,112.86000000000529,Mixed,timer_il2_menten,0,0.05
2.3921077305327073e-07,112.87000000000529,Mixed,timer_il2_menten,0,0.05
2.3863735528216035e-07,112.8800000000053,Mixed,timer_il2_menten,0,0.05
2.3806531205733466e-07,112.8900000000053,Mixed,timer_il2_menten,0,0.05
2.374946400862706e-07,112.9000000000053,Mixed,timer_il2_menten,0,0.05
2.3692533608441802e-07,112.91000000000531,Mixed,timer_il2_menten,0,0.05
2.363573967751699e-07,112.92000000000532,Mixed,timer_il2_menten,0,0.05
2.3579081888983318e-07,112.93000000000532,Mixed,timer_il2_menten,0,0.05
2.352255991675995e-07,112.94000000000533,Mixed,timer_il2_menten,0,0.05
2.3466173435551604e-07,112.95000000000533,Mixed,timer_il2_menten,0,0.05
2.3409922120845573e-07,112.96000000000534,Mixed,timer_il2_menten,0,0.05
2.3353805648908837e-07,112.97000000000534,Mixed,timer_il2_menten,0,0.05
2.3297823696785128e-07,112.98000000000535,Mixed,timer_il2_menten,0,0.05
2.3241975942291972e-07,112.99000000000535,Mixed,timer_il2_menten,0,0.05
2.318626206401779e-07,113.00000000000536,Mixed,timer_il2_menten,0,0.05
2.3130681741318936e-07,113.01000000000536,Mixed,timer_il2_menten,0,0.05
2.3075234654316788e-07,113.02000000000537,Mixed,timer_il2_menten,0,0.05
2.3019920483894813e-07,113.03000000000537,Mixed,timer_il2_menten,0,0.05
2.296473891169563e-07,113.04000000000538,Mixed,timer_il2_menten,0,0.05
2.2909689620118083e-07,113.05000000000538,Mixed,timer_il2_menten,0,0.05
2.2854772292243192e-07,113.06000000000539,Mixed,timer_il2_menten,0,0.05
2.2799986611142758e-07,113.0700000000054,Mixed,timer_il2_menten,0,0.05
2.2745332261129576e-07,113.0800000000054,Mixed,timer_il2_menten,0,0.05
2.269080892746728e-07,113.0900000000054,Mixed,timer_il2_menten,0,0.05
2.263641629615486e-07,113.10000000000541,Mixed,timer_il2_menten,0,0.05
2.2582154053923565e-07,113.11000000000541,Mixed,timer_il2_menten,0,0.05
2.252802188823387e-07,113.12000000000542,Mixed,timer_il2_menten,0,0.05
2.247401948727244e-07,113.13000000000542,Mixed,timer_il2_menten,0,0.05
2.242014653994905e-07,113.14000000000543,Mixed,timer_il2_menten,0,0.05
2.2366402735893545e-07,113.15000000000543,Mixed,timer_il2_menten,0,0.05
2.231278776545278e-07,113.16000000000544,Mixed,timer_il2_menten,0,0.05
2.2259301319687588e-07,113.17000000000544,Mixed,timer_il2_menten,0,0.05
2.2205943090369703e-07,113.18000000000545,Mixed,timer_il2_menten,0,0.05
2.215271276997873e-07,113.19000000000545,Mixed,timer_il2_menten,0,0.05
2.2099610051699076e-07,113.20000000000546,Mixed,timer_il2_menten,0,0.05
2.2046634629416908e-07,113.21000000000546,Mixed,timer_il2_menten,0,0.05
2.1993786197717095e-07,113.22000000000547,Mixed,timer_il2_menten,0,0.05
2.1941064451880168e-07,113.23000000000548,Mixed,timer_il2_menten,0,0.05
2.1888469087879237e-07,113.24000000000548,Mixed,timer_il2_menten,0,0.05
2.1835999802376986e-07,113.25000000000549,Mixed,timer_il2_menten,0,0.05
2.178365629272257e-07,113.26000000000549,Mixed,timer_il2_menten,0,0.05
2.1731438256948618e-07,113.2700000000055,Mixed,timer_il2_menten,0,0.05
2.167934539376812e-07,113.2800000000055,Mixed,timer_il2_menten,0,0.05
2.1627377402571427e-07,113.2900000000055,Mixed,timer_il2_menten,0,0.05
2.1575533983423169e-07,113.30000000000551,Mixed,timer_il2_menten,0,0.05
2.1523814837059215e-07,113.31000000000552,Mixed,timer_il2_menten,0,0.05
2.1472219664883614e-07,113.32000000000552,Mixed,timer_il2_menten,0,0.05
2.1420748168965553e-07,113.33000000000553,Mixed,timer_il2_menten,0,0.05
2.13694000520363e-07,113.34000000000553,Mixed,timer_il2_menten,0,0.05
2.1318175017486133e-07,113.35000000000554,Mixed,timer_il2_menten,0,0.05
2.1267072769361329e-07,113.36000000000554,Mixed,timer_il2_menten,0,0.05
2.121609301236107e-07,113.37000000000555,Mixed,timer_il2_menten,0,0.05
2.1165235451834423e-07,113.38000000000555,Mixed,timer_il2_menten,0,0.05
2.1114499832305672e-07,113.39000000000556,Mixed,timer_il2_menten,0,0.05
2.1063885867045358e-07,113.40000000000556,Mixed,timer_il2_menten,0,0.05
2.1013393231216056e-07,113.41000000000557,Mixed,timer_il2_menten,0,0.05
2.0963021633765152e-07,113.42000000000557,Mixed,timer_il2_menten,0,0.05
2.0912770784318568e-07,113.43000000000558,Mixed,timer_il2_menten,0,0.05
2.0862640393178538e-07,113.44000000000558,Mixed,timer_il2_menten,0,0.05
2.0812630171321347e-07,113.45000000000559,Mixed,timer_il2_menten,0,0.05
2.0762739830395118e-07,113.46000000000559,Mixed,timer_il2_menten,0,0.05
2.071296908271754e-07,113.4700000000056,Mixed,timer_il2_menten,0,0.05
2.0663317641273673e-07,113.4800000000056,Mixed,timer_il2_menten,0,0.05
2.0613785219713666e-07,113.49000000000561,Mixed,timer_il2_menten,0,0.05
2.056437153235056e-07,113.50000000000561,Mixed,timer_il2_menten,0,0.05
2.0515076294158013e-07,113.51000000000562,Mixed,timer_il2_menten,0,0.05
2.046589922076808e-07,113.52000000000562,Mixed,timer_il2_menten,0,0.05
2.041684002846897e-07,113.53000000000563,Mixed,timer_il2_menten,0,0.05
2.0367898434202815e-07,113.54000000000563,Mixed,timer_il2_menten,0,0.05
2.0319074155563423e-07,113.55000000000564,Mixed,timer_il2_menten,0,0.05
2.0270366910794043e-07,113.56000000000564,Mixed,timer_il2_menten,0,0.05
2.0221776418785127e-07,113.57000000000565,Mixed,timer_il2_menten,0,0.05
2.017330239907208e-07,113.58000000000565,Mixed,timer_il2_menten,0,0.05
2.0124944571833056e-07,113.59000000000566,Mixed,timer_il2_menten,0,0.05
2.007670265788666e-07,113.60000000000566,Mixed,timer_il2_menten,0,0.05
2.0028576378689783e-07,113.61000000000567,Mixed,timer_il2_menten,0,0.05
1.9980565456335304e-07,113.62000000000567,Mixed,timer_il2_menten,0,0.05
1.993266961354988e-07,113.63000000000568,Mixed,timer_il2_menten,0,0.05
1.9884888573691696e-07,113.64000000000568,Mixed,timer_il2_menten,0,0.05
1.9837222107305766e-07,113.65000000000569,Mixed,timer_il2_menten,0,0.05
1.9789669914083898e-07,113.6600000000057,Mixed,timer_il2_menten,0,0.05
1.974223170805848e-07,113.6700000000057,Mixed,timer_il2_menten,0,0.05
1.9694907215906977e-07,113.6800000000057,Mixed,timer_il2_menten,0,0.05
1.96476961649618e-07,113.69000000000571,Mixed,timer_il2_menten,0,0.05
1.9600598283208684e-07,113.70000000000572,Mixed,timer_il2_menten,0,0.05
1.9553613299285085e-07,113.71000000000572,Mixed,timer_il2_menten,0,0.05
1.9506740942478584e-07,113.72000000000573,Mixed,timer_il2_menten,0,0.05
1.945998094272528e-07,113.73000000000573,Mixed,timer_il2_menten,0,0.05
1.941333303060821e-07,113.74000000000574,Mixed,timer_il2_menten,0,0.05
1.9366796937355728e-07,113.75000000000574,Mixed,timer_il2_menten,0,0.05
1.9320372394839914e-07,113.76000000000575,Mixed,timer_il2_menten,0,0.05
1.927405913557495e-07,113.77000000000575,Mixed,timer_il2_menten,0,0.05
1.9227856892715564e-07,113.78000000000576,Mixed,timer_il2_menten,0,0.05
1.9181765400055377e-07,113.79000000000576,Mixed,timer_il2_menten,0,0.05
1.913578439202535e-07,113.80000000000577,Mixed,timer_il2_menten,0,0.05
1.908991360369214e-07,113.81000000000577,Mixed,timer_il2_menten,0,0.05
1.904415277075655e-07,113.82000000000578,Mixed,timer_il2_menten,0,0.05
1.8998501629551865e-07,113.83000000000578,Mixed,timer_il2_menten,0,0.05
1.89529599170423e-07,113.84000000000579,Mixed,timer_il2_menten,0,0.05
1.8907527370821388e-07,113.85000000000579,Mixed,timer_il2_menten,0,0.05
1.886220372911037e-07,113.8600000000058,Mixed,timer_il2_menten,0,0.05
1.8816988730756588e-07,113.8700000000058,Mixed,timer_il2_menten,0,0.05
1.877188211523191e-07,113.88000000000581,Mixed,timer_il2_menten,0,0.05
1.8726883622631108e-07,113.89000000000581,Mixed,timer_il2_menten,0,0.05
1.8681992994170114e-07,113.90000000000582,Mixed,timer_il2_menten,0,0.05
1.8637209982003434e-07,113.91000000000582,Mixed,timer_il2_menten,0,0.05
1.8592534318674037e-07,113.92000000000583,Mixed,timer_il2_menten,0,0.05
1.8547965746905436e-07,113.93000000000583,Mixed,timer_il2_menten,0,0.05
1.8503504010042637e-07,113.94000000000584,Mixed,timer_il2_menten,0,0.05
1.845914885205071e-07,113.95000000000584,Mixed,timer_il2_menten,0,0.05
1.8414900017513252e-07,113.96000000000585,Mixed,timer_il2_menten,0,0.05
1.8370757251630965e-07,113.97000000000585,Mixed,timer_il2_menten,0,0.05
1.8326720300220143e-07,113.98000000000586,Mixed,timer_il2_menten,0,0.05
1.828278890971121e-07,113.99000000000586,Mixed,timer_il2_menten,0,0.05
1.8238962827147232e-07,114.00000000000587,Mixed,timer_il2_menten,0,0.05
1.8195241800182456e-07,114.01000000000587,Mixed,timer_il2_menten,0,0.05
1.8151625577080813e-07,114.02000000000588,Mixed,timer_il2_menten,0,0.05
1.810811390671446e-07,114.03000000000588,Mixed,timer_il2_menten,0,0.05
1.8064706538562283e-07,114.04000000000589,Mixed,timer_il2_menten,0,0.05
1.802140322270843e-07,114.0500000000059,Mixed,timer_il2_menten,0,0.05
1.797820370984084e-07,114.0600000000059,Mixed,timer_il2_menten,0,0.05
1.793510775124976e-07,114.0700000000059,Mixed,timer_il2_menten,0,0.05
1.7892115098826246e-07,114.08000000000591,Mixed,timer_il2_menten,0,0.05
1.7849225505060734e-07,114.09000000000592,Mixed,timer_il2_menten,0,0.05
1.7806438723041512e-07,114.10000000000592,Mixed,timer_il2_menten,0,0.05
1.7763754506453278e-07,114.11000000000593,Mixed,timer_il2_menten,0,0.05
1.7721172609575638e-07,114.12000000000593,Mixed,timer_il2_menten,0,0.05
1.7678692787281653e-07,114.13000000000594,Mixed,timer_il2_menten,0,0.05
1.763631479503633e-07,114.14000000000594,Mixed,timer_il2_menten,0,0.05
1.7594038388895177e-07,114.15000000000595,Mixed,timer_il2_menten,0,0.05
1.7551863323019435e-07,114.16000000000595,Mixed,timer_il2_menten,0,0.05
1.7509789350734294e-07,114.17000000000596,Mixed,timer_il2_menten,0,0.05
1.7467816234843945e-07,114.18000000000596,Mixed,timer_il2_menten,0,0.05
1.7425943733639442e-07,114.19000000000597,Mixed,timer_il2_menten,0,0.05
1.7384171605990138e-07,114.20000000000597,Mixed,timer_il2_menten,0,0.05
1.7342499611342136e-07,114.21000000000598,Mixed,timer_il2_menten,0,0.05
1.7300927509716723e-07,114.22000000000598,Mixed,timer_il2_menten,0,0.05
1.7259455061708788e-07,114.23000000000599,Mixed,timer_il2_menten,0,0.05
1.7218082028485285e-07,114.24000000000599,Mixed,timer_il2_menten,0,0.05
1.7176808171783613e-07,114.250000000006,Mixed,timer_il2_menten,0,0.05
1.7135633253910124e-07,114.260000000006,Mixed,timer_il2_menten,0,0.05
1.7094557037738497e-07,114.27000000000601,Mixed,timer_il2_menten,0,0.05
1.7053579286708182e-07,114.28000000000601,Mixed,timer_il2_menten,0,0.05
1.701269976482287e-07,114.29000000000602,Mixed,timer_il2_menten,0,0.05
1.6971918236648864e-07,114.30000000000602,Mixed,timer_il2_menten,0,0.05
1.693123446731359e-07,114.31000000000603,Mixed,timer_il2_menten,0,0.05
1.6890648222503944e-07,114.32000000000603,Mixed,timer_il2_menten,0,0.05
1.6850159268464806e-07,114.33000000000604,Mixed,timer_il2_menten,0,0.05
1.680976737199742e-07,114.34000000000604,Mixed,timer_il2_menten,0,0.05
1.6769472300457847e-07,114.35000000000605,Mixed,timer_il2_menten,0,0.05
1.67292738217554e-07,114.36000000000605,Mixed,timer_il2_menten,0,0.05
1.6689171704351067e-07,114.37000000000606,Mixed,timer_il2_menten,0,0.05
1.6649165717255968e-07,114.38000000000606,Mixed,timer_il2_menten,0,0.05
1.6609255630029754e-07,114.39000000000607,Mixed,timer_il2_menten,0,0.05
1.6569441212779066e-07,114.40000000000607,Mixed,timer_il2_menten,0,0.05
1.6529722236155963e-07,114.41000000000608,Mixed,timer_il2_menten,0,0.05
1.6490098472190386e-07,114.42000000000608,Mixed,timer_il2_menten,0,0.05
1.6450569692592103e-07,114.43000000000609,Mixed,timer_il2_menten,0,0.05
1.6411135669088888e-07,114.4400000000061,Mixed,timer_il2_menten,0,0.05
1.6371796174518835e-07,114.4500000000061,Mixed,timer_il2_menten,0,0.05
1.6332550982258496e-07,114.4600000000061,Mixed,timer_il2_menten,0,0.05
1.6293399866221294e-07,114.47000000000611,Mixed,timer_il2_menten,0,0.05
1.6254342600855997e-07,114.48000000000611,Mixed,timer_il2_menten,0,0.05
1.6215378961145158e-07,114.49000000000612,Mixed,timer_il2_menten,0,0.05
1.6176508722603574e-07,114.50000000000612,Mixed,timer_il2_menten,0,0.05
1.6137731661276707e-07,114.51000000000613,Mixed,timer_il2_menten,0,0.05
1.6099047553739173e-07,114.52000000000614,Mixed,timer_il2_menten,0,0.05
1.6060456177093167e-07,114.53000000000614,Mixed,timer_il2_menten,0,0.05
1.602195730896691e-07,114.54000000000615,Mixed,timer_il2_menten,0,0.05
1.5983550727513106e-07,114.55000000000615,Mixed,timer_il2_menten,0,0.05
1.5945236211407406e-07,114.56000000000616,Mixed,timer_il2_menten,0,0.05
1.590701353984682e-07,114.57000000000616,Mixed,timer_il2_menten,0,0.05
1.5868882492548214e-07,114.58000000000617,Mixed,timer_il2_menten,0,0.05
1.5830842849746706e-07,114.59000000000617,Mixed,timer_il2_menten,0,0.05
1.579289439219416e-07,114.60000000000618,Mixed,timer_il2_menten,0,0.05
1.5755036901157615e-07,114.61000000000618,Mixed,timer_il2_menten,0,0.05
1.5717270158417742e-07,114.62000000000619,Mixed,timer_il2_menten,0,0.05
1.5679593946267291e-07,114.63000000000619,Mixed,timer_il2_menten,0,0.05
1.5642008047509516e-07,114.6400000000062,Mixed,timer_il2_menten,0,0.05
1.5604512245456675e-07,114.6500000000062,Mixed,timer_il2_menten,0,0.05
1.556710632392844e-07,114.6600000000062,Mixed,timer_il2_menten,0,0.05
1.5529790067250358e-07,114.67000000000621,Mixed,timer_il2_menten,0,0.05
1.5492563273503307e-07,114.68000000000622,Mixed,timer_il2_menten,0,0.05
1.5455425719686883e-07,114.69000000000622,Mixed,timer_il2_menten,0,0.05
1.5418377189484334e-07,114.70000000000623,Mixed,timer_il2_menten,0,0.05
1.5381417469445198e-07,114.71000000000623,Mixed,timer_il2_menten,0,0.05
1.5344546346626294e-07,114.72000000000624,Mixed,timer_il2_menten,0,0.05
1.5307763608590322e-07,114.73000000000624,Mixed,timer_il2_menten,0,0.05
1.527106904340449e-07,114.74000000000625,Mixed,timer_il2_menten,0,0.05
1.5234462439639132e-07,114.75000000000625,Mixed,timer_il2_menten,0,0.05
1.519794358636632e-07,114.76000000000626,Mixed,timer_il2_menten,0,0.05
1.5161512273158491e-07,114.77000000000626,Mixed,timer_il2_menten,0,0.05
1.5125168290087046e-07,114.78000000000627,Mixed,timer_il2_menten,0,0.05
1.5088911427720997e-07,114.79000000000627,Mixed,timer_il2_menten,0,0.05
1.5052741477125553e-07,114.80000000000628,Mixed,timer_il2_menten,0,0.05
1.5016658229860764e-07,114.81000000000628,Mixed,timer_il2_menten,0,0.05
1.4980661477980123e-07,114.82000000000629,Mixed,timer_il2_menten,0,0.05
1.4944751014029187e-07,114.8300000000063,Mixed,timer_il2_menten,0,0.05
1.4908926631044203e-07,114.8400000000063,Mixed,timer_il2_menten,0,0.05
1.4873188122550715e-07,114.8500000000063,Mixed,timer_il2_menten,0,0.05
1.483753528256219e-07,114.86000000000631,Mixed,timer_il2_menten,0,0.05
1.480196790557862e-07,114.87000000000631,Mixed,timer_il2_menten,0,0.05
1.4766485786585172e-07,114.88000000000632,Mixed,timer_il2_menten,0,0.05
1.4731088721050765e-07,114.89000000000632,Mixed,timer_il2_menten,0,0.05
1.4695776504926723e-07,114.90000000000633,Mixed,timer_il2_menten,0,0.05
1.466054893464537e-07,114.91000000000633,Mixed,timer_il2_menten,0,0.05
1.4625405807118664e-07,114.92000000000634,Mixed,timer_il2_menten,0,0.05
1.4590346921144895e-07,114.93000000000634,Mixed,timer_il2_menten,0,0.05
1.4555372086767733e-07,114.94000000000635,Mixed,timer_il2_menten,0,0.05
1.4520481091154627e-07,114.95000000000636,Mixed,timer_il2_menten,0,0.05
1.4485673733315204e-07,114.96000000000636,Mixed,timer_il2_menten,0,0.05
1.4450949812740143e-07,114.97000000000637,Mixed,timer_il2_menten,0,0.05
1.4416309129399908e-07,114.98000000000637,Mixed,timer_il2_menten,0,0.05
1.4381751483743562e-07,114.99000000000638,Mixed,timer_il2_menten,0,0.05
1.434727667669751e-07,115.00000000000638,Mixed,timer_il2_menten,0,0.05
1.4312884509664292e-07,115.01000000000639,Mixed,timer_il2_menten,0,0.05
1.4278574784521336e-07,115.02000000000639,Mixed,timer_il2_menten,0,0.05
1.4244347303619745e-07,115.0300000000064,Mixed,timer_il2_menten,0,0.05
1.4210201869783074e-07,115.0400000000064,Mixed,timer_il2_menten,0,0.05
1.417613828630609e-07,115.0500000000064,Mixed,timer_il2_menten,0,0.05
1.414215635695355e-07,115.06000000000641,Mixed,timer_il2_menten,0,0.05
1.4108255885958984e-07,115.07000000000642,Mixed,timer_il2_menten,0,0.05
1.4074436678023448e-07,115.08000000000642,Mixed,timer_il2_menten,0,0.05
1.4040698538314314e-07,115.09000000000643,Mixed,timer_il2_menten,0,0.05
1.4007041272464036e-07,115.10000000000643,Mixed,timer_il2_menten,0,0.05
1.3973464686568934e-07,115.11000000000644,Mixed,timer_il2_menten,0,0.05
1.393996858718794e-07,115.12000000000644,Mixed,timer_il2_menten,0,0.05
1.3906552781341404e-07,115.13000000000645,Mixed,timer_il2_menten,0,0.05
1.387321707650984e-07,115.14000000000645,Mixed,timer_il2_menten,0,0.05
1.3839961280632723e-07,115.15000000000646,Mixed,timer_il2_menten,0,0.05
1.3806785202107241e-07,115.16000000000646,Mixed,timer_il2_menten,0,0.05
1.3773688649787082e-07,115.17000000000647,Mixed,timer_il2_menten,0,0.05
1.3740671432981195e-07,115.18000000000647,Mixed,timer_il2_menten,0,0.05
1.3707733363448318e-07,115.19000000000648,Mixed,timer_il2_menten,0,0.05
1.3674874253468726e-07,115.20000000000648,Mixed,timer_il2_menten,0,0.05
1.3642093910603838e-07,115.21000000000649,Mixed,timer_il2_menten,0,0.05
1.360939214604712e-07,115.2200000000065,Mixed,timer_il2_menten,0,0.05
1.3576768771444426e-07,115.2300000000065,Mixed,timer_il2_menten,0,0.05
1.3544223598892818e-07,115.2400000000065,Mixed,timer_il2_menten,0,0.05
1.35117564409394e-07,115.25000000000651,Mixed,timer_il2_menten,0,0.05
1.3479367110580146e-07,115.26000000000651,Mixed,timer_il2_menten,0,0.05
1.344705542125875e-07,115.27000000000652,Mixed,timer_il2_menten,0,0.05
1.341482118686544e-07,115.28000000000652,Mixed,timer_il2_menten,0,0.05
1.3382664221735826e-07,115.29000000000653,Mixed,timer_il2_menten,0,0.05
1.3350584340649727e-07,115.30000000000653,Mixed,timer_il2_menten,0,0.05
1.3318581358830006e-07,115.31000000000654,Mixed,timer_il2_menten,0,0.05
1.3286655091941387e-07,115.32000000000654,Mixed,timer_il2_menten,0,0.05
1.325480535608933e-07,115.33000000000655,Mixed,timer_il2_menten,0,0.05
1.3223031967818816e-07,115.34000000000655,Mixed,timer_il2_menten,0,0.05
1.3191334744113215e-07,115.35000000000656,Mixed,timer_il2_menten,0,0.05
1.3159713502393095e-07,115.36000000000656,Mixed,timer_il2_menten,0,0.05
1.3128168060515078e-07,115.37000000000657,Mixed,timer_il2_menten,0,0.05
1.3096698236770658e-07,115.38000000000658,Mixed,timer_il2_menten,0,0.05
1.306530384988503e-07,115.39000000000658,Mixed,timer_il2_menten,0,0.05
1.3033984719015944e-07,115.40000000000659,Mixed,timer_il2_menten,0,0.05
1.300274066375252e-07,115.41000000000659,Mixed,timer_il2_menten,0,0.05
1.2971571504114086e-07,115.4200000000066,Mixed,timer_il2_menten,0,0.05
1.294047706054902e-07,115.4300000000066,Mixed,timer_il2_menten,0,0.05
1.290945715393356e-07,115.4400000000066,Mixed,timer_il2_menten,0,0.05
1.2878511607083103e-07,115.45000000000661,Mixed,timer_il2_menten,0,0.05
1.284764024141877e-07,115.46000000000662,Mixed,timer_il2_menten,0,0.05
1.2816842878308421e-07,115.47000000000662,Mixed,timer_il2_menten,0,0.05
1.2786119340361164e-07,115.48000000000663,Mixed,timer_il2_menten,0,0.05
1.2755469450609555e-07,115.49000000000663,Mixed,timer_il2_menten,0,0.05
1.2724893032508454e-07,115.50000000000664,Mixed,timer_il2_menten,0,0.05
1.2694389909933892e-07,115.51000000000664,Mixed,timer_il2_menten,0,0.05
1.266395990718192e-07,115.52000000000665,Mixed,timer_il2_menten,0,0.05
1.2633602848967483e-07,115.53000000000665,Mixed,timer_il2_menten,0,0.05
1.260331856042326e-07,115.54000000000666,Mixed,timer_il2_menten,0,0.05
1.2573106867098545e-07,115.55000000000666,Mixed,timer_il2_menten,0,0.05
1.254296759495808e-07,115.56000000000667,Mixed,timer_il2_menten,0,0.05
1.2512900570380942e-07,115.57000000000667,Mixed,timer_il2_menten,0,0.05
1.2482905620159387e-07,115.58000000000668,Mixed,timer_il2_menten,0,0.05
1.2452982571497703e-07,115.59000000000668,Mixed,timer_il2_menten,0,0.05
1.242313125201109e-07,115.60000000000669,Mixed,timer_il2_menten,0,0.05
1.2393351489724502e-07,115.61000000000669,Mixed,timer_il2_menten,0,0.05
1.2363643113071506e-07,115.6200000000067,Mixed,timer_il2_menten,0,0.05
1.233400595089316e-07,115.6300000000067,Mixed,timer_il2_menten,0,0.05
1.2304439832436842e-07,115.64000000000671,Mixed,timer_il2_menten,0,0.05
1.2274944587355141e-07,115.65000000000671,Mixed,timer_il2_menten,0,0.05
1.2245520045704702e-07,115.66000000000672,Mixed,timer_il2_menten,0,0.05
1.2216166037945069e-07,115.67000000000672,Mixed,timer_il2_menten,0,0.05
1.2186882394937574e-07,115.68000000000673,Mixed,timer_il2_menten,0,0.05
1.2157668947944186e-07,115.69000000000673,Mixed,timer_il2_menten,0,0.05
1.212852552862635e-07,115.70000000000674,Mixed,timer_il2_menten,0,0.05
1.2099451973999467e-07,115.71000000000674,Mixed,timer_il2_menten,0,0.05
1.2070448112999083e-07,115.72000000000675,Mixed,timer_il2_menten,0,0.05
1.2041513778013556e-07,115.73000000000675,Mixed,timer_il2_menten,0,0.05
1.2012648802366422e-07,115.74000000000676,Mixed,timer_il2_menten,0,0.05
1.1983853019778207e-07,115.75000000000676,Mixed,timer_il2_menten,0,0.05
1.1955126264365328e-07,115.76000000000677,Mixed,timer_il2_menten,0,0.05
1.1926468370639034e-07,115.77000000000677,Mixed,timer_il2_menten,0,0.05
1.1897879173504298e-07,115.78000000000678,Mixed,timer_il2_menten,0,0.05
1.1869358508258767e-07,115.79000000000678,Mixed,timer_il2_menten,0,0.05
1.1840906210591639e-07,115.80000000000679,Mixed,timer_il2_menten,0,0.05
1.181252211658262e-07,115.8100000000068,Mixed,timer_il2_menten,0,0.05
1.1784206062700823e-07,115.8200000000068,Mixed,timer_il2_menten,0,0.05
1.1755957885803688e-07,115.8300000000068,Mixed,timer_il2_menten,0,0.05
1.1727777423135892e-07,115.84000000000681,Mixed,timer_il2_menten,0,0.05
1.1699664512328295e-07,115.85000000000682,Mixed,timer_il2_menten,0,0.05
1.1671618991396821e-07,115.86000000000682,Mixed,timer_il2_menten,0,0.05
1.1643640698741401e-07,115.87000000000683,Mixed,timer_il2_menten,0,0.05
1.1615729473144882e-07,115.88000000000683,Mixed,timer_il2_menten,0,0.05
1.1587885153771953e-07,115.89000000000684,Mixed,timer_il2_menten,0,0.05
1.1560107580168049e-07,115.90000000000684,Mixed,timer_il2_menten,0,0.05
1.1532396592258286e-07,115.91000000000685,Mixed,timer_il2_menten,0,0.05
1.150475203034636e-07,115.92000000000685,Mixed,timer_il2_menten,0,0.05
1.1477173735113478e-07,115.93000000000686,Mixed,timer_il2_menten,0,0.05
1.1449661547617282e-07,115.94000000000686,Mixed,timer_il2_menten,0,0.05
1.142221530929075e-07,115.95000000000687,Mixed,timer_il2_menten,0,0.05
1.1394834863133928e-07,115.96000000000687,Mixed,timer_il2_menten,0,0.05
1.1367520057161291e-07,115.97000000000688,Mixed,timer_il2_menten,0,0.05
1.1340270728213897e-07,115.98000000000688,Mixed,timer_il2_menten,0,0.05
1.131308671932043e-07,115.99000000000689,Mixed,timer_il2_menten,0,0.05
1.1285967873884036e-07,116.00000000000689,Mixed,timer_il2_menten,0,0.05
1.1258914035681319e-07,116.0100000000069,Mixed,timer_il2_menten,0,0.05
1.1231925048861354e-07,116.0200000000069,Mixed,timer_il2_menten,0,0.05
1.1205000757944674e-07,116.03000000000691,Mixed,timer_il2_menten,0,0.05
1.1178141007822296e-07,116.04000000000691,Mixed,timer_il2_menten,0,0.05
1.1151345643754693e-07,116.05000000000692,Mixed,timer_il2_menten,0,0.05
1.1124614511370826e-07,116.06000000000692,Mixed,timer_il2_menten,0,0.05
1.1097947456667124e-07,116.07000000000693,Mixed,timer_il2_menten,0,0.05
1.1071344326006504e-07,116.08000000000693,Mixed,timer_il2_menten,0,0.05
1.104480496611736e-07,116.09000000000694,Mixed,timer_il2_menten,0,0.05
1.1018329224092574e-07,116.1,Mixed,timer_il2_menten,0,0.05
1.099191694243445e-07,116.11,Mixed,timer_il2_menten,0,0.05
1.0965567973183251e-07,116.12,Mixed,timer_il2_menten,0,0.05
1.0939282165633702e-07,116.13000000000001,Mixed,timer_il2_menten,0,0.05
1.0913059368379811e-07,116.14000000000001,Mixed,timer_il2_menten,0,0.05
1.088689943037801e-07,116.15000000000002,Mixed,timer_il2_menten,0,0.05
1.0860802200947052e-07,116.16000000000003,Mixed,timer_il2_menten,0,0.05
1.0834767529766876e-07,116.17000000000003,Mixed,timer_il2_menten,0,0.05
1.0808795266877556e-07,116.18000000000004,Mixed,timer_il2_menten,0,0.05
1.0782885262678866e-07,116.19000000000004,Mixed,timer_il2_menten,0,0.05
1.0757037367929109e-07,116.20000000000005,Mixed,timer_il2_menten,0,0.05
1.0731251433744325e-07,116.21000000000005,Mixed,timer_il2_menten,0,0.05
1.0705527311597476e-07,116.22000000000006,Mixed,timer_il2_menten,0,0.05
1.0679864853317542e-07,116.23000000000006,Mixed,timer_il2_menten,0,0.05
1.0654263911088685e-07,116.24000000000007,Mixed,timer_il2_menten,0,0.05
1.0628724337449424e-07,116.25000000000007,Mixed,timer_il2_menten,0,0.05
1.0603245985291732e-07,116.26000000000008,Mixed,timer_il2_menten,0,0.05
1.0577828707860232e-07,116.27000000000008,Mixed,timer_il2_menten,0,0.05
1.055247235875133e-07,116.28000000000009,Mixed,timer_il2_menten,0,0.05
1.0527176791912397e-07,116.29000000000009,Mixed,timer_il2_menten,0,0.05
1.0501941861640884e-07,116.3000000000001,Mixed,timer_il2_menten,0,0.05
1.0476767422583537e-07,116.3100000000001,Mixed,timer_il2_menten,0,0.05
1.0451653329735505e-07,116.3200000000001,Mixed,timer_il2_menten,0,0.05
1.0426599438439554e-07,116.33000000000011,Mixed,timer_il2_menten,0,0.05
1.040160560438519e-07,116.34000000000012,Mixed,timer_il2_menten,0,0.05
1.037667168360787e-07,116.35000000000012,Mixed,timer_il2_menten,0,0.05
1.0351797532488136e-07,116.36000000000013,Mixed,timer_il2_menten,0,0.05
1.0326983007750811e-07,116.37000000000013,Mixed,timer_il2_menten,0,0.05
1.030222796646416e-07,116.38000000000014,Mixed,timer_il2_menten,0,0.05
1.0277532266039085e-07,116.39000000000014,Mixed,timer_il2_menten,0,0.05
1.025289576422827e-07,116.40000000000015,Mixed,timer_il2_menten,0,0.05
1.0228318319125412e-07,116.41000000000015,Mixed,timer_il2_menten,0,0.05
1.0203799789164344e-07,116.42000000000016,Mixed,timer_il2_menten,0,0.05
1.0179340033118276e-07,116.43000000000016,Mixed,timer_il2_menten,0,0.05
1.0154938910098946e-07,116.44000000000017,Mixed,timer_il2_menten,0,0.05
1.0130596279555808e-07,116.45000000000017,Mixed,timer_il2_menten,0,0.05
1.0106312001275258e-07,116.46000000000018,Mixed,timer_il2_menten,0,0.05
1.0082085935379769e-07,116.47000000000018,Mixed,timer_il2_menten,0,0.05
1.0057917942327145e-07,116.48000000000019,Mixed,timer_il2_menten,0,0.05
1.0033807882909681e-07,116.4900000000002,Mixed,timer_il2_menten,0,0.05
1.0009755618253358e-07,116.5000000000002,Mixed,timer_il2_menten,0,0.05
9.985761009817076e-08,116.5100000000002,Mixed,timer_il2_menten,0,0.05
9.961823919391818e-08,116.52000000000021,Mixed,timer_il2_menten,0,0.05
9.937944209099874e-08,116.53000000000021,Mixed,timer_il2_menten,0,0.05
9.914121741394057e-08,116.54000000000022,Mixed,timer_il2_menten,0,0.05
9.890356379056879e-08,116.55000000000022,Mixed,timer_il2_menten,0,0.05
9.866647985199772e-08,116.56000000000023,Mixed,timer_il2_menten,0,0.05
9.842996423262353e-08,116.57000000000023,Mixed,timer_il2_menten,0,0.05
9.81940155701155e-08,116.58000000000024,Mixed,timer_il2_menten,0,0.05
9.795863250540847e-08,116.59000000000024,Mixed,timer_il2_menten,0,0.05
9.772381368269567e-08,116.60000000000025,Mixed,timer_il2_menten,0,0.05
9.748955774941983e-08,116.61000000000026,Mixed,timer_il2_menten,0,0.05
9.72558633562662e-08,116.62000000000026,Mixed,timer_il2_menten,0,0.05
9.702272915715424e-08,116.63000000000027,Mixed,timer_il2_menten,0,0.05
9.679015380923062e-08,116.64000000000027,Mixed,timer_il2_menten,0,0.05
9.655813597286054e-08,116.65000000000028,Mixed,timer_il2_menten,0,0.05
9.63266743116205e-08,116.66000000000028,Mixed,timer_il2_menten,0,0.05
9.609576749229095e-08,116.67000000000029,Mixed,timer_il2_menten,0,0.05
9.586541418484783e-08,116.68000000000029,Mixed,timer_il2_menten,0,0.05
9.563561306245536e-08,116.6900000000003,Mixed,timer_il2_menten,0,0.05
9.540636280145866e-08,116.7000000000003,Mixed,timer_il2_menten,0,0.05
9.517766208137546e-08,116.7100000000003,Mixed,timer_il2_menten,0,0.05
9.494950958488891e-08,116.72000000000031,Mixed,timer_il2_menten,0,0.05
9.472190399784019e-08,116.73000000000032,Mixed,timer_il2_menten,0,0.05
9.44948440092204e-08,116.74000000000032,Mixed,timer_il2_menten,0,0.05
9.42683283111632e-08,116.75000000000033,Mixed,timer_il2_menten,0,0.05
9.404235559893785e-08,116.76000000000033,Mixed,timer_il2_menten,0,0.05
9.381692457094077e-08,116.77000000000034,Mixed,timer_il2_menten,0,0.05
9.359203392868848e-08,116.78000000000034,Mixed,timer_il2_menten,0,0.05
9.336768237681047e-08,116.79000000000035,Mixed,timer_il2_menten,0,0.05
9.314386862304116e-08,116.80000000000035,Mixed,timer_il2_menten,0,0.05
9.292059137821267e-08,116.81000000000036,Mixed,timer_il2_menten,0,0.05
9.269784935624735e-08,116.82000000000036,Mixed,timer_il2_menten,0,0.05
9.247564127415063e-08,116.83000000000037,Mixed,timer_il2_menten,0,0.05
9.22539658520034e-08,116.84000000000037,Mixed,timer_il2_menten,0,0.05
9.203282181295448e-08,116.85000000000038,Mixed,timer_il2_menten,0,0.05
9.181220788321365e-08,116.86000000000038,Mixed,timer_il2_menten,0,0.05
9.159212279204413e-08,116.87000000000039,Mixed,timer_il2_menten,0,0.05
9.137256527175504e-08,116.8800000000004,Mixed,timer_il2_menten,0,0.05
9.115353405769456e-08,116.8900000000004,Mixed,timer_il2_menten,0,0.05
9.09350278882423e-08,116.9000000000004,Mixed,timer_il2_menten,0,0.05
9.07170455048021e-08,116.91000000000041,Mixed,timer_il2_menten,0,0.05
9.049958565179482e-08,116.92000000000041,Mixed,timer_il2_menten,0,0.05
9.028264707665106e-08,116.93000000000042,Mixed,timer_il2_menten,0,0.05
9.006622852980417e-08,116.94000000000042,Mixed,timer_il2_menten,0,0.05
8.985032876468255e-08,116.95000000000043,Mixed,timer_il2_menten,0,0.05
8.963494653770304e-08,116.96000000000043,Mixed,timer_il2_menten,0,0.05
8.942008060826349e-08,116.97000000000044,Mixed,timer_il2_menten,0,0.05
8.920572973873537e-08,116.98000000000044,Mixed,timer_il2_menten,0,0.05
8.899189269445722e-08,116.99000000000045,Mixed,timer_il2_menten,0,0.05
8.8778568243727e-08,117.00000000000045,Mixed,timer_il2_menten,0,0.05
8.856575515779541e-08,117.01000000000046,Mixed,timer_il2_menten,0,0.05
8.835345221085831e-08,117.02000000000046,Mixed,timer_il2_menten,0,0.05
8.814165818005025e-08,117.03000000000047,Mixed,timer_il2_menten,0,0.05
8.793037184543705e-08,117.04000000000048,Mixed,timer_il2_menten,0,0.05
8.771959199000873e-08,117.05000000000048,Mixed,timer_il2_menten,0,0.05
8.750931739967279e-08,117.06000000000049,Mixed,timer_il2_menten,0,0.05
8.729954686324697e-08,117.07000000000049,Mixed,timer_il2_menten,0,0.05
8.70902791724525e-08,117.0800000000005,Mixed,timer_il2_menten,0,0.05
8.688151312190686e-08,117.0900000000005,Mixed,timer_il2_menten,0,0.05
8.667324750911701e-08,117.1000000000005,Mixed,timer_il2_menten,0,0.05
8.646548113447238e-08,117.11000000000051,Mixed,timer_il2_menten,0,0.05
8.625821280123822e-08,117.12000000000052,Mixed,timer_il2_menten,0,0.05
8.605144131554827e-08,117.13000000000052,Mixed,timer_il2_menten,0,0.05
8.584516548639822e-08,117.14000000000053,Mixed,timer_il2_menten,0,0.05
8.563938412563866e-08,117.15000000000053,Mixed,timer_il2_menten,0,0.05
8.543409604796848e-08,117.16000000000054,Mixed,timer_il2_menten,0,0.05
8.522930007092776e-08,117.17000000000054,Mixed,timer_il2_menten,0,0.05
8.50249950148911e-08,117.18000000000055,Mixed,timer_il2_menten,0,0.05
8.482117970306074e-08,117.19000000000055,Mixed,timer_il2_menten,0,0.05
8.461785296146002e-08,117.20000000000056,Mixed,timer_il2_menten,0,0.05
8.441501361892634e-08,117.21000000000056,Mixed,timer_il2_menten,0,0.05
8.421266050710449e-08,117.22000000000057,Mixed,timer_il2_menten,0,0.05
8.401079246043992e-08,117.23000000000057,Mixed,timer_il2_menten,0,0.05
8.380940831617226e-08,117.24000000000058,Mixed,timer_il2_menten,0,0.05
8.360850691432823e-08,117.25000000000058,Mixed,timer_il2_menten,0,0.05
8.340808709771511e-08,117.26000000000059,Mixed,timer_il2_menten,0,0.05
8.320814771191435e-08,117.27000000000059,Mixed,timer_il2_menten,0,0.05
8.300868760527445e-08,117.2800000000006,Mixed,timer_il2_menten,0,0.05
8.280970562890468e-08,117.2900000000006,Mixed,timer_il2_menten,0,0.05
8.261120063666822e-08,117.30000000000061,Mixed,timer_il2_menten,0,0.05
8.241317148517589e-08,117.31000000000061,Mixed,timer_il2_menten,0,0.05
8.221561703377916e-08,117.32000000000062,Mixed,timer_il2_menten,0,0.05
8.201853614456388e-08,117.33000000000062,Mixed,timer_il2_menten,0,0.05
8.182192768234367e-08,117.34000000000063,Mixed,timer_il2_menten,0,0.05
8.162579051465301e-08,117.35000000000063,Mixed,timer_il2_menten,0,0.05
8.143012351174137e-08,117.36000000000064,Mixed,timer_il2_menten,0,0.05
8.123492554656632e-08,117.37000000000064,Mixed,timer_il2_menten,0,0.05
8.104019549478715e-08,117.38000000000065,Mixed,timer_il2_menten,0,0.05
8.084593223475796e-08,117.39000000000065,Mixed,timer_il2_menten,0,0.05
8.065213464752196e-08,117.40000000000066,Mixed,timer_il2_menten,0,0.05
8.04588016168045e-08,117.41000000000066,Mixed,timer_il2_menten,0,0.05
8.026593202900696e-08,117.42000000000067,Mixed,timer_il2_menten,0,0.05
8.00735247731997e-08,117.43000000000067,Mixed,timer_il2_menten,0,0.05
7.98815787411165e-08,117.44000000000068,Mixed,timer_il2_menten,0,0.05
7.96900928271477e-08,117.45000000000068,Mixed,timer_il2_menten,0,0.05
7.949906592833407e-08,117.46000000000069,Mixed,timer_il2_menten,0,0.05
7.930849694435985e-08,117.4700000000007,Mixed,timer_il2_menten,0,0.05
7.911838477754729e-08,117.4800000000007,Mixed,timer_il2_menten,0,0.05
7.89287283328498e-08,117.4900000000007,Mixed,timer_il2_menten,0,0.05
7.873952651784572e-08,117.50000000000071,Mixed,timer_il2_menten,0,0.05
7.855077824273224e-08,117.51000000000072,Mixed,timer_il2_menten,0,0.05
7.836248242031846e-08,117.52000000000072,Mixed,timer_il2_menten,0,0.05
7.817463796602009e-08,117.53000000000073,Mixed,timer_il2_menten,0,0.05
7.798724379785252e-08,117.54000000000073,Mixed,timer_il2_menten,0,0.05
7.780029883642502e-08,117.55000000000074,Mixed,timer_il2_menten,0,0.05
7.761380200493375e-08,117.56000000000074,Mixed,timer_il2_menten,0,0.05
7.742775222915663e-08,117.57000000000075,Mixed,timer_il2_menten,0,0.05
7.724214843744641e-08,117.58000000000075,Mixed,timer_il2_menten,0,0.05
7.705698956072487e-08,117.59000000000076,Mixed,timer_il2_menten,0,0.05
7.687227453247616e-08,117.60000000000076,Mixed,timer_il2_menten,0,0.05
7.668800228874129e-08,117.61000000000077,Mixed,timer_il2_menten,0,0.05
7.65041717681116e-08,117.62000000000077,Mixed,timer_il2_menten,0,0.05
7.632078191172292e-08,117.63000000000078,Mixed,timer_il2_menten,0,0.05
7.613783166324899e-08,117.64000000000078,Mixed,timer_il2_menten,0,0.05
7.595531996889599e-08,117.65000000000079,Mixed,timer_il2_menten,0,0.05
7.577324577739604e-08,117.66000000000079,Mixed,timer_il2_menten,0,0.05
7.559160804000129e-08,117.6700000000008,Mixed,timer_il2_menten,0,0.05
7.541040571047787e-08,117.6800000000008,Mixed,timer_il2_menten,0,0.05
7.522963774510002e-08,117.69000000000081,Mixed,timer_il2_menten,0,0.05
7.504930310264397e-08,117.70000000000081,Mixed,timer_il2_menten,0,0.05
7.486940074438156e-08,117.71000000000082,Mixed,timer_il2_menten,0,0.05
7.468992963407438e-08,117.72000000000082,Mixed,timer_il2_menten,0,0.05
7.451088873796786e-08,117.73000000000083,Mixed,timer_il2_menten,0,0.05
7.43322770247865e-08,117.74000000000083,Mixed,timer_il2_menten,0,0.05
7.415409346572689e-08,117.75000000000084,Mixed,timer_il2_menten,0,0.05
7.397633703445106e-08,117.76000000000084,Mixed,timer_il2_menten,0,0.05
7.379900670708104e-08,117.77000000000085,Mixed,timer_il2_menten,0,0.05
7.362210146219293e-08,117.78000000000085,Mixed,timer_il2_menten,0,0.05
7.344562028081255e-08,117.79000000000086,Mixed,timer_il2_menten,0,0.05
7.326956214640863e-08,117.80000000000086,Mixed,timer_il2_menten,0,0.05
7.309392604488568e-08,117.81000000000087,Mixed,timer_il2_menten,0,0.05
7.291871096457886e-08,117.82000000000087,Mixed,timer_il2_menten,0,0.05
7.274391589624809e-08,117.83000000000088,Mixed,timer_il2_menten,0,0.05
7.256953983307365e-08,117.84000000000088,Mixed,timer_il2_menten,0,0.05
7.239558177064979e-08,117.85000000000089,Mixed,timer_il2_menten,0,0.05
7.222204070697758e-08,117.8600000000009,Mixed,timer_il2_menten,0,0.05
7.204891564245961e-08,117.8700000000009,Mixed,timer_il2_menten,0,0.05
7.187620557989424e-08,117.8800000000009,Mixed,timer_il2_menten,0,0.05
7.170390952447134e-08,117.89000000000091,Mixed,timer_il2_menten,0,0.05
7.153202648376603e-08,117.90000000000092,Mixed,timer_il2_menten,0,0.05
7.136055546773149e-08,117.91000000000092,Mixed,timer_il2_menten,0,0.05
7.118949548869388e-08,117.92000000000093,Mixed,timer_il2_menten,0,0.05
7.101884556134655e-08,117.93000000000093,Mixed,timer_il2_menten,0,0.05
7.084860470274552e-08,117.94000000000094,Mixed,timer_il2_menten,0,0.05
7.067877193230452e-08,117.95000000000094,Mixed,timer_il2_menten,0,0.05
7.050934627178623e-08,117.96000000000095,Mixed,timer_il2_menten,0,0.05
7.034032674529804e-08,117.97000000000095,Mixed,timer_il2_menten,0,0.05
7.017171237928615e-08,117.98000000000096,Mixed,timer_il2_menten,0,0.05
7.000350220252999e-08,117.99000000000096,Mixed,timer_il2_menten,0,0.05
6.983569524613927e-08,118.00000000000097,Mixed,timer_il2_menten,0,0.05
6.966829054354715e-08,118.01000000000097,Mixed,timer_il2_menten,0,0.05
6.950128713050199e-08,118.02000000000098,Mixed,timer_il2_menten,0,0.05
6.933468404506331e-08,118.03000000000098,Mixed,timer_il2_menten,0,0.05
6.916848032759614e-08,118.04000000000099,Mixed,timer_il2_menten,0,0.05
6.900267502076532e-08,118.05000000000099,Mixed,timer_il2_menten,0,0.05
6.883726716953323e-08,118.060000000001,Mixed,timer_il2_menten,0,0.05
6.867225582115129e-08,118.070000000001,Mixed,timer_il2_menten,0,0.05
6.850764002515355e-08,118.08000000000101,Mixed,timer_il2_menten,0,0.05
6.834341883335211e-08,118.09000000000101,Mixed,timer_il2_menten,0,0.05
6.817959129983163e-08,118.10000000000102,Mixed,timer_il2_menten,0,0.05
6.801615648094384e-08,118.11000000000102,Mixed,timer_il2_menten,0,0.05
6.785311343530566e-08,118.12000000000103,Mixed,timer_il2_menten,0,0.05
6.769046122378936e-08,118.13000000000103,Mixed,timer_il2_menten,0,0.05
6.752819890951759e-08,118.14000000000104,Mixed,timer_il2_menten,0,0.05
6.736632555785849e-08,118.15000000000104,Mixed,timer_il2_menten,0,0.05
6.720484023642018e-08,118.16000000000105,Mixed,timer_il2_menten,0,0.05
6.704374201504584e-08,118.17000000000105,Mixed,timer_il2_menten,0,0.05
6.688302996581137e-08,118.18000000000106,Mixed,timer_il2_menten,0,0.05
6.672270316301532e-08,118.19000000000106,Mixed,timer_il2_menten,0,0.05
6.656276068317464e-08,118.20000000000107,Mixed,timer_il2_menten,0,0.05
6.640320160501964e-08,118.21000000000107,Mixed,timer_il2_menten,0,0.05
6.624402500948859e-08,118.22000000000108,Mixed,timer_il2_menten,0,0.05
6.608522997956697e-08,118.23000000000108,Mixed,timer_il2_menten,0,0.05
6.592681560101348e-08,118.24000000000109,Mixed,timer_il2_menten,0,0.05
6.576878096103697e-08,118.2500000000011,Mixed,timer_il2_menten,0,0.05
6.561112514939284e-08,118.2600000000011,Mixed,timer_il2_menten,0,0.05
6.545384725800155e-08,118.2700000000011,Mixed,timer_il2_menten,0,0.05
6.52969463809486e-08,118.28000000000111,Mixed,timer_il2_menten,0,0.05
6.514042161447402e-08,118.29000000000111,Mixed,timer_il2_menten,0,0.05
6.498427205697046e-08,118.30000000000112,Mixed,timer_il2_menten,0,0.05
6.482849680900694e-08,118.31000000000112,Mixed,timer_il2_menten,0,0.05
6.467309497331625e-08,118.32000000000113,Mixed,timer_il2_menten,0,0.05
6.451806565479495e-08,118.33000000000114,Mixed,timer_il2_menten,0,0.05
6.436340796050327e-08,118.34000000000114,Mixed,timer_il2_menten,0,0.05
6.420912099966527e-08,118.35000000000115,Mixed,timer_il2_menten,0,0.05
6.405520388364147e-08,118.36000000000115,Mixed,timer_il2_menten,0,0.05
6.390165572566054e-08,118.37000000000116,Mixed,timer_il2_menten,0,0.05
6.374847564121692e-08,118.38000000000116,Mixed,timer_il2_menten,0,0.05
6.359566274801199e-08,118.39000000000117,Mixed,timer_il2_menten,0,0.05
6.344321616589189e-08,118.40000000000117,Mixed,timer_il2_menten,0,0.05
6.329113501684759e-08,118.41000000000118,Mixed,timer_il2_menten,0,0.05
6.313941842501485e-08,118.42000000000118,Mixed,timer_il2_menten,0,0.05
6.29880655166743e-08,118.43000000000119,Mixed,timer_il2_menten,0,0.05
6.283707541995158e-08,118.44000000000119,Mixed,timer_il2_menten,0,0.05
6.268644726477432e-08,118.4500000000012,Mixed,timer_il2_menten,0,0.05
6.253618018352752e-08,118.4600000000012,Mixed,timer_il2_menten,0,0.05
6.238627331070886e-08,118.4700000000012,Mixed,timer_il2_menten,0,0.05
6.22367257829242e-08,118.48000000000121,Mixed,timer_il2_menten,0,0.05
6.208753673888754e-08,118.49000000000122,Mixed,timer_il2_menten,0,0.05
6.193870531942111e-08,118.50000000000122,Mixed,timer_il2_menten,0,0.05
6.179023066740112e-08,118.51000000000123,Mixed,timer_il2_menten,0,0.05
6.16421119272251e-08,118.52000000000123,Mixed,timer_il2_menten,0,0.05
6.149434824560103e-08,118.53000000000124,Mixed,timer_il2_menten,0,0.05
6.134693877143098e-08,118.54000000000124,Mixed,timer_il2_menten,0,0.05
6.119988265568762e-08,118.55000000000125,Mixed,timer_il2_menten,0,0.05
6.105317905141417e-08,118.56000000000125,Mixed,timer_il2_menten,0,0.05
6.090682711372444e-08,118.57000000000126,Mixed,timer_il2_menten,0,0.05
6.076082599980278e-08,118.58000000000126,Mixed,timer_il2_menten,0,0.05
6.061517486860194e-08,118.59000000000127,Mixed,timer_il2_menten,0,0.05
6.046987288079981e-08,118.60000000000127,Mixed,timer_il2_menten,0,0.05
6.032491919945976e-08,118.61000000000128,Mixed,timer_il2_menten,0,0.05
6.018031298968339e-08,118.62000000000128,Mixed,timer_il2_menten,0,0.05
6.003605341860599e-08,118.63000000000129,Mixed,timer_il2_menten,0,0.05
5.989213965539642e-08,118.6400000000013,Mixed,timer_il2_menten,0,0.05
5.97485708712572e-08,118.6500000000013,Mixed,timer_il2_menten,0,0.05
5.96053462393723e-08,118.6600000000013,Mixed,timer_il2_menten,0,0.05
5.946246493439297e-08,118.67000000000131,Mixed,timer_il2_menten,0,0.05
5.9319926133199326e-08,118.68000000000131,Mixed,timer_il2_menten,0,0.05
5.917772901478803e-08,118.69000000000132,Mixed,timer_il2_menten,0,0.05
5.903587276015312e-08,118.70000000000132,Mixed,timer_il2_menten,0,0.05
5.889435655228596e-08,118.71000000000133,Mixed,timer_il2_menten,0,0.05
5.8753179576175313e-08,118.72000000000133,Mixed,timer_il2_menten,0,0.05
5.8612341018807243e-08,118.73000000000134,Mixed,timer_il2_menten,0,0.05
5.84718400688737e-08,118.74000000000134,Mixed,timer_il2_menten,0,0.05
5.833167591673074e-08,118.75000000000135,Mixed,timer_il2_menten,0,0.05
5.819184775503554e-08,118.76000000000136,Mixed,timer_il2_menten,0,0.05
5.8052354778411496e-08,118.77000000000136,Mixed,timer_il2_menten,0,0.05
5.791319618344369e-08,118.78000000000137,Mixed,timer_il2_menten,0,0.05
5.7774371168678996e-08,118.79000000000137,Mixed,timer_il2_menten,0,0.05
5.763587893462592e-08,118.80000000000138,Mixed,timer_il2_menten,0,0.05
5.749771868370441e-08,118.81000000000138,Mixed,timer_il2_menten,0,0.05
5.735988961974982e-08,118.82000000000139,Mixed,timer_il2_menten,0,0.05
5.722239094874753e-08,118.83000000000139,Mixed,timer_il2_menten,0,0.05
5.7085221878724664e-08,118.8400000000014,Mixed,timer_il2_menten,0,0.05
5.6948381619635055e-08,118.8500000000014,Mixed,timer_il2_menten,0,0.05
5.681186938335926e-08,118.8600000000014,Mixed,timer_il2_menten,0,0.05
5.667568438370457e-08,118.87000000000141,Mixed,timer_il2_menten,0,0.05
5.6539825836405e-08,118.88000000000142,Mixed,timer_il2_menten,0,0.05
5.640429295884014e-08,118.89000000000142,Mixed,timer_il2_menten,0,0.05
5.62690849699948e-08,118.90000000000143,Mixed,timer_il2_menten,0,0.05
5.6134201091073564e-08,118.91000000000143,Mixed,timer_il2_menten,0,0.05
5.59996405451777e-08,118.92000000000144,Mixed,timer_il2_menten,0,0.05
5.586540255730082e-08,118.93000000000144,Mixed,timer_il2_menten,0,0.05
5.5731486354328924e-08,118.94000000000145,Mixed,timer_il2_menten,0,0.05
5.559789116504034e-08,118.95000000000145,Mixed,timer_il2_menten,0,0.05
5.546461622005716e-08,118.96000000000146,Mixed,timer_il2_menten,0,0.05
5.533166075136692e-08,118.97000000000146,Mixed,timer_il2_menten,0,0.05
5.519902399303114e-08,118.98000000000147,Mixed,timer_il2_menten,0,0.05
5.5066705181080836e-08,118.99000000000147,Mixed,timer_il2_menten,0,0.05
5.493470355340566e-08,119.00000000000148,Mixed,timer_il2_menten,0,0.05
5.480301834975384e-08,119.01000000000148,Mixed,timer_il2_menten,0,0.05
5.4671648811732196e-08,119.02000000000149,Mixed,timer_il2_menten,0,0.05
5.4540594182806195e-08,119.0300000000015,Mixed,timer_il2_menten,0,0.05
5.44098537080286e-08,119.0400000000015,Mixed,timer_il2_menten,0,0.05
5.4279426634000736e-08,119.0500000000015,Mixed,timer_il2_menten,0,0.05
5.4149312209465144e-08,119.06000000000151,Mixed,timer_il2_menten,0,0.05
5.401950968499402e-08,119.07000000000151,Mixed,timer_il2_menten,0,0.05
5.389001831298496e-08,119.08000000000152,Mixed,timer_il2_menten,0,0.05
5.376083734766105e-08,119.09000000000152,Mixed,timer_il2_menten,0,0.05
5.363196604507079e-08,119.10000000000153,Mixed,timer_il2_menten,0,0.05
5.350340366304124e-08,119.11000000000153,Mixed,timer_il2_menten,0,0.05
5.337514946071666e-08,119.12000000000154,Mixed,timer_il2_menten,0,0.05
5.324720269924189e-08,119.13000000000154,Mixed,timer_il2_menten,0,0.05
5.3119562641661704e-08,119.14000000000155,Mixed,timer_il2_menten,0,0.05
5.299222855281373e-08,119.15000000000155,Mixed,timer_il2_menten,0,0.05
5.2865199699328485e-08,119.16000000000156,Mixed,timer_il2_menten,0,0.05
5.273847534962935e-08,119.17000000000156,Mixed,timer_il2_menten,0,0.05
5.261205477393262e-08,119.18000000000157,Mixed,timer_il2_menten,0,0.05
5.2485937243985757e-08,119.19000000000158,Mixed,timer_il2_menten,0,0.05
5.2360122033030096e-08,119.20000000000158,Mixed,timer_il2_menten,0,0.05
5.223460841637237e-08,119.21000000000159,Mixed,timer_il2_menten,0,0.05
5.2109395671084336e-08,119.22000000000159,Mixed,timer_il2_menten,0,0.05
5.198448307599861e-08,119.2300000000016,Mixed,timer_il2_menten,0,0.05
5.1859869911708694e-08,119.2400000000016,Mixed,timer_il2_menten,0,0.05
5.173555546056903e-08,119.2500000000016,Mixed,timer_il2_menten,0,0.05
5.161153900664968e-08,119.26000000000161,Mixed,timer_il2_menten,0,0.05
5.1487819835291346e-08,119.27000000000162,Mixed,timer_il2_menten,0,0.05
5.1364397233764576e-08,119.28000000000162,Mixed,timer_il2_menten,0,0.05
5.124127049117266e-08,119.29000000000163,Mixed,timer_il2_menten,0,0.05
5.111843889834834e-08,119.30000000000163,Mixed,timer_il2_menten,0,0.05
5.0995901747853886e-08,119.31000000000164,Mixed,timer_il2_menten,0,0.05
5.0873658333981e-08,119.32000000000164,Mixed,timer_il2_menten,0,0.05
5.075170795275092e-08,119.33000000000165,Mixed,timer_il2_menten,0,0.05
5.063004990209699e-08,119.34000000000165,Mixed,timer_il2_menten,0,0.05
5.050868347984502e-08,119.35000000000166,Mixed,timer_il2_menten,0,0.05
5.0387607987728605e-08,119.36000000000166,Mixed,timer_il2_menten,0,0.05
5.0266822728327605e-08,119.37000000000167,Mixed,timer_il2_menten,0,0.05
5.01463270059395e-08,119.38000000000167,Mixed,timer_il2_menten,0,0.05
5.0026120126575335e-08,119.39000000000168,Mixed,timer_il2_menten,0,0.05
4.9906201397955506e-08,119.40000000000168,Mixed,timer_il2_menten,0,0.05
4.978657012937639e-08,119.41000000000169,Mixed,timer_il2_menten,0,0.05
4.966722563057324e-08,119.42000000000169,Mixed,timer_il2_menten,0,0.05
4.9548167213762375e-08,119.4300000000017,Mixed,timer_il2_menten,0,0.05
4.942939419315395e-08,119.4400000000017,Mixed,timer_il2_menten,0,0.05
4.931090588462689e-08,119.45000000000171,Mixed,timer_il2_menten,0,0.05
4.919270160572421e-08,119.46000000000171,Mixed,timer_il2_menten,0,0.05
4.907478067564843e-08,119.47000000000172,Mixed,timer_il2_menten,0,0.05
4.895714241525689e-08,119.48000000000172,Mixed,timer_il2_menten,0,0.05
4.8839786147057106e-08,119.49000000000173,Mixed,timer_il2_menten,0,0.05
4.872271119520212e-08,119.50000000000173,Mixed,timer_il2_menten,0,0.05
4.86059168854859e-08,119.51000000000174,Mixed,timer_il2_menten,0,0.05
4.84894025453386e-08,119.52000000000174,Mixed,timer_il2_menten,0,0.05
4.837316750382203e-08,119.53000000000175,Mixed,timer_il2_menten,0,0.05
4.825721109162488e-08,119.54000000000175,Mixed,timer_il2_menten,0,0.05
4.814153264105824e-08,119.55000000000176,Mixed,timer_il2_menten,0,0.05
4.8026131486050754e-08,119.56000000000176,Mixed,timer_il2_menten,0,0.05
4.791100696214416e-08,119.57000000000177,Mixed,timer_il2_menten,0,0.05
4.779615840648852e-08,119.58000000000177,Mixed,timer_il2_menten,0,0.05
4.768158515783762e-08,119.59000000000178,Mixed,timer_il2_menten,0,0.05
4.756728655654433e-08,119.60000000000178,Mixed,timer_il2_menten,0,0.05
4.745326194455594e-08,119.61000000000179,Mixed,timer_il2_menten,0,0.05
4.733951066540953e-08,119.6200000000018,Mixed,timer_il2_menten,0,0.05
4.722603206422732e-08,119.6300000000018,Mixed,timer_il2_menten,0,0.05
4.711282548771198e-08,119.6400000000018,Mixed,timer_il2_menten,0,0.05
4.699989028344447e-08,119.65000000000181,Mixed,timer_il2_menten,0,0.05
4.688722579988668e-08,119.66000000000182,Mixed,timer_il2_menten,0,0.05
4.677483138811775e-08,119.67000000000182,Mixed,timer_il2_menten,0,0.05
4.6662706400778514e-08,119.68000000000183,Mixed,timer_il2_menten,0,0.05
4.655085019204535e-08,119.69000000000183,Mixed,timer_il2_menten,0,0.05
4.643926211762499e-08,119.70000000000184,Mixed,timer_il2_menten,0,0.05
4.632794153474934e-08,119.71000000000184,Mixed,timer_il2_menten,0,0.05
4.621688780217019e-08,119.72000000000185,Mixed,timer_il2_menten,0,0.05
4.610610028015409e-08,119.73000000000185,Mixed,timer_il2_menten,0,0.05
4.5995578330477046e-08,119.74000000000186,Mixed,timer_il2_menten,0,0.05
4.5885321316419365e-08,119.75000000000186,Mixed,timer_il2_menten,0,0.05
4.5775328602760434e-08,119.76000000000187,Mixed,timer_il2_menten,0,0.05
4.566559955577349e-08,119.77000000000187,Mixed,timer_il2_menten,0,0.05
4.55561335432204e-08,119.78000000000188,Mixed,timer_il2_menten,0,0.05
4.5446929934346444e-08,119.79000000000188,Mixed,timer_il2_menten,0,0.05
4.5337988099875145e-08,119.80000000000189,Mixed,timer_il2_menten,0,0.05
4.5229307412002996e-08,119.81000000000189,Mixed,timer_il2_menten,0,0.05
4.5120887244394295e-08,119.8200000000019,Mixed,timer_il2_menten,0,0.05
4.501272697217587e-08,119.8300000000019,Mixed,timer_il2_menten,0,0.05
4.4904825971931944e-08,119.84000000000191,Mixed,timer_il2_menten,0,0.05
4.4797183621698846e-08,119.85000000000191,Mixed,timer_il2_menten,0,0.05
4.468979930095984e-08,119.86000000000192,Mixed,timer_il2_menten,0,0.05
4.4582672390639906e-08,119.87000000000192,Mixed,timer_il2_menten,0,0.05
4.4475802273315764e-08,119.88000000000193,Mixed,timer_il2_menten,0,0.05
4.436918833606526e-08,119.89000000000193,Mixed,timer_il2_menten,0,0.05
4.426282996576463e-08,119.90000000000194,Mixed,timer_il2_menten,0,0.05
4.4156726549800485e-08,119.91000000000194,Mixed,timer_il2_menten,0,0.05
4.405087747702407e-08,119.92000000000195,Mixed,timer_il2_menten,0,0.05
4.394528213774736e-08,119.93000000000195,Mixed,timer_il2_menten,0,0.05
4.383993992373909e-08,119.94000000000196,Mixed,timer_il2_menten,0,0.05
4.3734850228220924e-08,119.95000000000196,Mixed,timer_il2_menten,0,0.05
4.363001244586347e-08,119.96000000000197,Mixed,timer_il2_menten,0,0.05
4.3525425972782434e-08,119.97000000000197,Mixed,timer_il2_menten,0,0.05
4.342109020653465e-08,119.98000000000198,Mixed,timer_il2_menten,0,0.05
4.331700454611419e-08,119.99000000000198,Mixed,timer_il2_menten,0,0.05
4.321316839194846e-08,120.00000000000199,Mixed,timer_il2_menten,0,0.05
